1 0 0 0 4.207882 4.192613 0 0
2 0 0 0 5.415112 5.41958 0 0
2 1 0.585892 0.510792 0.421166 0.428625 0 0
3 0 0 0 6.153508 6.163002 0 0
3 1 0.906971 0.327239 1.019468 1.022882 0 0
3 2 0.759603 1.016852 1.145518 1.140146 0 0
4 0 0 0 2.471174 2.455704 0 0
4 1 -0.284662 -0.383262 0.851195 0.852698 0 0
4 2 0 0 1.927403 1.932121 0 0
4 3 0 0 1.734932 1.76368 0 0
5 0 0 0 5.404055 5.4142 0 0
5 1 0 0 2.114429 2.115729 0 0
5 2 0 0 2.823318 2.831841 0 0
5 3 0 0 4.189611 4.187486 0 0
5 4 -2.289169 -0.358049 1.24242 1.248223 0 0
6 0 0 0 201.876993 201.876996 0 0
6 1 0.069545 0.446234 0.888604 0.890683 0 0
6 2 -1.976173 2.027003 0.640062 0.573189 0 0
6 3 0 0 2.417169 2.428006 0 0
6 4 0 0 5.865471 5.874108 0 0
6 5 0 0 12.904021 12.895981 0 0
7 0 0 0 201.876993 201.876996 0 0
7 1 1.057968 0.988203 1.265483 1.257331 0 0
7 2 0.635375 0.786686 0.634454 0.624679 0 0
7 3 0 0 1.727278 1.708476 0 0
7 4 0 0 6.170695 6.160557 0 0
7 5 0 0 18.646705 18.647845 0 0
7 6 0.078542 0.774907 1.108426 1.106094 0 0
8 0 0 0 2.644597 2.6046 0 0
8 1 0 0 13.223912 13.231636 0 0
8 2 0 0 21.154272 21.146532 0 0
8 3 0 0 201.876993 201.876996 0 0
8 4 0 0 4.505597 4.500483 0 0
8 5 0 0 10.847945 10.856703 0 0
8 6 0 0 18.647288 18.647262 0 0
8 7 0 0 19.17047 19.164953 0 0
9 0 0 0 3.736991 3.723398 0 0
9 1 0.498634 0.83707 0.765828 0.742467 0 0
9 2 0.515297 0.448904 1.254624 1.224877 0 0
9 3 0 0 2.098827 2.112468 0 0
9 4 0 0 2.456969 2.461632 0 0
9 5 0 0 3.507385 3.506565 0 0
9 6 0 0 4.49107 4.483491 0 0
9 7 0 0 5.033901 5.044503 0 0
9 8 0 0 6.479957 6.494971 0 0
10 0 0 0 6.100597 6.120898 0 0
10 1 1.115042 1.084387 0.791298 0.784823 0 0
10 2 0 0 2.59338 2.600444 0 0
10 3 0 0 4.963311 4.966042 0 0
10 4 0 0 1.790471 1.806466 0 0
10 5 0 0 4.089401 4.087879 0 0
10 6 0 0 10.451015 10.444584 0 0
10 7 0 0 12.609268 12.626699 0 0
10 8 0 0 12.976197 12.968208 0 0
10 9 0 0 1.281177 1.287956 0 0
11 0 0 0 3.28363 3.24907 0 0
11 1 0.519041 0.371888 0.426711 0.431702 0 0
11 2 0.562662 0.087368 0.530247 0.54645 0 0
11 3 -0.492255 -0.133827 0.729271 0.735137 0 0
11 4 -1.89646 -0.726541 0.865706 0.859265 0 0
11 5 -1.587226 -1.042968 1.030716 1.018455 0 0
11 6 0 0 3.76436 3.771247 0 0
11 7 0 0 1.372212 1.384767 0 0
11 8 0 0 7.630587 7.623304 0 0
11 9 0 0 1.54788 1.556229 0 0
11 10 0 0 1.487442 1.493666 0 0
12 0 0 0 2.68428 2.678013 0 0
12 1 0.558667 0.621039 0.331119 0.330089 0 0
12 2 0.410687 0.358654 0.35084 0.347213 0 0
12 3 0.881458 0.681319 0.788548 0.790229 0 0
12 4 0.595908 0.347416 0.748599 0.740184 0 0
12 5 0.525836 -0.138289 1.251895 1.263329 0 0
12 6 0.176062 0.468073 1.061047 1.056593 0 0
12 7 0.93807 1.338851 0.834487 0.847704 0 0
12 8 0 0 7.096204 7.099266 0 0
12 9 0.756388 0.762037 0.530767 0.544695 0 0
12 10 1.172952 0.861696 0.758623 0.752353 0 0
12 11 0.101764 0.411617 0.380185 0.378115 0 0
13 0 0 0 3.881357 3.864574 0 0
13 1 0.857816 0.623028 0.637736 0.630327 0 0
13 2 0.426296 0.67115 0.843228 0.839259 0 0
13 3 0 0 1.389141 1.373983 0 0
13 4 0 0 1.775853 1.795018 0 0
13 5 0 0 1.824163 1.847513 0 0
13 6 0 0 4.656428 4.667112 0 0
13 7 0 0 2.331576 2.341128 0 0
13 8 0 0 9.389576 9.389557 0 0
13 9 1.356179 1.142645 0.883255 0.901885 0 0
13 10 0 0 1.667771 1.653334 0 0
13 11 0.568183 0.340865 0.784655 0.790346 0 0
13 12 1.224611 1.044166 0.368074 0.3771 0 0
14 0 0 0 4.513816 4.536903 0 0
14 1 0.647966 0.442672 1.03376 1.033098 0 0
14 2 0.429007 -1.145428 1.126513 1.123169 0 0
14 3 0 0 1.954596 1.96341 0 0
14 4 -0.2075 -1.659275 0.883749 0.899508 0 0
14 5 0.917818 1.076706 0.597871 0.602638 0 0
14 6 0 0 1.985981 2.001737 0 0
14 7 0 0 2.65608 2.665918 0 0
14 8 0 0 23.463939 23.473004 0 0
14 9 0 0 3.952056 3.939573 0 0
14 10 0 0 3.736881 3.734689 0 0
14 11 -0.68434 -0.538467 0.772761 0.776189 0 0
14 12 -0.260523 0.559433 0.902326 0.897814 0 0
14 13 0 0 2.23031 2.196079 0 0
15 0 0 0 4.054662 4.062692 0 0
15 1 0.928924 0.970209 0.441996 0.440739 0 0
15 2 0.398294 0.796899 0.446436 0.434133 0 0
15 3 0.6859 0.801617 1.056846 1.03578 0 0
15 4 -0.996822 0.619643 1.120744 1.123911 0 0
15 5 0 0 1.792163 1.751379 0 0
15 6 -0.604479 0.410944 0.845925 0.840771 0 0
15 7 0.832147 1.06568 0.877881 0.880358 0 0
15 8 0 0 13.317885 13.325538 0 0
15 9 0.838492 1.024369 0.881466 0.884771 0 0
15 10 0 0 1.471676 1.475898 0 0
15 11 0.346082 -0.178398 0.276502 0.286409 0 0
15 12 0.470702 0.530541 0.299883 0.299038 0 0
15 13 0.612552 0.862015 0.543919 0.541881 0 0
15 14 -0.209873 -0.489004 1.199367 1.186627 0 0
16 0 0 0 2.046911 2.023502 0 0
16 1 -0.042595 1.17249 0.362851 0.366663 0 0
16 2 -0.105948 0.841126 0.421489 0.423999 0 0
16 3 -0.478709 1.108888 0.730422 0.721126 0 0
16 4 -0.284356 0.826694 0.603561 0.612927 0 0
16 5 -0.505831 1.536109 0.726661 0.720558 0 0
16 6 -0.587641 -0.783663 0.793867 0.774336 0 0
16 7 -0.381761 0.867001 0.932979 0.929037 0 0
16 8 0 0 5.938468 5.937082 0 0
16 9 0.301852 1.507703 0.610483 0.621706 0 0
16 10 -0.099672 1.04452 0.862829 0.874728 0 0
16 11 0.157211 1.211474 0.367429 0.378811 0 0
16 12 0.190955 1.017687 0.298692 0.303698 0 0
16 13 -0.11482 1.079073 0.45881 0.467866 0 0
16 14 -0.001984 2.825885 0.520458 0.528647 0 0
16 15 -0.142779 1.052747 0.379502 0.385329 0 0
17 0 0 0 5.16705 5.168953 0 0
17 1 0.509186 0.473311 0.637098 0.630159 0 0
17 2 -0.364202 -0.237349 0.708955 0.696809 0 0
17 3 -0.61208 -0.243421 1.041358 1.031849 0 0
17 4 0.249255 0.266699 1.046443 1.039867 0 0
17 5 0 0 2.064374 2.039412 0 0
17 6 0 0 1.483896 1.473551 0 0
17 7 0 0 1.518359 1.504763 0 0
17 8 0 0 11.841146 11.827165 0 0
17 9 -0.154258 -0.438261 1.078655 1.07256 0 0
17 10 0 0 1.737661 1.737936 0 0
17 11 0.426887 0.073195 0.661348 0.656776 0 0
17 12 -0.080693 0.337603 0.460651 0.45327 0 0
17 13 0.134287 -0.521412 0.820375 0.807082 0 0
17 14 0 0 1.292729 1.293921 0 0
17 15 -0.210678 -0.538236 0.605203 0.60402 0 0
17 16 0.68958 0.423212 0.377057 0.37968 0 0
18 0 0 0 1.897218 1.883415 0 0
18 1 0.382991 1.277142 0.345435 0.347552 0 0
18 2 0.20318 0.932377 0.412249 0.403984 0 0
18 3 -0.12963 0.516975 0.735806 0.732037 0 0
18 4 0.566004 1.208027 0.79787 0.790857 0 0
18 5 0.401339 0.95909 1.216293 1.21004 0 0
18 6 -0.494631 0.416327 0.985292 0.981714 0 0
18 7 0.835805 1.123435 0.850941 0.84961 0 0
18 8 0 0 4.750421 4.756577 0 0
18 9 0.901083 1.193847 0.62017 0.619557 0 0
18 10 0.30948 1.35824 0.843524 0.842719 0 0
18 11 0.362841 0.715862 0.436548 0.434531 0 0
18 12 0.234178 0.812412 0.221587 0.223026 0 0
18 13 0.557958 1.081791 0.413549 0.409819 0 0
18 14 0.555674 0.942009 0.876519 0.877103 0 0
18 15 0.542035 0.943753 0.270535 0.278552 0 0
18 16 -0.962407 -1.013444 0.240105 0.244028 0 0
18 17 -0.22561 -0.322095 0.425415 0.454813 0 0
19 0 0 0 5.829928 5.834323 0 0
19 1 1.065289 0.632511 0.927061 0.931093 0 0
19 2 -1.953954 -3.0 0.199779 0.199958 0 0
19 3 0 0 2.076808 2.085667 0 0
19 4 0 0 2.76457 2.776927 0 0
19 5 0 0 3.922005 3.9091 0 0
19 6 0.535838 -1.91791 0.706933 0.721828 0 0
19 7 0 0 1.293889 1.290028 0 0
19 8 0 0 201.876993 201.876996 0 0
19 9 0 0 2.353407 2.376317 0 0
19 10 0 0 4.019521 4.017496 0 0
19 11 0.530002 0.290328 1.114838 1.09495 0 0
19 12 0.728046 0.885856 0.778303 0.779925 0 0
19 13 0 0 1.755752 1.764767 0 0
19 14 0 0 1.392638 1.401161 0 0
19 15 0.858808 0.923395 0.949074 0.95558 0 0
19 16 1.181493 -0.784578 0.854182 0.849206 0 0
19 17 0 0 1.353781 1.360377 0 0
19 18 1.356451 0.142129 0.852201 0.865212 0 0
