1 0 0 0 4.207882 4.192613 0 0
2 0 0 0 5.415112 5.41958 0 0
2 1 0.585892 0.510792 0.421166 0.428625 0 0
3 0 0 0 6.153508 6.163002 0 0
3 1 0.906971 0.327239 1.019468 1.022882 0 0
3 2 0.759603 1.016852 1.145518 1.140146 0 0
4 0 0 0 2.471174 2.455704 0 0
4 1 -0.284662 -0.383262 0.851195 0.852698 0 0
4 2 0 0 1.927403 1.932121 0 0
4 3 0 0 1.734932 1.76368 0 0
5 0 0 0 5.404055 5.4142 0 0
5 1 0 0 2.114429 2.115729 0 0
5 2 0 0 2.823318 2.831841 0 0
5 3 0 0 4.189611 4.187486 0 0
5 4 -2.289169 -0.358049 1.24242 1.248223 0 0
