1 0 -0.486791 -0.392546 0.337007 0.339678 0 0
2 0 0.297131 -0.754017 0.429415 0.442973 0 0
2 1 -0.085711 -0.084911 0.026123 0.026625 0 0
3 0 -0.347904 0.608443 0.56403 0.571537 0 0
3 1 0.111793 0.010936 0.052157 0.050362 0 0
3 2 0.109019 0.141235 0.045098 0.044843 0 0
4 0 0 0 1.469379 1.537935 0 0
4 1 -0.07897 -0.377482 0.12911 0.125489 0 0
4 2 0.217963 0.345337 0.133957 0.128897 0 0
4 3 -0.293653 -0.619079 0.24671 0.24798 0 0
5 0 0 0 2.208861 2.207716 0 0
5 1 0.091295 -0.388547 0.203676 0.200655 0 0
5 2 1.229631 -1.163475 0.249957 0.303079 0 0
5 3 -0.563298 -0.497045 0.349553 0.365932 0 0
5 4 -2.483363 -0.527167 0.889896 0.848769 0 0
6 0 0 0 1.323985 1.294992 0 0
6 1 -0.052878 -0.28474 0.036566 0.03762 0 0
6 2 -0.172368 -0.197496 0.027523 0.026909 0 0
6 3 0.426505 0.017708 0.062802 0.072054 0 0
6 4 1.16763 -0.206261 0.174475 0.208585 0 0
6 5 -3.0 1.810648 0.560145 0.390012 0 0
7 0 -1.448028 -0.703779 0.843075 0.866724 0 0
7 1 -0.056548 -0.174553 0.060909 0.059124 0 0
7 2 0.027147 -0.198667 0.047892 0.04454 0 0
7 3 -0.096904 0.137893 0.087853 0.087797 0 0
7 4 -0.420005 -0.465376 0.29358 0.291665 0 0
7 5 -1.115687 -1.342551 0.556066 0.518862 0 0
7 6 -0.534339 -0.359881 0.061183 0.052009 0 0
8 0 0 0 3.467679 3.465623 0 0
8 1 -0.953308 0.457239 0.743973 0.731114 0 0
8 2 -0.678972 0.896308 0.833468 0.806342 0 0
8 3 1.113166 -1.409174 1.210918 1.188312 0 0
8 4 0 0 2.906916 2.866916 0 0
8 5 0 0 4.596257 4.559898 0 0
8 6 0 0 4.402023 4.383259 0 0
8 7 0 0 1.494701 1.456034 0 0
9 0 -0.478141 -0.999729 0.611515 0.601249 0 0
9 1 -0.079975 0.100009 0.046731 0.047197 0 0
9 2 -0.1865 -0.052191 0.045971 0.047324 0 0
9 3 -0.307073 -0.283102 0.090729 0.091297 0 0
9 4 0.020396 0.586711 0.204683 0.217752 0 0
9 5 -0.835545 0.85031 0.3313 0.34183 0 0
9 6 0.516578 0.322165 0.078505 0.093261 0 0
9 7 -0.429028 0.009903 0.11115 0.110566 0 0
9 8 1.161541 -2.012839 1.224965 1.211487 0 0
10 0 1.724729 0.364648 1.019955 1.035933 0 0
10 1 -0.303686 -0.239393 0.098775 0.101521 0 0
10 2 0.196412 -0.100421 0.134949 0.137102 0 0
10 3 -0.297254 -1.281374 0.214914 0.224775 0 0
10 4 -1.790713 -0.768885 0.38435 0.386421 0 0
10 5 0.495054 -2.14596 0.579675 0.65902 0 0
10 6 -1.534356 -1.250886 0.24476 0.280461 0 0
10 7 -0.679636 -0.821268 0.297185 0.291706 0 0
10 8 0 0 1.819625 1.846479 0 0
10 9 0.339434 -0.09625 0.148429 0.145772 0 0
11 0 0.207426 -1.026645 0.279046 0.307191 0 0
11 1 -0.222482 -0.035837 0.056705 0.055778 0 0
11 2 0.075857 -0.104704 0.061169 0.055327 0 0
11 3 -0.165211 0.115844 0.109361 0.106195 0 0
11 4 0.712258 0.343448 0.215067 0.207352 0 0
11 5 -0.159232 -1.218219 0.416076 0.408064 0 0
11 6 0.335961 0.235899 0.204991 0.174822 0 0
11 7 0.336325 -0.207231 0.151823 0.139713 0 0
11 8 0.215949 0.960644 0.554632 0.613233 0 0
11 9 0.096747 -0.083277 0.111198 0.109523 0 0
11 10 -0.14915 0.368998 0.125808 0.131463 0 0
12 0 -0.174986 -0.622891 0.264273 0.269255 0 0
12 1 -0.027188 -0.035232 0.021862 0.022257 0 0
12 2 0.067486 -0.03089 0.020316 0.021249 0 0
12 3 0.048917 -0.052378 0.04051 0.041002 0 0
12 4 -0.152683 -0.329959 0.098363 0.09989 0 0
12 5 0.073865 1.219183 0.148982 0.155551 0 0
12 6 0.206137 -0.084703 0.033409 0.035987 0 0
12 7 5.4e-05 0.08444 0.048587 0.051306 0 0
12 8 0.255824 -1.087061 0.54364 0.559594 0 0
12 9 0.045501 -0.087537 0.031662 0.032754 0 0
12 10 -0.197882 -0.131465 0.073499 0.075147 0 0
12 11 0.096489 0.012157 0.046929 0.048086 0 0
13 0 0.14726 0.424788 0.390834 0.410994 0 0
13 1 -0.066135 -0.018687 0.040318 0.040799 0 0
13 2 0.090436 -0.060987 0.040296 0.039655 0 0
13 3 0.082203 -0.116124 0.072057 0.071203 0 0
13 4 -0.114975 0.294501 0.173585 0.172282 0 0
13 5 -0.010754 0.604309 0.239331 0.24287 0 0
13 6 0.284212 -0.129356 0.084565 0.083662 0 0
13 7 -0.002097 -0.216231 0.094551 0.090566 0 0
13 8 0.744948 0.140037 0.871411 0.891955 0 0
13 9 0.158409 -0.177398 0.061407 0.062563 0 0
13 10 -0.295013 0.111177 0.130194 0.140043 0 0
13 11 0.149016 0.032653 0.067392 0.065321 0 0
13 12 0.053842 -0.032755 0.029142 0.029128 0 0
14 0 -0.514812 0.662532 0.74542 0.749349 0 0
14 1 -0.0676 0.076616 0.092478 0.093629 0 0
14 2 -0.146007 -0.239793 0.085308 0.085807 0 0
14 3 0.477192 0.133461 0.137095 0.137764 0 0
14 4 0.644919 0.772284 0.457634 0.460829 0 0
14 5 -1.323987 -0.906847 0.504066 0.475284 0 0
14 6 -0.41442 -0.484443 0.134825 0.122074 0 0
14 7 0.384401 -0.277714 0.171107 0.184296 0 0
14 8 0 0 1.752614 1.799334 0 0
14 9 0.239125 0.249745 0.169237 0.1667 0 0
14 10 -0.503548 -0.259945 0.362408 0.35742 0 0
14 11 -0.308606 -0.268094 0.16186 0.170538 0 0
14 12 0.103466 0.111721 0.072814 0.071704 0 0
14 13 -0.195011 0.213969 0.116211 0.120022 0 0
15 0 -0.387928 -0.514903 0.371066 0.3846 0 0
15 1 -0.044898 -0.069742 0.029782 0.030604 0 0
15 2 -0.050281 0.13332 0.027758 0.029386 0 0
15 3 -0.070328 -0.119563 0.054558 0.054182 0 0
15 4 -0.021514 -0.298198 0.129802 0.137256 0 0
15 5 0.539023 0.504437 0.241517 0.234049 0 0
15 6 -0.271293 -0.139457 0.03663 0.040224 0 0
15 7 0.000814 -0.180983 0.059528 0.060054 0 0
15 8 0.966713 -0.519295 0.743931 0.784369 0 0
15 9 0.08011 -0.208872 0.048405 0.047744 0 0
15 10 0.134294 -0.208582 0.104517 0.106791 0 0
15 11 0.084923 -0.012703 0.057202 0.059392 0 0
15 12 -0.033807 -0.035538 0.022826 0.023236 0 0
15 13 -0.038916 -0.018581 0.041983 0.042651 0 0
15 14 -0.165433 -0.138643 0.098373 0.099205 0 0
16 0 -0.259848 -0.320468 0.200866 0.208058 0 0
16 1 -0.054147 -0.044292 0.019618 0.019748 0 0
16 2 0.016785 -0.044246 0.018366 0.018525 0 0
16 3 0.003777 -0.058202 0.034082 0.034871 0 0
16 4 -0.209032 0.067372 0.084718 0.084738 0 0
16 5 0.260767 0.202907 0.134265 0.132897 0 0
16 6 -0.026637 -0.296964 0.026977 0.027193 0 0
16 7 -0.106539 -0.141244 0.03877 0.039276 0 0
16 8 0.665543 -0.010087 0.449376 0.466478 0 0
16 9 -0.006623 -0.079071 0.029819 0.029394 0 0
16 10 -0.133172 -0.076892 0.068599 0.068227 0 0
16 11 0.040598 -0.101692 0.033871 0.034819 0 0
16 12 -0.001456 -0.020853 0.014709 0.014739 0 0
16 13 -0.033184 0.011021 0.026056 0.026294 0 0
16 14 -0.018987 -0.106367 0.058809 0.059289 0 0
16 15 -0.045135 -0.034004 0.020282 0.019977 0 0
17 0 -0.141304 -0.515556 0.388896 0.388344 0 0
17 1 0.038536 -0.032092 0.02854 0.028512 0 0
17 2 0.05245 -0.005875 0.026513 0.026981 0 0
17 3 -0.129985 -0.051302 0.047218 0.047509 0 0
17 4 -0.087784 0.297927 0.134471 0.137382 0 0
17 5 0.219969 0.490397 0.236961 0.241598 0 0
17 6 0.197715 0.122817 0.043472 0.043844 0 0
17 7 0.052919 0.138627 0.056358 0.057377 0 0
17 8 0.039044 0.52152 0.779235 0.781437 0 0
17 9 0.036493 0.081357 0.040912 0.041304 0 0
17 10 0.064613 0.159379 0.111054 0.11561 0 0
17 11 -0.145889 -0.030604 0.070791 0.073055 0 0
17 12 -0.011885 0.023538 0.02106 0.021391 0 0
17 13 -0.066174 0.057676 0.039181 0.039636 0 0
17 14 0.035616 0.192407 0.089639 0.089579 0 0
17 15 -0.054684 -0.001141 0.028772 0.029124 0 0
17 16 0.012495 -0.013675 0.018961 0.018746 0 0
18 0 0.294365 -0.06702 0.290823 0.291851 0 0
18 1 -0.037326 -0.028686 0.021992 0.02269 0 0
18 2 -0.059109 -0.100071 0.021083 0.021097 0 0
18 3 -0.050284 -0.015236 0.040082 0.038937 0 0
18 4 -0.293081 0.05738 0.102507 0.102345 0 0
18 5 0.312939 -0.20672 0.143807 0.143284 0 0
18 6 0.050253 -0.29728 0.034633 0.03804 0 0
18 7 0.082514 -0.200031 0.048325 0.046938 0 0
18 8 0.343126 -1.368132 0.562523 0.590061 0 0
18 9 0.081849 -0.042074 0.033205 0.034471 0 0
18 10 -0.01238 -0.160435 0.07901 0.078772 0 0
18 11 0.063129 0.077007 0.045936 0.04711 0 0
18 12 0.001638 -0.041976 0.015977 0.016273 0 0
18 13 0.02479 0.07697 0.030474 0.029973 0 0
18 14 0.005482 0.31295 0.072399 0.072429 0 0
18 15 -0.074569 -0.073947 0.021901 0.02207 0 0
18 16 0.018604 -0.003891 0.014833 0.014876 0 0
18 17 -0.043492 -0.027604 0.020369 0.020685 0 0
19 0 -0.314276 -0.749118 0.80772 0.816557 0 0
19 1 0.08436 -0.045102 0.053759 0.053368 0 0
19 2 -0.312397 -0.195917 0.035932 0.037662 0 0
19 3 0.220685 0.166522 0.090086 0.091893 0 0
19 4 0.359049 -0.083075 0.256653 0.265239 0 0
19 5 -2.309725 1.395933 0.549163 0.476165 0 0
19 6 -0.181907 -0.253505 0.049578 0.047923 0 0
19 7 -0.16688 -0.134986 0.085615 0.090947 0 0
19 8 0 0 1.696126 1.727503 0 0
19 9 -0.109289 0.065534 0.099036 0.097062 0 0
19 10 -0.39989 -0.352139 0.27043 0.261652 0 0
19 11 0.207064 0.112941 0.130508 0.139939 0 0
19 12 -0.040935 0.115469 0.042769 0.041471 0 0
19 13 -0.157379 -0.005117 0.080091 0.081043 0 0
19 14 0.026668 0.260502 0.174182 0.175689 0 0
19 15 -0.15106 0.055612 0.055085 0.056604 0 0
19 16 -0.066338 0.012045 0.036336 0.037046 0 0
19 17 0.034904 0.037447 0.053881 0.053431 0 0
19 18 -0.026418 -0.097472 0.043278 0.041077 0 0
20 0 0.153026 0.223304 0.066603 0.068573 0 0
20 1 -0.014619 0.001087 0.00578 0.005853 0 0
20 2 -0.029402 0.01451 0.005372 0.005526 0 0
20 3 -0.01756 0.032116 0.009817 0.00983 0 0
20 4 0.049405 0.117737 0.028342 0.028149 0 0
20 5 -0.050526 0.170357 0.036689 0.038902 0 0
20 6 -0.076882 -0.045227 0.009028 0.009429 0 0
20 7 0.003232 -0.038581 0.011945 0.011746 0 0
20 8 0.261839 0.360129 0.132522 0.137847 0 0
20 9 -0.006166 -0.040266 0.008825 0.008863 0 0
20 10 -0.033507 -0.017688 0.021731 0.021652 0 0
20 11 0.050016 0.030147 0.011108 0.011689 0 0
20 12 0.001679 0.015341 0.004281 0.004342 0 0
20 13 -0.02406 0.012832 0.007648 0.007686 0 0
20 14 0.031286 0.059768 0.017048 0.016911 0 0
20 15 0.008381 -0.023114 0.006045 0.006025 0 0
20 16 0.002103 0.004352 0.003819 0.00382 0 0
20 17 0.010812 0.002066 0.005407 0.005413 0 0
20 18 0.029762 0.001074 0.004294 0.004243 0 0
20 19 -0.017632 0.045455 0.010894 0.011261 0 0
