1 0 0 0 4.207882 4.192613 0 0
2 0 0 0 5.415112 5.41958 0 0
2 1 0.585892 0.510792 0.421166 0.428625 0 0
3 0 0 0 6.153508 6.163002 0 0
3 1 0.906971 0.327239 1.019468 1.022882 0 0
3 2 0.759603 1.016852 1.145518 1.140146 0 0
4 0 0 0 2.471174 2.455704 0 0
4 1 -0.284662 -0.383262 0.851195 0.852698 0 0
4 2 0 0 1.927403 1.932121 0 0
4 3 0 0 1.734932 1.76368 0 0
5 0 0 0 5.404055 5.4142 0 0
5 1 0 0 2.114429 2.115729 0 0
5 2 0 0 2.823318 2.831841 0 0
5 3 0 0 4.189611 4.187486 0 0
5 4 -2.289169 -0.358049 1.24242 1.248223 0 0
6 0 0 0 201.876993 201.876996 0 0
6 1 0.069545 0.446234 0.888604 0.890683 0 0
6 2 -1.976173 2.027003 0.640062 0.573189 0 0
6 3 0 0 2.417169 2.428006 0 0
6 4 0 0 5.865471 5.874108 0 0
6 5 0 0 12.904021 12.895981 0 0
7 0 0 0 201.876993 201.876996 0 0
7 1 1.057968 0.988203 1.265483 1.257331 0 0
7 2 0.635375 0.786686 0.634454 0.624679 0 0
7 3 0 0 1.727278 1.708476 0 0
7 4 0 0 6.170695 6.160557 0 0
7 5 0 0 18.646705 18.647845 0 0
7 6 0.078542 0.774907 1.108426 1.106094 0 0
8 0 0 0 2.644597 2.6046 0 0
8 1 0 0 13.223912 13.231636 0 0
8 2 0 0 21.154272 21.146532 0 0
8 3 0 0 201.876993 201.876996 0 0
8 4 0 0 4.505597 4.500483 0 0
8 5 0 0 10.847945 10.856703 0 0
8 6 0 0 18.647288 18.647262 0 0
8 7 0 0 19.17047 19.164953 0 0
9 0 0 0 3.736991 3.723398 0 0
9 1 0.498634 0.83707 0.765828 0.742467 0 0
9 2 0.515297 0.448904 1.254624 1.224877 0 0
9 3 0 0 2.098827 2.112468 0 0
9 4 0 0 2.456969 2.461632 0 0
9 5 0 0 3.507385 3.506565 0 0
9 6 0 0 4.49107 4.483491 0 0
9 7 0 0 5.033901 5.044503 0 0
9 8 0 0 6.479957 6.494971 0 0
10 0 0 0 6.100597 6.120898 0 0
10 1 1.115042 1.084387 0.791298 0.784823 0 0
10 2 0 0 2.59338 2.600444 0 0
10 3 0 0 4.963311 4.966042 0 0
10 4 0 0 1.790471 1.806466 0 0
10 5 0 0 4.089401 4.087879 0 0
10 6 0 0 10.451015 10.444584 0 0
10 7 0 0 12.609268 12.626699 0 0
10 8 0 0 12.976197 12.968208 0 0
10 9 0 0 1.281177 1.287956 0 0
11 0 0 0 3.28363 3.24907 0 0
11 1 0.519041 0.371888 0.426711 0.431702 0 0
11 2 0.562662 0.087368 0.530247 0.54645 0 0
11 3 -0.492255 -0.133827 0.729271 0.735137 0 0
11 4 -1.89646 -0.726541 0.865706 0.859265 0 0
11 5 -1.587226 -1.042968 1.030716 1.018455 0 0
11 6 0 0 3.76436 3.771247 0 0
11 7 0 0 1.372212 1.384767 0 0
11 8 0 0 7.630587 7.623304 0 0
11 9 0 0 1.54788 1.556229 0 0
11 10 0 0 1.487442 1.493666 0 0
12 0 0 0 2.68428 2.678013 0 0
12 1 0.558667 0.621039 0.331119 0.330089 0 0
12 2 0.410687 0.358654 0.35084 0.347213 0 0
12 3 0.881458 0.681319 0.788548 0.790229 0 0
12 4 0.595908 0.347416 0.748599 0.740184 0 0
12 5 0.525836 -0.138289 1.251895 1.263329 0 0
12 6 0.176062 0.468073 1.061047 1.056593 0 0
12 7 0.93807 1.338851 0.834487 0.847704 0 0
12 8 0 0 7.096204 7.099266 0 0
12 9 0.756388 0.762037 0.530767 0.544695 0 0
12 10 1.172952 0.861696 0.758623 0.752353 0 0
12 11 0.101764 0.411617 0.380185 0.378115 0 0
13 0 0 0 3.881357 3.864574 0 0
13 1 0.857816 0.623028 0.637736 0.630327 0 0
13 2 0.426296 0.67115 0.843228 0.839259 0 0
13 3 0 0 1.389141 1.373983 0 0
13 4 0 0 1.775853 1.795018 0 0
13 5 0 0 1.824163 1.847513 0 0
13 6 0 0 4.656428 4.667112 0 0
13 7 0 0 2.331576 2.341128 0 0
13 8 0 0 9.389576 9.389557 0 0
13 9 1.356179 1.142645 0.883255 0.901885 0 0
13 10 0 0 1.667771 1.653334 0 0
13 11 0.568183 0.340865 0.784655 0.790346 0 0
13 12 1.224611 1.044166 0.368074 0.3771 0 0
14 0 0 0 4.513816 4.536903 0 0
14 1 0.647966 0.442672 1.03376 1.033098 0 0
14 2 0.429007 -1.145428 1.126513 1.123169 0 0
14 3 0 0 1.954596 1.96341 0 0
14 4 -0.2075 -1.659275 0.883749 0.899508 0 0
14 5 0.917818 1.076706 0.597871 0.602638 0 0
14 6 0 0 1.985981 2.001737 0 0
14 7 0 0 2.65608 2.665918 0 0
14 8 0 0 23.463939 23.473004 0 0
14 9 0 0 3.952056 3.939573 0 0
14 10 0 0 3.736881 3.734689 0 0
14 11 -0.68434 -0.538467 0.772761 0.776189 0 0
14 12 -0.260523 0.559433 0.902326 0.897814 0 0
14 13 0 0 2.23031 2.196079 0 0
15 0 0 0 4.054662 4.062692 0 0
15 1 0.928924 0.970209 0.441996 0.440739 0 0
15 2 0.398294 0.796899 0.446436 0.434133 0 0
15 3 0.6859 0.801617 1.056846 1.03578 0 0
15 4 -0.996822 0.619643 1.120744 1.123911 0 0
15 5 0 0 1.792163 1.751379 0 0
15 6 -0.604479 0.410944 0.845925 0.840771 0 0
15 7 0.832147 1.06568 0.877881 0.880358 0 0
15 8 0 0 13.317885 13.325538 0 0
15 9 0.838492 1.024369 0.881466 0.884771 0 0
15 10 0 0 1.471676 1.475898 0 0
15 11 0.346082 -0.178398 0.276502 0.286409 0 0
15 12 0.470702 0.530541 0.299883 0.299038 0 0
15 13 0.612552 0.862015 0.543919 0.541881 0 0
15 14 -0.209873 -0.489004 1.199367 1.186627 0 0
16 0 0 0 2.046911 2.023502 0 0
16 1 -0.042595 1.17249 0.362851 0.366663 0 0
16 2 -0.105948 0.841126 0.421489 0.423999 0 0
16 3 -0.478709 1.108888 0.730422 0.721126 0 0
16 4 -0.284356 0.826694 0.603561 0.612927 0 0
16 5 -0.505831 1.536109 0.726661 0.720558 0 0
16 6 -0.587641 -0.783663 0.793867 0.774336 0 0
16 7 -0.381761 0.867001 0.932979 0.929037 0 0
16 8 0 0 5.938468 5.937082 0 0
16 9 0.301852 1.507703 0.610483 0.621706 0 0
16 10 -0.099672 1.04452 0.862829 0.874728 0 0
16 11 0.157211 1.211474 0.367429 0.378811 0 0
16 12 0.190955 1.017687 0.298692 0.303698 0 0
16 13 -0.11482 1.079073 0.45881 0.467866 0 0
16 14 -0.001984 2.825885 0.520458 0.528647 0 0
16 15 -0.142779 1.052747 0.379502 0.385329 0 0
17 0 0 0 5.16705 5.168953 0 0
17 1 0.509186 0.473311 0.637098 0.630159 0 0
17 2 -0.364202 -0.237349 0.708955 0.696809 0 0
17 3 -0.61208 -0.243421 1.041358 1.031849 0 0
17 4 0.249255 0.266699 1.046443 1.039867 0 0
17 5 0 0 2.064374 2.039412 0 0
17 6 0 0 1.483896 1.473551 0 0
17 7 0 0 1.518359 1.504763 0 0
17 8 0 0 11.841146 11.827165 0 0
17 9 -0.154258 -0.438261 1.078655 1.07256 0 0
17 10 0 0 1.737661 1.737936 0 0
17 11 0.426887 0.073195 0.661348 0.656776 0 0
17 12 -0.080693 0.337603 0.460651 0.45327 0 0
17 13 0.134287 -0.521412 0.820375 0.807082 0 0
17 14 0 0 1.292729 1.293921 0 0
17 15 -0.210678 -0.538236 0.605203 0.60402 0 0
17 16 0.68958 0.423212 0.377057 0.37968 0 0
18 0 0 0 1.897218 1.883415 0 0
18 1 0.382991 1.277142 0.345435 0.347552 0 0
18 2 0.20318 0.932377 0.412249 0.403984 0 0
18 3 -0.12963 0.516975 0.735806 0.732037 0 0
18 4 0.566004 1.208027 0.79787 0.790857 0 0
18 5 0.401339 0.95909 1.216293 1.21004 0 0
18 6 -0.494631 0.416327 0.985292 0.981714 0 0
18 7 0.835805 1.123435 0.850941 0.84961 0 0
18 8 0 0 4.750421 4.756577 0 0
18 9 0.901083 1.193847 0.62017 0.619557 0 0
18 10 0.30948 1.35824 0.843524 0.842719 0 0
18 11 0.362841 0.715862 0.436548 0.434531 0 0
18 12 0.234178 0.812412 0.221587 0.223026 0 0
18 13 0.557958 1.081791 0.413549 0.409819 0 0
18 14 0.555674 0.942009 0.876519 0.877103 0 0
18 15 0.542035 0.943753 0.270535 0.278552 0 0
18 16 -0.962407 -1.013444 0.240105 0.244028 0 0
18 17 -0.22561 -0.322095 0.425415 0.454813 0 0
19 0 0 0 5.829928 5.834323 0 0
19 1 1.065289 0.632511 0.927061 0.931093 0 0
19 2 -1.953954 -3.0 0.199779 0.199958 0 0
19 3 0 0 2.076808 2.085667 0 0
19 4 0 0 2.76457 2.776927 0 0
19 5 0 0 3.922005 3.9091 0 0
19 6 0.535838 -1.91791 0.706933 0.721828 0 0
19 7 0 0 1.293889 1.290028 0 0
19 8 0 0 201.876993 201.876996 0 0
19 9 0 0 2.353407 2.376317 0 0
19 10 0 0 4.019521 4.017496 0 0
19 11 0.530002 0.290328 1.114838 1.09495 0 0
19 12 0.728046 0.885856 0.778303 0.779925 0 0
19 13 0 0 1.755752 1.764767 0 0
19 14 0 0 1.392638 1.401161 0 0
19 15 0.858808 0.923395 0.949074 0.95558 0 0
19 16 1.181493 -0.784578 0.854182 0.849206 0 0
19 17 0 0 1.353781 1.360377 0 0
19 18 1.356451 0.142129 0.852201 0.865212 0 0
20 0 0.707656 0.737753 0.650057 0.64243 0 0
20 1 -0.091654 -0.325082 0.100823 0.100571 0 0
20 2 -0.275814 -1.789961 0.102946 0.089832 0 0
20 3 0.039295 0.587211 0.187944 0.19278 0 0
20 4 -0.005272 0.536589 0.184422 0.188279 0 0
20 5 -0.167998 -0.412093 0.260619 0.260369 0 0
20 6 -0.002998 -0.588764 0.277799 0.273209 0 0
20 7 0.135411 0.314035 0.291855 0.291357 0 0
20 8 0 0 1.476879 1.475758 0 0
20 9 0.100588 0.381281 0.199736 0.20164 0 0
20 10 0.104971 0.377345 0.277006 0.27642 0 0
20 11 -0.09598 -0.419282 0.095214 0.094179 0 0
20 12 -0.032751 -0.259639 0.072426 0.072933 0 0
20 13 -0.156535 -0.153691 0.120074 0.120133 0 0
20 14 0.319516 0.877189 0.190642 0.199909 0 0
20 15 -0.087426 -0.424281 0.100015 0.098123 0 0
20 16 0.397404 -1.123039 0.072178 0.07186 0 0
20 17 -0.030236 -0.302897 0.118798 0.12202 0 0
20 18 0.260733 -0.191178 0.072021 0.071525 0 0
20 19 -0.713309 -0.83704 0.247499 0.242682 0 0
21 0 1.017454 0.823734 0.652586 0.650792 0 0
21 1 -0.192032 -0.353741 0.105964 0.105936 0 0
21 2 0.335419 0.681326 0.148229 0.148703 0 0
21 3 -0.167816 -0.134812 0.198316 0.197037 0 0
21 4 0.102151 0.65701 0.20577 0.207804 0 0
21 5 0.65719 0.888298 0.331873 0.333789 0 0
21 6 -0.190042 0.426618 0.337635 0.3364 0 0
21 7 0.260449 0.621062 0.324521 0.331063 0 0
21 8 0 0 1.607789 1.614946 0 0
21 9 0.310437 0.163001 0.189496 0.193444 0 0
21 10 0.216559 0.233142 0.299563 0.30347 0 0
21 11 -0.179122 -0.327001 0.110997 0.109018 0 0
21 12 -0.14887 -0.271607 0.074019 0.074911 0 0
21 13 -0.062624 0.126272 0.12651 0.131354 0 0
21 14 0.062424 0.308227 0.242818 0.244102 0 0
21 15 -0.102518 -0.145601 0.104132 0.10741 0 0
21 16 0.35405 -0.586483 0.089116 0.087676 0 0
21 17 -0.242788 -0.06655 0.13801 0.145043 0 0
21 18 0.177408 -0.189645 0.076289 0.077506 0 0
21 19 -0.188466 0.079487 0.264287 0.263753 0 0
21 20 -0.3643 -0.366403 0.021663 0.021526 0 0
22 0 0 0 1.724302 1.744173 0 0
22 1 -0.140262 0.356825 0.163245 0.169725 0 0
22 2 0.289411 0.762888 0.203925 0.205009 0 0
22 3 -0.385728 0.587289 0.237176 0.243098 0 0
22 4 -0.304207 0.34189 0.195884 0.195645 0 0
22 5 -1.066104 0.615314 0.348563 0.348102 0 0
22 6 0.332269 0.649584 0.359824 0.358874 0 0
22 7 -0.009752 -0.629743 0.416972 0.432232 0 0
22 8 0 0 4.594718 4.592255 0 0
22 9 -0.321591 -0.185723 0.363771 0.371682 0 0
22 10 -0.319677 0.330182 0.627992 0.631664 0 0
22 11 -0.468092 0.411648 0.124588 0.128924 0 0
22 12 -0.38268 0.236916 0.116428 0.121697 0 0
22 13 -0.292872 0.662195 0.241949 0.255683 0 0
22 14 -0.205804 0.91674 0.229566 0.232639 0 0
22 15 -0.235715 0.337645 0.177543 0.185578 0 0
22 16 -0.303179 -0.455869 0.08683 0.089434 0 0
22 17 -0.156857 -0.27129 0.160649 0.173082 0 0
22 18 -0.221504 -0.161883 0.085594 0.092163 0 0
22 19 -0.468359 0.563085 0.341267 0.34301 0 0
22 20 -0.363384 0.127501 0.024896 0.024303 0 0
22 21 -0.478048 0.144419 0.033394 0.033806 0 0
23 0 0.678836 0.309251 0.714286 0.718052 0 0
23 1 -0.27181 -0.415558 0.130493 0.134514 0 0
23 2 0.645073 1.323473 0.188732 0.195117 0 0
23 3 -0.127087 -0.350702 0.232925 0.232716 0 0
23 4 -0.210445 0.245078 0.278044 0.279869 0 0
23 5 0.428493 1.113409 0.420276 0.42465 0 0
23 6 0.155435 0.877212 0.430208 0.431374 0 0
23 7 0.015383 0.226348 0.382712 0.388711 0 0
23 8 0 0 1.764008 1.762247 0 0
23 9 0.223354 0.10214 0.254695 0.258891 0 0
23 10 0.075848 -0.157499 0.368576 0.370508 0 0
23 11 -0.147915 -0.387769 0.131992 0.134297 0 0
23 12 -0.066183 -0.432622 0.096845 0.098281 0 0
23 13 -0.181955 -0.23572 0.159657 0.16216 0 0
23 14 -0.0414 0.395497 0.323968 0.325506 0 0
23 15 -0.034189 -0.367837 0.13775 0.141706 0 0
23 16 0.368207 -1.280704 0.093142 0.092583 0 0
23 17 0.057387 -0.402518 0.167655 0.174299 0 0
23 18 0.328676 -0.413448 0.089405 0.090769 0 0
23 19 -0.091113 -0.455174 0.297027 0.294135 0 0
23 20 -0.453165 -0.531506 0.023206 0.021569 0 0
23 21 -0.453358 -0.831562 0.026777 0.027046 0 0
23 22 -0.293033 -0.611518 0.030304 0.031528 0 0
24 0 0 0 1.537107 1.529652 0 0
24 1 -0.08029 0.507953 0.224281 0.231069 0 0
24 2 0.361899 0.732073 0.292738 0.291538 0 0
24 3 -0.22157 0.465969 0.346375 0.351767 0 0
24 4 -0.276128 0.394475 0.268105 0.266834 0 0
24 5 -0.559763 0.780807 0.480792 0.478411 0 0
24 6 -0.019286 0.833034 0.604819 0.607753 0 0
24 7 0.426574 1.140385 0.749415 0.755471 0 0
24 8 0 0 3.546225 3.528558 0 0
24 9 0.496809 -0.09084 0.489696 0.489132 0 0
24 10 -0.058011 1.096821 0.713197 0.70919 0 0
24 11 -0.333247 0.064535 0.17742 0.180639 0 0
24 12 -0.371794 -0.404133 0.14971 0.151926 0 0
24 13 -0.316919 0.145466 0.266918 0.274247 0 0
24 14 -0.245678 0.752651 0.335578 0.33631 0 0
24 15 0.002904 0.280728 0.24232 0.248361 0 0
24 16 -0.369996 -0.587768 0.123506 0.126993 0 0
24 17 -0.509402 -0.13091 0.236091 0.249888 0 0
24 18 -0.182422 -0.301194 0.120924 0.128543 0 0
24 19 -0.187256 0.73932 0.512012 0.513256 0 0
24 20 -0.628764 -0.104604 0.032631 0.032537 0 0
24 21 -0.564715 -0.166171 0.04353 0.043639 0 0
24 22 -0.16905 -0.210149 0.032394 0.034384 0 0
24 23 -0.829474 -0.259451 0.041177 0.042021 0 0
25 0 0 0 5.533016 5.535897 0 0
25 1 -0.086549 0.171116 0.397883 0.405997 0 0
25 2 0.286573 0.284804 0.486834 0.482916 0 0
25 3 -0.80462 -0.022398 0.650527 0.657059 0 0
25 4 0.61548 0.705619 0.360106 0.356791 0 0
25 5 0.460919 -0.10286 0.627861 0.630834 0 0
25 6 -1.672003 -0.030939 1.212419 1.202865 0 0
25 7 0.447567 0.699814 1.022295 1.03074 0 0
25 8 0 0 12.965744 12.957748 0 0
25 9 0.638779 1.028066 1.119835 1.118311 0 0
25 10 0 0 1.577988 1.574951 0 0
25 11 -0.309637 -0.671939 0.335389 0.337564 0 0
25 12 0.270512 0.286734 0.319909 0.326438 0 0
25 13 0.640735 -0.311592 0.60571 0.613859 0 0
25 14 -0.539825 -0.166704 0.454206 0.451274 0 0
25 15 0.515022 0.094153 0.405853 0.414622 0 0
25 16 0.451364 -0.348891 0.301926 0.299157 0 0
25 17 0.283474 0.204446 0.459787 0.471235 0 0
25 18 0.776388 0.231594 0.286099 0.288439 0 0
25 19 0.702805 -0.618271 0.932262 0.92533 0 0
25 20 -0.325035 -0.168681 0.07038 0.072132 0 0
25 21 1.104684 -0.181799 0.094627 0.088305 0 0
25 22 0.202575 -0.062836 0.085865 0.084961 0 0
25 23 -0.420633 -0.122653 0.104734 0.107907 0 0
25 24 0.272099 -0.037033 0.128088 0.127213 0 0
26 0 0 0 3.65328 3.636244 0 0
26 1 0.78001 0.487101 0.608975 0.608863 0 0
26 2 0.749413 1.292799 0.894168 0.879313 0 0
26 3 0 0 1.406355 1.395044 0 0
26 4 0 0 1.966716 1.947266 0 0
26 5 0 0 2.994884 2.999277 0 0
26 6 0 0 1.842398 1.834265 0 0
26 7 0 0 1.884038 1.919316 0 0
26 8 0 0 4.762072 4.725569 0 0
26 9 1.148105 1.130843 1.092881 1.116565 0 0
26 10 0 0 1.602127 1.605865 0 0
26 11 0.445014 0.692986 1.052065 1.052953 0 0
26 12 0.707262 0.739939 0.372223 0.369895 0 0
26 13 0.881373 0.985818 0.527765 0.519277 0 0
26 14 0 0 2.032154 2.038694 0 0
26 15 0.928512 0.612068 0.446814 0.46292 0 0
26 16 0.628218 -0.314554 0.586458 0.580882 0 0
26 17 -0.00579 0.322438 0.831021 0.847219 0 0
26 18 0.782159 0.580361 0.351854 0.352256 0 0
26 19 0 0 2.027047 2.020569 0 0
26 20 -0.180891 -0.067127 0.125435 0.127627 0 0
26 21 0.503695 -0.025641 0.13974 0.135306 0 0
26 22 0.617724 -0.155511 0.236652 0.224505 0 0
26 23 -0.411654 0.001304 0.165456 0.166501 0 0
26 24 0.555141 0.068672 0.286443 0.278693 0 0
26 25 0.666431 0.242036 0.523535 0.518036 0 0
27 0 0 0 13.030427 13.038299 0 0
27 1 0.327989 0.119813 0.475584 0.477545 0 0
27 2 0.145306 -0.285041 0.533692 0.536406 0 0
27 3 -0.609989 1.338373 0.571394 0.532882 0 0
27 4 -1.460992 -1.156539 1.075962 1.05676 0 0
27 5 0 0 3.375159 3.353511 0 0
27 6 0 0 2.15831 2.167484 0 0
27 7 0.239165 -0.052284 0.741481 0.747563 0 0
27 8 0 0 10.461967 10.465221 0 0
27 9 -0.918819 0.53328 1.115572 1.103019 0 0
27 10 0 0 3.506788 3.504888 0 0
27 11 0.051982 -0.347893 0.456093 0.452988 0 0
27 12 0.212762 0.084762 0.354217 0.357929 0 0
27 13 0.502487 0.249077 0.687193 0.690715 0 0
27 14 -0.554001 -0.238184 1.002671 1.00901 0 0
27 15 0.264434 0.393238 0.495031 0.499718 0 0
27 16 0.588908 0.0134 0.390654 0.386753 0 0
27 17 -0.305214 -0.074724 0.46248 0.475471 0 0
27 18 0.340442 0.096519 0.369023 0.371717 0 0
27 19 0.696439 -0.153818 1.087755 1.100344 0 0
27 20 0.62695 -0.022723 0.088276 0.084439 0 0
27 21 -0.175336 -0.300424 0.094036 0.097042 0 0
27 22 0.22541 -0.307986 0.097014 0.095625 0 0
27 23 0.4275 -0.139404 0.121974 0.119255 0 0
27 24 0.334381 -0.058397 0.156813 0.155398 0 0
27 25 0.102382 -0.286121 0.375967 0.376729 0 0
27 26 0.292059 0.025551 0.620536 0.630812 0 0
28 0 0 0 6.266652 6.268473 0 0
28 1 0.943995 0.110505 0.617103 0.618881 0 0
28 2 0.59516 0.464507 0.620035 0.637639 0 0
28 3 -0.2598 0.468784 1.25143 1.239969 0 0
28 4 0.956681 0.703197 0.505326 0.508315 0 0
28 5 0.842667 0.40452 1.014566 1.016571 0 0
28 6 0 0 1.764645 1.754223 0 0
28 7 0.797247 0.721558 1.16733 1.184684 0 0
28 8 0 0 22.304368 22.294508 0 0
28 9 0 0 1.959111 1.961123 0 0
28 10 0.882037 2.159336 1.261282 1.212209 0 0
28 11 -0.25008 -0.207481 0.499477 0.490488 0 0
28 12 0.594616 0.274297 0.473546 0.485066 0 0
28 13 0.465492 0.841037 1.097953 1.103312 0 0
28 14 0.57611 0.544085 0.578491 0.57681 0 0
28 15 0.531247 0.401556 0.661178 0.66853 0 0
28 16 1.012559 -0.612953 0.403173 0.401727 0 0
28 17 0.205309 -0.506594 0.770692 0.776362 0 0
28 18 1.16994 0.323803 0.51988 0.52861 0 0
28 19 0.812311 0.293465 1.186593 1.209023 0 0
28 20 -0.434642 -0.214551 0.110575 0.113929 0 0
28 21 1.514091 -0.14433 0.153164 0.143364 0 0
28 22 0.420534 -0.294618 0.157696 0.156192 0 0
28 23 -0.38853 -0.168938 0.171155 0.175547 0 0
28 24 0.432262 -0.569032 0.227032 0.226584 0 0
28 25 0.865599 -0.163458 0.307922 0.350746 0 0
28 26 0 0 1.283392 1.277459 0 0
28 27 -0.567418 0.0957 0.518985 0.511496 0 0
29 0 0 0 6.042017 6.05583 0 0
29 1 0.729244 0.544439 0.459582 0.460676 0 0
29 2 0.611612 0.353088 0.666199 0.656465 0 0
29 3 0.574471 -0.095197 0.986767 0.975467 0 0
29 4 0 0 1.714143 1.72 0 0
29 5 1.071935 1.527633 0.954364 0.927855 0 0
29 6 0 0 2.097048 2.104474 0 0
29 7 0 0 1.508885 1.513031 0 0
29 8 0 0 7.893938 7.89423 0 0
29 9 0.96791 0.608486 1.060262 1.071917 0 0
29 10 0 0 1.665764 1.688084 0 0
29 11 -0.334895 0.058522 0.78747 0.792833 0 0
29 12 0.712102 0.625308 0.301402 0.300233 0 0
29 13 0.834062 0.930839 0.443146 0.437209 0 0
29 14 0.853913 1.219834 1.078334 1.064445 0 0
29 15 0.464824 0.557059 0.299454 0.320592 0 0
29 16 0.969801 -0.361901 0.437011 0.428008 0 0
29 17 0.150326 -0.441294 0.625474 0.633757 0 0
29 18 0.841836 0.41982 0.281348 0.282884 0 0
29 19 0 0 1.405121 1.399635 0 0
29 20 -0.303122 -0.24985 0.100249 0.10118 0 0
29 21 -0.558974 0.031996 0.099728 0.104769 0 0
29 22 0.601348 -0.405559 0.207888 0.194765 0 0
29 23 0.52707 -0.05806 0.155369 0.149994 0 0
29 24 0.215101 -0.28575 0.25457 0.248184 0 0
29 25 0.798486 0.281035 0.435227 0.428196 0 0
29 26 1.598473 1.133032 0.389677 0.418491 0 0
29 27 -0.480302 0.00129 0.402099 0.39501 0 0
29 28 -0.64545 0.453508 1.030749 1.032023 0 0
30 0 0 0 6.061488 6.063146 0 0
30 1 0.648408 0.53157 0.623556 0.626139 0 0
30 2 0.576168 0.99558 1.17286 1.162821 0 0
30 3 0 0 2.020489 1.995952 0 0
30 4 0 0 1.4444 1.448975 0 0
30 5 0 0 2.513552 2.507418 0 0
30 6 0 0 4.02571 4.02807 0 0
30 7 0 0 3.048732 3.051751 0 0
30 8 0 0 18.271621 18.270869 0 0
30 9 1.437676 0.136108 1.100891 1.126884 0 0
30 10 1.550255 1.397215 0.901051 0.900713 0 0
30 11 0.915107 0.643858 0.860585 0.858267 0 0
30 12 0.622958 0.456286 0.481411 0.482464 0 0
30 13 0.838128 0.607006 1.080773 1.087646 0 0
30 14 0 0 1.444451 1.427982 0 0
30 15 0.310305 0.405875 0.851817 0.850546 0 0
30 16 1.1462 0.355218 0.567526 0.562347 0 0
30 17 0.041671 0.424089 0.97854 0.981666 0 0
30 18 0.72829 0.48185 0.58703 0.591345 0 0
30 19 0 0 1.843476 1.842526 0 0
30 20 0.357016 0.21111 0.169878 0.169226 0 0
30 21 0.532341 0.111047 0.185555 0.182942 0 0
30 22 0.478719 -0.177322 0.27156 0.267195 0 0
30 23 0.291651 0.301812 0.229714 0.228714 0 0
30 24 0.494994 -0.047517 0.369474 0.366527 0 0
30 25 0.501649 0.050642 0.719648 0.723012 0 0
30 26 0.583965 0.663789 1.108559 1.117538 0 0
30 27 0.321416 0.898982 1.095235 1.091649 0 0
30 28 0.20572 0.711142 0.982813 0.980927 0 0
30 29 0.226759 0.895679 1.134295 1.143343 0 0
31 0 0 0 9.014675 9.028403 0 0
31 1 0.659212 0.671406 0.945823 0.972554 0 0
31 2 0 0 1.42881 1.428351 0 0
31 3 0 0 2.158775 2.157508 0 0
31 4 0 0 1.598835 1.614631 0 0
31 5 0 0 3.35326 3.366298 0 0
31 6 0 0 3.923293 3.916194 0 0
31 7 0 0 2.026429 2.039763 0 0
31 8 0 0 10.478826 10.48448 0 0
31 9 0 0 2.001475 2.01799 0 0
31 10 0 0 2.043056 2.075866 0 0
31 11 0 0 1.42862 1.454475 0 0
31 12 0.681017 0.343833 0.733962 0.742741 0 0
31 13 0 0 1.491732 1.5218 0 0
31 14 0 0 2.413376 2.417217 0 0
31 15 0.469424 0.718794 0.731486 0.749306 0 0
31 16 0.945525 -0.117004 0.66351 0.671657 0 0
31 17 0.392322 -0.608497 1.035962 1.049437 0 0
31 18 0.994641 0.481161 0.647016 0.645949 0 0
31 19 0 0 2.88535 2.878071 0 0
31 20 -0.29979 -0.113454 0.194756 0.192724 0 0
31 21 -0.190356 0.119268 0.225968 0.232689 0 0
31 22 0.296372 0.274766 0.248227 0.244534 0 0
31 23 -0.248365 0.19084 0.267564 0.266723 0 0
31 24 -0.143663 0.140075 0.411559 0.403392 0 0
31 25 0.78729 0.236546 0.711431 0.71169 0 0
31 26 0.501176 0.475608 1.223277 1.208381 0 0
31 27 0.083362 0.472961 0.833724 0.833931 0 0
31 28 0 0 1.563987 1.579865 0 0
31 29 0.766054 0.707067 0.963619 0.966009 0 0
31 30 0 0 1.840709 1.824228 0 0
32 0 0 0 2.063309 2.105627 0 0
32 1 0.738427 0.706733 0.771088 0.787611 0 0
32 2 0 0 1.418297 1.419236 0 0
32 3 0 0 1.653219 1.678377 0 0
32 4 2.002185 -3.0 0.63175 0.734463 0 0
32 5 0 0 1.706616 1.706277 0 0
32 6 0 0 3.712091 3.698819 0 0
32 7 0 0 7.714902 7.708587 0 0
32 8 0 0 3.66499 3.708227 0 0
32 9 0 0 1.532947 1.548122 0 0
32 10 1.278845 1.283462 1.156459 1.16471 0 0
32 11 -0.158238 -0.90635 1.096317 1.109624 0 0
32 12 0.791142 0.941598 0.832642 0.838178 0 0
32 13 0 0 1.446499 1.472448 0 0
32 14 -2.035382 -0.268869 1.151373 1.145895 0 0
32 15 0 0 1.428071 1.424312 0 0
32 16 1.23879 -0.343637 0.624677 0.617776 0 0
32 17 0 0 1.357867 1.35076 0 0
32 18 1.122025 0.205572 0.908996 0.915991 0 0
32 19 0 0 2.530274 2.526675 0 0
32 20 0.463307 0.224185 0.211218 0.210961 0 0
32 21 0.711946 0.242087 0.234439 0.233873 0 0
32 22 0.284351 -0.214813 0.279002 0.275848 0 0
32 23 -0.315581 -0.175044 0.257764 0.261503 0 0
32 24 0.417011 -0.273453 0.371878 0.374521 0 0
32 25 0.118914 0.561815 0.561413 0.565926 0 0
32 26 0 0 1.986508 2.015964 0 0
32 27 0 0 1.465593 1.470484 0 0
32 28 0.930374 0.911097 0.64929 0.654612 0 0
32 29 0 0 1.798503 1.825961 0 0
32 30 1.130011 1.300688 1.100064 1.089847 0 0
32 31 0 0 2.205787 2.204116 0 0
33 0 0 0 4.668941 4.668099 0 0
33 1 0 0 1.52773 1.547128 0 0
33 2 0 0 2.224805 2.243368 0 0
33 3 1.727508 -2.096901 0.862624 0.954692 0 0
33 4 0 0 3.058908 3.063332 0 0
33 5 0 0 2.918635 2.937719 0 0
33 6 0 0 201.876993 201.876996 0 0
33 7 0 0 31.471727 31.476275 0 0
33 8 0 0 9.85249 9.861034 0 0
33 9 0 0 1.867261 1.885103 0 0
33 10 0 0 2.440146 2.445882 0 0
33 11 0 0 1.627213 1.639559 0 0
33 12 0 0 1.297997 1.312319 0 0
33 13 0 0 1.593068 1.614553 0 0
33 14 0 0 4.628479 4.629591 0 0
33 15 0 0 1.919896 1.940153 0 0
33 16 1.002231 -1.541618 0.96367 0.964017 0 0
33 17 0 0 2.139348 2.143212 0 0
33 18 0.993415 -0.712761 1.005768 1.056121 0 0
33 19 0 0 6.063209 6.075592 0 0
33 20 0.508457 -0.054704 0.28681 0.286592 0 0
33 21 0.219299 -0.151505 0.306051 0.325319 0 0
33 22 0.106246 -0.505042 0.524607 0.52332 0 0
33 23 -0.347011 -0.020645 0.311791 0.315959 0 0
33 24 0.654199 -0.742759 0.621425 0.621605 0 0
33 25 0 0 1.75473 1.750282 0 0
33 26 0 0 2.215155 2.241047 0 0
33 27 0 0 3.285565 3.296726 0 0
33 28 0 0 1.722265 1.742913 0 0
33 29 0 0 1.924907 1.939103 0 0
33 30 0 0 1.985307 2.000048 0 0
33 31 0 0 4.337503 4.33766 0 0
33 32 0 0 1.617735 1.628384 0 0
34 0 0 0 201.876993 201.876996 0 0
34 1 0 0 11.096437 11.095175 0 0
34 2 0 0 5.754996 5.764702 0 0
34 3 0 0 10.802452 10.79903 0 0
34 4 0 0 201.876993 201.876996 0 0
34 5 0 0 201.876993 201.876996 0 0
34 6 0 0 12.858767 12.858734 0 0
34 7 0 0 2.465633 2.408328 0 0
34 8 0 0 18.646123 18.648427 0 0
34 9 0 0 14.094401 14.077894 0 0
34 10 0 0 10.430601 10.435017 0 0
34 11 0 0 21.12162 21.130813 0 0
34 12 0 0 6.14932 6.146953 0 0
34 13 0 0 10.800124 10.790084 0 0
34 14 0 0 201.876993 201.876996 0 0
34 15 0 0 5.979509 5.971345 0 0
34 16 0 0 4.612299 4.603812 0 0
34 17 0 0 5.628412 5.638839 0 0
34 18 0 0 4.495343 4.487019 0 0
34 19 0 0 16.441752 16.432847 0 0
34 20 0 0 1.758664 1.764735 0 0
34 21 0 0 2.057489 2.053493 0 0
34 22 0 0 1.943543 1.935461 0 0
34 23 0 0 2.693247 2.689635 0 0
34 24 0 0 4.864757 4.86757 0 0
34 25 0 0 7.158098 7.172571 0 0
34 26 0 0 12.918844 12.910814 0 0
34 27 0 0 3.705621 3.6884 0 0
34 28 0 0 10.169107 10.149703 0 0
34 29 0 0 7.61235 7.621354 0 0
34 30 0 0 18.646123 18.648427 0 0
34 31 0 0 13.33155 13.330928 0 0
34 32 0 0 18.647288 18.647262 0 0
34 33 0 0 201.876993 201.876996 0 0
35 0 0 0 6.733653 6.727384 0 0
35 1 0 0 2.022674 2.023323 0 0
35 2 0 0 2.278063 2.298782 0 0
35 3 0 0 3.26876 3.260375 0 0
35 4 0 0 4.686371 4.684493 0 0
35 5 0 0 5.198534 5.205896 0 0
35 6 0 0 201.876993 201.876996 0 0
35 7 0 0 4.594252 4.612283 0 0
35 8 0 0 201.876993 201.876996 0 0
35 9 0 0 3.51323 3.513694 0 0
35 10 0 0 3.771413 3.783209 0 0
35 11 0 0 1.617801 1.605381 0 0
35 12 0 0 1.550703 1.559442 0 0
35 13 0 0 2.28335 2.277573 0 0
35 14 0 0 3.626485 3.640309 0 0
35 15 0 0 2.157161 2.152151 0 0
35 16 0.982246 0.333752 1.168615 1.175782 0 0
35 17 0 0 2.316235 2.308994 0 0
35 18 0 0 1.285379 1.287939 0 0
35 19 0 0 4.377978 4.378627 0 0
35 20 0.447906 0.252248 0.358281 0.358169 0 0
35 21 0.362312 0.425601 0.445922 0.441155 0 0
35 22 0.622821 0.445725 0.599508 0.597233 0 0
35 23 0.499082 0.439311 0.428827 0.428041 0 0
35 24 0.489897 0.585731 0.718432 0.722246 0 0
35 25 0 0 1.925642 1.927643 0 0
35 26 0 0 2.367469 2.366276 0 0
35 27 0 0 3.075898 3.073913 0 0
35 28 0 0 2.425871 2.429162 0 0
35 29 0 0 2.327915 2.316079 0 0
35 30 0 0 2.811931 2.824571 0 0
35 31 0 0 2.850359 2.840974 0 0
35 32 0 0 2.708285 2.697521 0 0
35 33 0 0 2.95116 2.932777 0 0
35 34 0 0 201.876993 201.876996 0 0
36 0 0 0 18.674687 18.680478 0 0
36 1 0.786574 0.963743 0.924452 0.915914 0 0
36 2 1.029581 1.071639 0.921964 0.903746 0 0
36 3 0 0 1.601654 1.586676 0 0
36 4 0 0 7.455229 7.457777 0 0
36 5 0 0 12.811605 12.828401 0 0
36 6 0 0 1.899562 1.908443 0 0
36 7 1.389885 1.012855 0.811409 0.821184 0 0
36 8 0 0 201.876993 201.876996 0 0
36 9 0 0 3.640213 3.659494 0 0
36 10 0 0 4.083502 4.090834 0 0
36 11 0.924283 0.642255 1.130225 1.134799 0 0
36 12 0.928985 0.994245 0.683811 0.692173 0 0
36 13 0 0 2.200638 2.200223 0 0
36 14 0 0 1.409226 1.445842 0 0
36 15 1.000528 0.820186 0.939289 0.954932 0 0
36 16 0.979962 -0.326185 0.854382 0.845083 0 0
36 17 -0.14729 0 1.266202 1.277382 0 0
36 18 1.313742 1.04316 0.65824 0.670465 0 0
36 19 0 0 1.56986 1.577988 0 0
36 20 -0.235426 0.089513 0.204288 0.210336 0 0
36 21 0.416573 0.316367 0.251112 0.24641 0 0
36 22 0.379117 -0.371585 0.448043 0.442789 0 0
36 23 -0.386701 0.257895 0.325612 0.325037 0 0
36 24 0.830015 -0.248899 0.595202 0.593995 0 0
36 25 1.034892 1.121258 1.028742 1.022864 0 0
36 26 1.429991 1.276084 1.178254 1.198595 0 0
36 27 0.187046 0.356472 0.828354 0.811835 0 0
36 28 1.297647 1.198921 1.129359 1.105611 0 0
36 29 0 0 1.294687 1.30504 0 0
36 30 0 0 1.465008 1.453116 0 0
36 31 0 0 3.079998 3.079356 0 0
36 32 0 0 4.099757 4.094091 0 0
36 33 0 0 4.998433 4.991848 0 0
36 34 0 0 5.381207 5.384667 0 0
36 35 0 0 3.658088 3.671545 0 0
37 0 0 0 9.842505 9.830489 0 0
37 1 0 0 1.761878 1.769516 0 0
37 2 0 0 1.858119 1.864722 0 0
37 3 0 0 3.409338 3.412128 0 0
37 4 0 0 2.711618 2.702478 0 0
37 5 0 0 5.75299 5.758856 0 0
37 6 0 0 12.95284 12.960771 0 0
37 7 0 0 4.54205 4.550494 0 0
37 8 0 0 201.876993 201.876996 0 0
37 9 0 0 4.356214 4.352431 0 0
37 10 0 0 3.856371 3.850711 0 0
37 11 0 0 1.43431 1.423153 0 0
37 12 0 0 1.540787 1.547104 0 0
37 13 0 0 2.203313 2.214945 0 0
37 14 0 0 5.316708 5.328042 0 0
37 15 0 0 1.947397 1.940331 0 0
37 16 -0.077238 -1.280336 1.232932 1.253481 0 0
37 17 0 0 2.849166 2.852265 0 0
37 18 0.876182 0 1.263388 1.281479 0 0
37 19 0 0 4.269018 4.281245 0 0
37 20 0.261644 0.038213 0.362899 0.368353 0 0
37 21 0.388678 0.329627 0.412754 0.413102 0 0
37 22 1.278696 0.69491 0.570076 0.5685 0 0
37 23 2.28132 0.196892 0.47854 0.465968 0 0
37 24 0.494972 -0.036865 0.693691 0.695839 0 0
37 25 0 0 1.593381 1.593853 0 0
37 26 0 0 2.751031 2.743413 0 0
37 27 0 0 2.221282 2.220491 0 0
37 28 0 0 2.28281 2.288118 0 0
37 29 0 0 2.701914 2.711647 0 0
37 30 0 0 2.428193 2.424172 0 0
37 31 0 0 3.258256 3.262574 0 0
37 32 0 0 2.215683 2.1914 0 0
37 33 0 0 2.665733 2.643351 0 0
37 34 0 0 201.876993 201.876996 0 0
37 35 0 0 4.386263 4.38974 0 0
37 36 0 0 4.081566 4.086486 0 0
38 0 0 0 2.647027 2.648231 0 0
38 1 0 0 1.971955 1.949762 0 0
38 2 0 0 2.983412 2.981308 0 0
38 3 0 0 5.537444 5.535566 0 0
38 4 0 0 2.490674 2.522875 0 0
38 5 0 0 3.214049 3.208015 0 0
38 6 0 0 10.672452 10.669557 0 0
38 7 0 0 9.199968 9.205766 0 0
38 8 0 0 15.078445 15.073669 0 0
38 9 0 0 3.120753 3.114531 0 0
38 10 0 0 3.462754 3.448953 0 0
38 11 0 0 1.844569 1.851389 0 0
38 12 1.117068 0.620155 0.825421 0.823177 0 0
38 13 0 0 1.51772 1.490071 0 0
38 14 0 0 5.059166 5.05242 0 0
38 15 0 0 2.675556 2.679884 0 0
38 16 0 0 1.406141 1.405227 0 0
38 17 0 0 2.428589 2.434814 0 0
38 18 1.628939 1.189311 1.035621 1.03749 0 0
38 19 0 0 2.447794 2.455874 0 0
38 20 0.540561 0.355331 0.345771 0.34542 0 0
38 21 0.709765 0.194589 0.377486 0.37067 0 0
38 22 0.082169 -0.443676 0.661781 0.659257 0 0
38 23 -0.039224 0.565902 0.430724 0.418824 0 0
38 24 0.441679 -0.210925 0.792917 0.789245 0 0
38 25 0 0 2.67168 2.678164 0 0
38 26 0 0 2.094836 2.103502 0 0
38 27 0 0 4.949261 4.942291 0 0
38 28 0 0 2.55075 2.551009 0 0
38 29 0 0 2.214711 2.220601 0 0
38 30 0 0 1.411694 1.441717 0 0
38 31 0 0 5.914246 5.914662 0 0
38 32 0 0 2.544273 2.536803 0 0
38 33 0 0 2.317675 2.306981 0 0
38 34 0 0 201.876993 201.876996 0 0
38 35 0 0 4.785686 4.781858 0 0
38 36 0 0 3.94017 3.930385 0 0
38 37 0 0 5.214469 5.22149 0 0
39 0 0 0 3.860166 3.852307 0 0
39 1 0 0 1.680458 1.675563 0 0
39 2 0 0 2.646069 2.64699 0 0
39 3 0 0 3.769755 3.770108 0 0
39 4 0 0 6.977281 6.975407 0 0
39 5 0 0 4.593755 4.59104 0 0
39 6 0 0 8.500152 8.508727 0 0
39 7 0 0 1.805434 1.842482 0 0
39 8 0 0 8.739081 8.72695 0 0
39 9 0 0 3.009064 2.981918 0 0
39 10 0 0 2.470996 2.498407 0 0
39 11 0 0 1.77333 1.775813 0 0
39 12 0 0 1.388231 1.411595 0 0
39 13 0 0 2.505108 2.508581 0 0
39 14 0 0 5.356546 5.353166 0 0
39 15 0 0 1.868371 1.88456 0 0
39 16 -1.317631 0.34616 1.173829 1.163591 0 0
39 17 0 0 2.241991 2.245271 0 0
39 18 1.103655 1.22124 1.026426 1.041638 0 0
39 19 0 0 4.697935 4.714886 0 0
39 20 -0.112491 0.240113 0.335314 0.340904 0 0
39 21 0.565618 0.476067 0.372543 0.372182 0 0
39 22 0.276006 0.323257 0.746552 0.737537 0 0
39 23 -0.196421 0.184128 0.410523 0.410367 0 0
39 24 0.28427 -0.386098 0.783026 0.795761 0 0
39 25 0 0 2.390292 2.39173 0 0
39 26 0 0 2.58836 2.599506 0 0
39 27 0 0 1.938333 1.938444 0 0
39 28 0 0 3.304539 3.304514 0 0
39 29 0 0 1.831223 1.849668 0 0
39 30 0 0 2.838413 2.832762 0 0
39 31 0 0 5.83094 5.800709 0 0
39 32 0 0 3.510057 3.5187 0 0
39 33 0 0 3.141482 3.135916 0 0
39 34 0 0 11.121991 11.125597 0 0
39 35 0 0 3.60723 3.636384 0 0
39 36 1.251454 1.664427 1.235916 1.245023 0 0
39 37 0 0 4.366786 4.361522 0 0
39 38 0 0 3.128315 3.159107 0 0
40 0 0 0 201.876993 201.876996 0 0
40 1 0 0 2.79472 2.805278 0 0
40 2 0 0 2.725025 2.726102 0 0
40 3 0 0 3.877467 3.880252 0 0
40 4 0 0 10.809646 10.805538 0 0
40 5 0 0 31.98407 31.987654 0 0
40 6 0 0 3.902429 3.897866 0 0
40 7 0 0 5.155688 5.154994 0 0
40 8 0 0 201.876993 201.876996 0 0
40 9 0 0 7.449932 7.451066 0 0
40 10 0 0 7.836704 7.840312 0 0
40 11 0 0 4.084228 4.08467 0 0
40 12 0 0 2.181218 2.191058 0 0
40 13 0 0 3.141547 3.152703 0 0
40 14 0 0 9.386282 9.390297 0 0
40 15 0 0 3.663258 3.68103 0 0
40 16 0 0 2.471736 2.481857 0 0
40 17 0 0 3.187763 3.201508 0 0
40 18 0 0 2.388864 2.39363 0 0
40 19 0 0 4.736817 4.75577 0 0
40 20 -0.52884 0.194308 0.655152 0.658785 0 0
40 21 0.643369 0.364465 0.76875 0.770887 0 0
40 22 0.942421 0.323947 0.916039 0.901896 0 0
40 23 -0.618408 0.155608 0.991009 0.992059 0 0
40 24 0 0 1.534459 1.539887 0 0
40 25 0 0 2.937409 2.950184 0 0
40 26 0 0 3.646824 3.651021 0 0
40 27 0 0 1.928696 1.935502 0 0
40 28 0 0 3.907951 3.90918 0 0
40 29 0 0 2.756863 2.764751 0 0
40 30 0 0 3.974266 3.965756 0 0
40 31 0 0 4.281497 4.287732 0 0
40 32 0 0 10.002629 10.020566 0 0
40 33 0 0 18.674674 18.680465 0 0
40 34 0 0 201.876993 201.876996 0 0
40 35 0 0 12.85716 12.86034 0 0
40 36 0 0 5.263158 5.271286 0 0
40 37 0 0 10.532128 10.533181 0 0
40 38 0 0 16.637201 16.636778 0 0
40 39 0 0 21.482387 21.486508 0 0
