642.750000
752.850000
913.100000
1792.650000
1910.100000
2682.750000
3161.500000
3838.200000
3852.550000
3958.150000
4345.000000
4562.600000
5062.550000
5178.100000
5501.700000
5586.600000
5843.600000
5906.900000
7493.700000
7610.850000
8027.550000
8284.850000
8548.350000
8643.800000
8956.500000
9109.900000
9381.350000
9425.100000
9537.900000
10083.200000
10410.150000
10904.850000
11110.200000
11608.250000
11721.300000
11734.350000
12328.300000
12557.450000
13089.000000
13305.850000
13831.450000
14195.350000
14483.400000
14680.550000
15018.350000
15484.200000
15987.450000
16233.750000
16611.300000
17113.300000
17390.000000
17705.800000
18426.750000
18513.200000
21104.600000
21271.300000
21550.750000
22168.650000
22872.450000
23646.050000
24152.900000
24964.350000
25047.500000
25296.900000
26325.400000
26696.500000
26727.400000
27069.950000
27128.350000
27323.100000
29881.150000
32353.600000
32558.400000
33848.300000
34773.200000
35838.950000
38388.750000
39230.050000
39526.100000
43769.650000
44489.300000
45250.100000
45371.950000
46598.700000
49879.100000
50029.650000
50265.750000
50437.550000
50537.000000
50705.000000
51214.400000
51346.600000
51575.350000
51678.500000
52118.050000
52166.450000
52802.650000
53212.850000
53771.650000
55394.400000
55513.650000
56045.750000
56131.150000
56684.800000
57882.800000
60656.850000
60972.050000
61005.950000
61525.850000
62429.150000
64174.950000
64796.500000
64977.750000
65657.600000
66264.750000
66795.450000
67359.750000
68803.050000
69201.150000
70889.150000
70940.400000
74318.300000
76138.200000
76610.850000
78984.300000
79216.300000
79479.900000
79639.800000
83797.150000
83824.550000
84033.400000
86158.350000
86749.800000
87269.500000
87732.850000
89034.950000
89232.000000
89895.800000
94414.050000
95475.600000
95895.800000
96123.800000
98002.650000
98456.850000
98992.600000
99832.950000
102337.550000
102425.450000
102775.300000
104015.050000
105010.350000
105980.950000
106027.700000
106396.450000
107031.800000
107144.950000
107525.200000
107713.500000
107840.550000
108426.200000
108912.150000
108999.000000
109757.900000
110486.450000
110830.600000
111249.550000
114821.650000
115306.150000
115483.400000
117028.200000
117337.650000
118154.650000
118268.750000
118434.600000
118651.350000
118940.400000
119102.400000
119245.350000
119422.400000
119527.400000
119613.350000
122155.450000
122350.700000
122887.850000
122913.400000
123150.600000
123591.500000
123808.500000
124289.650000
124688.400000
124815.150000
125552.600000
125766.850000
125813.450000
126073.550000
126161.500000
126177.400000
126292.750000
126294.200000
126745.600000
126832.050000
126902.950000
126926.950000
127364.350000
127369.000000
127713.800000
127804.800000
128267.500000
128320.400000
128443.400000
128709.150000
128810.850000
129100.850000
129179.400000
129653.500000
130119.350000
130150.550000
130360.700000
130448.100000
130490.900000
130565.250000
130648.950000
130755.150000
131724.750000
132707.000000
132765.650000
132850.200000
132980.200000
132993.150000
133390.200000
133798.500000
133877.250000
134217.500000
134346.950000
134457.500000
134474.750000
134541.150000
134889.700000
135553.050000
135869.650000
136110.650000
136255.400000
136378.500000
136524.800000
136932.050000
137603.600000
138007.150000
138322.250000
138521.150000
138811.300000
138823.350000
139089.300000
139349.600000
139884.750000
139931.200000
140539.150000
141231.800000
141629.050000
141647.100000
142504.650000
142578.550000
142617.600000
143131.200000
143155.950000
143415.000000
144436.950000
144942.650000
144990.400000
145117.650000
145143.800000
146889.050000
148149.950000
150073.800000
151772.200000
151850.600000
152004.250000
152245.250000
152363.550000
152408.150000
152611.350000
152950.450000
153156.200000
153167.600000
153210.150000
153622.200000
155189.900000
155227.450000
156054.050000
156954.750000
157019.650000
157155.300000
157887.650000
158013.600000
158283.100000
158397.100000
158661.900000
158797.900000
158946.500000
158995.350000
159013.650000
159093.800000
159109.900000
159203.550000
159546.900000
160124.750000
160304.900000
160736.250000
160751.600000
160776.900000
160956.000000
161575.600000
161673.050000
161722.100000
161848.350000
162155.800000
162327.950000
162383.400000
162466.800000
162495.650000
162896.250000
163988.850000
164158.100000
164279.200000
164449.550000
164662.250000
164914.850000
165030.650000
165444.650000
165790.150000
165814.600000
166589.200000
166673.750000
167027.750000
167068.650000
167249.750000
167262.650000
167469.850000
167694.000000
167873.950000
168290.500000
168318.650000
168458.400000
168688.500000
169374.750000
169526.350000
169852.650000
170040.950000
170191.650000
170345.350000
170371.600000
170387.600000
170459.100000
170491.850000
170586.850000
170686.000000
170839.150000
172038.800000
172417.600000
172693.000000
172794.950000
172856.000000
174039.600000
174234.500000
174415.050000
174454.000000
174940.250000
175418.350000
175873.300000
176208.700000
176530.750000
176681.550000
177704.700000
177996.150000
178201.200000
178209.050000
178243.250000
178350.500000
178381.400000
178515.150000
178549.350000
178693.100000
179402.700000
179510.550000
179992.600000
180081.800000
180255.050000
181166.950000
181319.100000
181486.500000
181593.300000
181689.350000
182085.450000
182244.650000
182364.250000
182794.650000
182802.900000
182826.900000
182940.450000
182985.100000
183076.650000
183420.000000
183425.300000
183450.300000
183577.700000
184040.150000
184290.650000
184787.750000
185018.550000
185144.500000
185396.600000
185505.100000
185662.350000
186014.500000
186786.500000
188032.200000
188077.500000
188707.000000
188962.150000
189210.900000
189232.150000
189440.650000
189946.000000
190135.550000
190218.700000
190985.350000
191324.950000
191705.300000
192773.300000
193017.450000
193815.400000
194117.750000
194540.050000
194762.550000
195025.350000
195190.350000
195359.900000
196291.650000
196446.900000
196458.400000
196848.150000
196948.700000
197161.700000
197220.300000
197448.050000
198088.100000
198835.400000
199058.150000
199120.550000
199541.750000
199678.500000
202161.850000
202469.750000
202647.600000
203040.250000
203479.800000
203508.900000
203634.100000
204597.100000
205438.350000
205757.600000
207592.400000
209078.650000
209439.500000
209956.750000
210098.800000
210266.300000
210821.050000
211534.900000
211629.750000
211974.200000
212023.650000
213333.250000
213404.650000
216567.150000
217986.300000
218043.600000
218373.700000
218436.350000
218491.300000
218522.100000
218949.950000
219196.400000
219349.650000
219735.250000
221198.350000
224972.450000
225023.950000
225053.500000
225521.000000
225533.100000
225704.750000
225961.950000
225983.950000
226645.600000
227039.800000
227130.700000
227428.350000
227954.950000
228537.300000
229231.850000
229973.200000
230144.700000
230599.450000
231081.050000
231287.250000
231920.400000
232408.900000
233723.150000
234447.000000
234510.050000
236546.050000
237734.050000
238209.400000
239257.750000
239517.400000
239742.150000
240296.200000
240747.600000
240949.350000
241703.350000
243906.350000
244128.050000
244210.600000
244257.150000
244545.850000
244841.050000
245183.400000
245755.600000
246046.750000
247307.250000
248511.250000
248994.700000
249770.900000
249857.250000
252090.750000
252267.850000
252452.400000
252810.100000
254650.550000
254755.750000
255048.650000
255403.050000
255527.200000
256091.050000
256136.750000
256301.500000
256414.000000
256741.350000
256791.500000
257212.800000
257280.300000
257416.400000
257471.400000
257980.000000
258236.200000
259067.450000
259768.150000
260147.200000
260293.200000
260498.150000
261134.500000
261432.450000
261750.350000
262394.400000
264138.000000
264874.450000
265194.900000
266277.650000
266304.000000
267589.950000
267632.450000
268197.700000
268339.400000
268627.550000
269455.400000
269915.150000
270318.850000
271399.650000
271675.750000
271881.100000
271950.200000
272307.400000
272393.800000
272426.100000
272450.000000
272516.450000
272548.400000
272586.050000
272851.850000
273091.850000
273297.600000
273338.950000
274713.150000
274912.900000
275130.650000
275561.250000
276566.550000
277177.750000
277974.250000
277986.100000
279582.650000
282051.650000
282775.250000
282812.650000
282985.550000
284216.550000
284398.350000
284804.950000
284828.550000
285235.150000
285362.900000
285394.450000
285440.100000
285628.650000
285791.850000
285977.600000
285985.450000
286312.150000
286736.950000
286918.800000
286951.250000
287119.750000
287192.100000
287229.600000
287364.550000
287742.600000
287857.300000
288005.700000
289138.000000
289323.850000
289679.000000
289717.950000
290322.550000
290441.600000
290458.850000
290672.250000
290737.450000
291112.650000
291245.800000
291362.600000
291866.000000
292021.400000
292182.400000
292294.350000
292317.950000
292569.000000
292711.950000
293284.800000
293549.250000
293770.900000
294056.300000
294168.150000
294489.250000
294681.750000
295227.550000
295253.250000
295488.100000
295774.750000
295792.250000
295996.700000
296808.900000
297055.750000
297132.200000
297143.350000
297274.800000
297527.500000
297605.900000
297812.800000
297835.400000
298238.700000
298521.050000
299124.100000
299642.500000
299667.850000
299907.750000
300424.350000
300619.750000
300840.650000
300860.000000
301267.050000
301278.350000
301533.350000
301618.850000
301638.900000
301652.300000
301656.750000
301756.300000
303167.800000
303592.650000
304178.100000
304267.700000
304521.250000
304537.900000
304827.700000
305138.700000
305784.650000
306270.850000
306421.150000
306436.900000
306704.700000
306839.200000
307260.100000
307389.750000
307472.850000
307887.650000
308472.000000
308598.850000
308640.200000
308654.150000
308917.550000
309139.800000
309366.050000
309491.050000
310557.200000
310696.150000
311134.600000
311244.550000
311517.000000
311635.000000
311638.200000
311727.600000
311903.800000
311929.100000
312008.300000
312175.350000
312405.250000
312876.950000
312915.000000
313174.100000
313837.700000
314121.750000
314183.250000
314725.750000
315400.750000
315584.500000
315663.450000
315785.300000
316044.200000
316990.100000
317453.150000
317632.500000
318419.300000
318731.450000
318753.700000
318897.100000
319011.800000
320346.550000
320417.600000
321192.450000
321468.300000
321551.500000
321678.650000
322273.250000
322388.200000
322408.350000
322570.100000
322912.850000
323117.350000
323954.150000
324609.950000
325538.950000
325657.200000
325714.400000
325791.550000
325955.150000
326440.800000
326697.950000
327792.050000
328160.900000
328236.800000
329107.650000
329176.700000
331063.450000
331615.450000
332045.200000
332180.600000
332514.550000
332705.650000
333009.500000
333054.100000
333287.200000
333544.700000
333911.300000
334042.050000
334116.200000
334502.650000
334571.100000
334634.850000
335120.000000
336192.500000
336244.450000
336985.350000
337268.950000
337861.550000
338527.350000
338669.500000
339054.800000
339150.100000
340462.550000
340746.150000
341082.950000
341171.000000
341337.600000
341476.100000
341844.950000
342095.700000
342314.800000
342559.650000
343294.200000
343355.200000
343816.150000
343932.550000
344043.250000
344079.100000
344255.800000
344687.000000
344960.850000
345028.350000
345477.500000
345503.400000
345957.800000
346124.750000
346228.700000
346366.050000
346663.100000
347323.200000
347695.750000
347902.950000
347974.500000
347989.850000
348275.250000
348441.000000
348860.050000
349382.100000
350515.800000
350669.900000
351056.050000
351411.800000
351433.300000
351529.750000
352029.250000
352322.850000
352621.700000
352806.750000
352842.800000
353030.600000
353081.650000
353117.400000
353237.700000
353495.800000
353556.100000
353677.300000
353765.050000
354051.200000
354109.000000
354126.950000
354873.200000
355587.050000
355697.150000
355712.800000
355812.500000
355929.550000
356302.750000
356466.550000
356516.600000
356753.850000
357102.700000
357692.100000
358077.900000
358333.600000
358657.150000
358807.350000
359324.900000
359411.900000
359435.550000
359621.100000
359660.100000
359907.450000
359928.400000
359947.700000
360844.800000
360979.950000
362163.000000
362515.250000
362781.900000
362869.550000
363288.800000
363505.450000
364085.500000
364609.250000
364848.650000
365642.200000
365704.500000
366430.950000
367385.500000
368170.700000
369265.100000
369500.800000
369878.700000
370608.750000
372240.050000
373887.000000
374071.800000
374081.100000
374168.900000
374299.750000
374561.000000
375414.050000
375561.650000
375662.600000
375730.650000
375829.250000
376084.150000
376282.900000
376313.750000
376744.600000
378320.100000
378431.500000
378869.100000
378960.700000
379083.150000
379460.550000
380176.300000
380311.300000
380521.350000
380538.450000
380767.200000
381024.600000
381124.300000
381384.400000
382402.050000
382670.500000
382812.850000
383131.300000
383967.650000
384060.500000
384628.500000
385880.700000
385972.550000
386747.400000
387178.000000
387429.850000
387517.350000
387638.550000
387810.700000
388935.300000
389518.750000
389608.350000
390065.300000
390224.250000
390377.150000
391100.850000
391988.850000
392166.800000
392179.500000
392393.700000
392751.400000
394290.750000
394947.900000
395059.200000
395302.300000
395616.600000
395818.350000
395984.950000
396047.850000
396168.800000
396478.850000
396901.950000
397657.300000
397762.700000
398204.300000
398732.150000
398864.500000
400061.850000
400326.650000
400641.700000
400760.400000
400806.050000
401017.850000
401404.350000
403528.800000
404131.150000
405214.450000
405729.300000
405973.800000
407412.000000
407592.300000
407800.650000
407869.100000
407897.350000
408179.850000
408459.750000
408504.400000
408521.650000
409904.400000
410169.050000
410768.750000
411493.000000
412011.650000
412430.400000
415161.100000
415639.500000
417303.850000
417860.100000
418154.350000
419625.500000
421078.450000
421104.050000
421134.700000
421639.100000
421785.150000
422135.300000
422238.200000
422381.150000
424648.150000
425465.150000
426467.400000
426595.150000
426623.100000
428282.300000
428308.700000
429519.650000
429750.850000
429857.500000
430095.550000
431216.650000
431576.700000
431921.250000
431996.900000
432114.950000
432146.650000
432634.900000
432750.050000
433027.100000
433246.750000
433299.250000
433732.050000
433978.450000
434068.400000
434170.050000
435642.550000
435652.900000
436747.450000
437008.050000
437207.800000
437335.450000
437407.950000
437747.500000
437912.550000
438255.250000
438664.500000
438725.000000
439115.100000
439843.800000
440189.950000
440313.600000
440720.100000
440737.350000
441018.800000
441422.000000
442044.250000
442411.100000
442456.450000
442545.300000
442772.900000
442824.900000
442932.200000
443154.050000
443766.300000
443856.950000
443917.050000
444020.550000
444177.000000
444478.000000
445182.900000
445297.150000
445310.500000
445943.700000
446042.100000
446084.850000
446280.050000
446412.950000
446453.100000
446587.950000
446777.500000
446988.850000
447236.200000
447359.000000
447835.450000
448067.300000
448263.850000
448605.650000
448842.550000
449156.300000
449203.700000
449216.900000
449609.500000
449671.200000
449813.300000
450039.600000
450558.000000
450776.050000
451087.350000
451290.750000
452022.950000
452035.500000
452157.950000
452938.900000
453096.000000
453243.250000
453842.850000
454526.750000
454720.150000
454732.700000
455303.050000
455659.750000
455959.500000
455989.500000
456490.200000
457012.450000
457330.400000
457448.000000
457550.350000
457771.150000
458253.550000
458401.200000
458421.450000
459332.650000
459792.650000
460568.950000
460757.700000
461804.400000
462105.350000
462755.450000
462918.600000
463180.300000
463231.000000
463568.200000
463676.200000
463740.350000
463967.650000
464211.150000
464462.900000
464511.600000
464536.250000
464562.450000
464692.750000
465144.400000
465295.800000
465451.200000
465527.400000
465675.300000
466072.450000
466200.250000
466581.500000
466593.350000
466929.300000
467309.400000
467377.900000
467392.100000
467468.000000
467518.800000
467805.650000
467851.300000
468461.800000
468673.950000
468684.900000
469734.950000
469786.450000
469925.850000
469943.800000
470096.150000
470227.900000
470384.900000
470439.200000
471476.350000
471739.250000
471983.300000
472077.000000
472083.900000
473484.500000
473512.750000
473544.300000
473796.000000
474148.500000
474477.100000
474853.200000
475123.850000
475550.550000
475712.150000
476251.400000
476494.600000
476603.450000
476765.850000
476862.800000
477000.250000
477147.900000
477162.050000
477450.150000
477536.800000
477603.400000
477620.200000
478067.400000
478103.800000
478291.700000
478536.900000
478615.200000
478865.200000
478997.800000
479127.850000
479410.850000
479871.050000
480541.050000
480775.350000
480818.700000
481017.950000
481155.100000
481425.650000
482198.950000
482410.400000
482558.450000
482751.850000
483141.150000
483664.100000
483866.250000
483959.300000
483987.300000
484962.850000
484991.800000
485094.250000
485199.650000
486032.950000
486046.950000
486544.150000
486834.050000
486976.050000
487099.800000
487132.850000
487674.450000
487758.100000
487829.350000
487911.100000
488038.100000
488527.750000
489958.350000
490463.350000
490574.050000
490599.550000
490704.850000
490811.450000
490828.250000
491561.050000
491709.100000
492298.000000
493255.000000
493385.000000
493632.400000
493696.100000
494224.900000
495047.350000
495107.100000
496077.250000
496174.800000
496195.550000
496333.300000
496441.500000
496592.100000
496885.000000
497044.450000
497870.250000
498037.850000
498526.300000
498757.500000
499094.850000
499107.850000
499822.450000
499994.000000
500151.750000
500372.800000
500541.650000
501061.650000
501233.300000
501402.900000
501607.500000
501685.800000
501704.200000
501739.300000
501879.900000
502095.350000
502519.950000
502715.350000
503529.550000
503803.050000
504063.300000
504234.600000
504914.000000
505026.400000
505239.000000
505415.500000
505736.550000
506174.700000
506234.400000
506265.350000
506309.200000
506559.050000
506955.600000
506995.400000
507339.050000
507589.950000
507898.750000
508399.900000
508669.600000
509056.600000
509094.700000
510197.000000
510461.300000
510760.100000
510776.150000
510847.400000
510961.050000
511295.750000
511446.600000
511506.100000
511587.400000
512136.350000
512175.650000
512297.250000
512692.950000
512836.300000
513141.000000
514023.350000
514205.300000
515364.600000
515696.900000
515765.500000
515910.050000
516837.800000
517011.800000
517520.400000
517648.650000
518129.150000
518226.050000
518770.750000
520279.450000
520403.450000
520482.550000
521971.300000
522068.550000
522819.550000
522939.150000
523357.200000
523387.750000
523594.900000
523783.400000
524043.400000
524128.700000
524826.000000
524969.550000
525447.450000
526647.750000
526788.300000
527141.850000
527384.500000
527426.750000
527797.650000
528521.050000
528942.850000
529024.850000
529698.500000
529799.300000
530143.250000
530249.400000
530273.600000
530390.350000
530673.750000
530725.300000
530789.250000
530813.250000
532503.950000
533411.100000
533463.450000
533675.400000
533973.200000
534215.200000
534522.250000
534729.950000
536267.300000
536635.650000
537099.050000
537297.800000
537694.800000
538372.400000
538640.300000
538663.000000
538943.000000
539073.500000
539269.500000
539438.600000
539632.050000
539721.200000
541400.900000
541463.350000
541672.550000
541953.700000
542316.600000
543847.450000
544048.450000
544314.650000
544622.450000
544713.600000
544761.050000
544902.850000
545111.650000
545727.700000
545920.700000
546158.700000
546453.900000
546690.900000
548088.500000
548177.600000
548376.750000
548813.850000
549091.250000
550230.400000
550312.650000
550332.950000
550474.100000
550741.100000
552299.100000
552418.250000
552527.250000
553394.550000
557110.450000
557629.100000
560126.450000
561588.600000
562644.700000
563685.750000
564077.050000
564649.750000
564744.450000
566268.750000
566767.250000
569290.850000
572254.550000
574105.850000
575364.600000
577497.650000
579020.500000
579104.600000
579779.450000
579992.700000
580043.500000
580075.300000
582629.750000
582692.050000
583343.150000
583574.050000
583806.000000
583921.600000
584297.250000
584392.000000
584524.550000
584779.400000
585003.250000
585026.650000
585437.850000
585571.200000
585627.700000
585795.350000
585935.150000
586327.050000
587377.800000
587592.950000
588458.650000
589056.550000
589073.550000
589689.050000
590205.200000
590472.400000
590851.950000
591006.000000
591019.600000
591663.000000
591750.400000
591772.000000
591879.550000
591898.900000
591912.600000
592164.050000
592393.400000
592627.750000
592836.250000
593051.050000
593098.600000
593490.100000
594337.250000
594380.800000
594409.500000
594814.800000
594939.950000
595873.100000
596015.650000
596208.200000
596233.150000
596347.550000
596495.750000
596811.600000
596913.200000
597620.200000
598248.900000
598397.950000
598509.250000
598604.750000
598625.750000
599343.500000
599623.650000
599671.200000
599729.950000
599804.250000
600496.150000
600510.900000
601074.500000
601863.350000
602100.300000
602368.350000
602497.200000
602506.900000
602927.550000
603188.050000
603208.800000
603415.200000
603669.850000
603917.150000
604605.600000
605394.050000
605768.750000
606297.950000
606406.250000
606780.700000
606995.250000
607224.550000
607362.050000
607647.050000
607843.400000
607862.300000
608469.450000
608747.050000
608810.050000
609048.550000
609284.900000
609401.300000
609418.900000
609452.900000
610198.100000
610397.750000
610660.800000
610873.300000
611212.100000
611230.600000
611457.100000
611561.400000
611606.800000
611997.800000
612152.700000
612169.250000
612238.400000
612411.800000
612560.900000
612673.100000
612925.200000
613360.500000
613568.400000
613763.900000
613882.700000
613904.950000
613939.750000
614606.650000
614651.750000
614715.000000
615009.600000
615367.350000
615396.350000
616130.650000
616728.300000
617746.350000
618013.950000
618580.100000
618924.800000
619442.750000
619454.350000
619475.800000
619551.000000
620014.650000
620063.900000
620167.500000
620335.000000
620446.500000
620725.200000
620994.150000
621601.350000
621912.150000
622316.050000
622329.850000
622743.650000
624452.100000
624465.600000
625093.550000
625555.200000
625600.500000
625703.150000
625723.000000
626040.050000
626239.800000
627260.200000
627992.250000
628207.150000
628229.900000
629197.150000
629527.850000
629768.350000
629923.800000
630597.450000
630929.050000
631004.100000
631428.200000
631777.700000
631850.200000
632156.050000
632461.150000
633083.000000
633277.250000
633718.600000
633972.950000
634090.650000
634466.950000
634631.650000
634739.900000
634872.150000
635144.000000
635160.100000
635516.300000
635810.900000
635824.150000
635833.500000
636146.050000
636200.350000
636245.150000
636294.300000
637263.350000
637773.350000
637823.950000
637994.650000
638003.850000
638307.950000
638437.800000
638456.200000
638573.350000
638948.750000
640793.350000
640805.050000
640893.750000
642005.400000
643829.000000
644873.000000
644887.600000
645171.700000
646329.200000
646956.550000
647526.550000
647995.900000
648733.750000
650172.750000
650198.450000
650629.750000
650749.400000
650949.550000
651223.950000
651775.750000
652600.250000
653269.000000
653406.200000
653493.000000
653741.700000
653752.150000
654069.850000
654734.400000
654847.500000
655033.400000
655835.850000
655919.700000
656142.150000
656892.750000
657001.600000
657741.550000
657851.500000
657888.550000
658332.600000
658655.750000
658691.250000
659565.650000
659970.900000
660246.400000
660358.800000
660918.400000
661083.000000
661197.800000
661572.150000
661780.050000
662057.350000
662103.500000
662375.000000
662639.250000
663147.900000
663657.600000
663755.550000
663857.900000
665618.200000
666389.650000
666568.350000
666585.050000
667158.000000
667582.400000
668004.550000
668017.500000
668040.750000
669120.150000
669191.200000
669321.350000
669469.400000
669500.550000
669517.000000
669577.900000
669825.050000
669943.850000
670089.600000
670495.850000
670557.900000
670572.750000
670641.250000
671375.100000
671721.500000
671797.650000
671929.250000
672068.800000
672083.450000
672312.950000
672367.000000
672633.100000
672662.300000
672903.700000
672926.900000
673174.250000
673197.850000
673205.550000
673299.100000
673377.450000
673886.200000
674525.350000
674889.550000
675310.650000
675696.400000
675876.450000
675897.800000
676068.300000
676152.350000
676303.800000
676605.000000
676785.250000
676827.850000
676927.500000
677243.550000
677381.150000
677420.100000
677439.900000
678402.050000
680536.850000
680661.800000
681368.900000
681658.650000
682204.500000
682708.850000
683105.900000
683133.650000
683215.550000
683847.550000
684632.450000
685019.850000
685269.750000
685683.850000
686389.500000
686647.550000
687243.850000
687919.850000
688306.150000
688334.800000
688531.100000
688724.600000
688769.600000
689101.100000
689196.550000
689520.200000
689811.950000
689948.000000
690002.800000
690231.400000
691470.850000
691834.500000
692006.200000
692196.350000
693090.950000
693097.300000
693962.400000
693988.250000
694079.000000
695281.100000
696090.550000
696123.650000
697091.750000
697633.700000
699242.000000
699255.750000
699360.050000
699447.950000
699574.700000
699946.350000
700100.500000
700504.950000
700998.250000
701614.850000
701768.750000
702179.100000
703023.000000
703059.100000
703168.900000
703401.500000
703691.600000
704965.200000
705111.400000
705762.400000
705970.100000
706117.250000
706132.550000
706215.500000
706299.200000
706870.500000
706968.950000
706990.100000
707571.700000
707745.900000
708456.500000
708725.300000
708752.950000
709648.500000
710140.550000
710155.400000
710721.450000
710771.550000
711250.650000
711302.150000
711645.300000
711789.100000
712362.800000
712517.750000
713414.000000
713680.450000
714141.650000
714193.250000
714365.000000
714621.200000
714874.800000
715329.650000
715487.350000
715693.950000
716014.200000
717487.300000
717585.350000
717698.950000
717950.000000
718223.300000
719485.400000
719592.550000
720308.700000
721432.950000
721844.450000
723129.900000
723687.950000
724286.600000
724523.700000
726403.050000
726798.750000
727267.600000
729474.900000
729701.150000
729850.650000
730086.750000
730244.900000
730477.950000
731522.300000
731677.350000
731991.350000
732198.150000
732381.850000
732704.950000
733214.750000
733757.550000
734149.700000
734274.450000
734896.200000
735179.000000
735347.550000
735367.200000
735480.100000
736082.700000
736644.400000
736834.450000
737556.500000
737825.650000
738024.300000
738909.950000
739429.700000
740092.350000
740114.800000
740554.500000
740879.200000
741900.450000
742192.700000
742795.150000
742990.400000
743161.150000
743401.200000
743998.600000
744054.950000
744199.850000
744824.300000
745846.550000
747014.000000
747412.100000
747926.200000
748421.200000
749079.950000
749436.400000
749448.300000
749611.050000
749742.800000
750161.150000
750183.750000
750916.850000
751071.300000
751450.650000
752893.700000
753885.450000
754270.050000
754854.800000
755041.550000
755262.250000
756056.450000
756197.000000
756453.300000
757882.900000
758817.250000
759057.350000
759082.250000
760626.250000
761427.600000
761444.550000
761586.450000
761657.550000
761862.450000
761957.200000
762236.600000
763480.800000
763583.800000
763940.200000
765311.200000
765343.050000
765525.600000
765742.800000
765919.650000
766223.100000
768883.050000
769150.800000
769609.300000
770517.150000
770523.500000
771283.000000
771688.550000
772644.000000
772920.300000
774026.300000
774610.550000
774955.250000
774971.250000
775151.350000
775222.350000
775292.950000
775837.950000
775844.350000
776232.200000
777226.950000
778775.200000
778926.500000
779655.600000
780972.050000
781096.600000
782569.950000
783233.450000
783404.100000
783420.000000
784300.450000
785113.800000
785129.350000
785731.100000
787988.450000
788922.350000
792417.100000
792929.800000
793300.550000
793305.550000
793357.900000
793931.450000
794003.000000
794994.600000
795250.400000
795267.500000
795534.950000
795661.450000
796532.100000
797486.150000
798014.700000
799001.300000
799675.850000
799975.200000
800078.750000
800570.650000
802819.400000
803796.050000
803859.500000
804219.550000
804265.200000
804854.750000
805110.650000
805203.950000
806539.650000
807654.250000
808297.700000
808958.200000
809492.300000
810286.100000
812146.550000
812693.900000
813833.650000
817027.100000
817281.800000
817609.300000
818680.500000
818820.700000
823066.450000
823780.550000
826547.000000
826975.950000
828413.600000
830018.600000
830169.250000
830280.400000
830333.900000
830626.550000
831671.350000
832754.650000
832774.750000
833008.350000
833366.100000
833461.650000
833602.500000
833883.750000
835793.600000
836292.350000
837872.100000
837987.750000
839359.100000
839856.850000
840148.350000
841015.250000
841777.450000
850665.950000
850976.850000
855376.000000
857042.850000
857064.500000
857087.050000
857844.950000
857884.100000
858210.900000
859494.100000
860236.150000
864772.350000
867596.150000
868760.150000
871128.600000
872873.100000
873075.150000
876510.800000
878245.650000
878736.050000
878969.200000
878993.900000
881422.400000
881923.000000
881960.700000
885008.650000
885293.800000
885558.800000
887655.300000
887866.250000
888009.400000
888093.150000
888524.500000
888540.400000
889009.850000
889024.300000
889171.500000
889193.950000
889901.650000
889945.500000
889990.400000
890126.100000
890268.300000
890424.600000
890690.900000
891045.350000
892311.800000
892421.400000
892884.000000
895263.600000
895287.550000
895857.700000
895906.750000
899495.550000
900863.250000
901146.150000
901586.300000
902034.300000
902053.800000
902067.850000
902460.400000
902544.400000
904204.450000
906040.850000
906623.000000
906863.500000
907361.700000
908112.900000
909299.850000
909456.200000
910198.100000
910280.900000
911084.700000
911714.950000
913765.050000
914291.550000
914661.450000
915498.650000
916649.550000
920944.900000
921317.700000
922395.400000
923652.250000
924601.650000
924636.600000
924704.200000
924728.700000
924810.700000
926201.550000
927794.250000
928211.050000
931218.500000
931609.000000
933546.450000
934105.750000
934738.050000
935153.150000
935237.200000
935829.700000
935878.400000
935980.100000
936028.400000
936773.000000
936821.200000
937351.450000
937588.200000
938368.750000
938661.800000
938878.950000
938944.850000
940300.950000
940762.000000
941828.600000
941981.850000
942054.250000
942969.200000
943149.100000
947748.200000
949883.450000
951770.850000
951941.100000
954940.950000
956590.300000
958955.100000
959018.600000
960339.450000
960419.700000
960709.500000
960860.600000
961254.100000
962044.850000
964299.850000
967371.050000
967645.300000
968601.500000
969531.650000
970534.050000
973105.050000
974702.750000
975918.850000
976397.700000
976895.250000
976931.200000
978964.850000
979884.400000
980258.300000
980766.150000
981055.500000
988486.650000
992101.750000
992911.550000
993318.850000
993854.500000
995199.900000
996379.350000
996458.750000
996754.750000
998667.000000
999870.100000
1001562.150000
1002555.450000
1003879.850000
1004332.700000
1004897.350000
1005862.900000
1006159.700000
1006224.250000
1008387.600000
1010376.150000
1010444.600000
1011037.550000
1011595.950000
1011741.750000
1011834.700000
1012048.250000
1012275.700000
1012633.100000
1012879.250000
1012968.750000
1013749.100000
1014218.350000
1014759.850000
1017903.650000
1018464.350000
1021140.900000
1021594.050000
1021706.900000
1021900.350000
1022512.150000
1022672.550000
1023428.700000
1023871.350000
1024222.350000
1031266.350000
1032626.650000
1033739.600000
1034054.900000
1034466.900000
1034671.850000
1035064.100000
1035321.950000
1035438.350000
1035561.500000
1035732.750000
1035923.250000
1035978.900000
1036121.550000
1036504.350000
1036785.700000
1036858.700000
1037239.900000
1037874.350000
1038843.450000
1039383.550000
1040706.850000
1041479.200000
1041892.950000
1041917.250000
1043102.650000
1043117.950000
1043457.650000
1043700.800000
1043911.050000
1043965.100000
1044240.950000
1044313.300000
1044573.050000
1044692.000000
1044785.200000
1045089.400000
1045294.850000
1045636.150000
1045741.050000
1045945.600000
1046173.550000
1046300.250000
1046524.750000
1047022.900000
1048395.350000
1048541.100000
1048854.150000
1049124.300000
1049188.150000
1049224.050000
1049542.150000
1049946.750000
1050490.750000
1050839.050000
1051098.450000
1051303.000000
1051838.650000
1051871.800000
1051891.250000
1052297.600000
1052346.250000
1052717.300000
1054034.050000
1054494.150000
1054978.300000
1055483.450000
1056220.950000
1056375.850000
1056799.200000
1057072.850000
1057359.750000
1057631.300000
1058270.750000
1058554.850000
1058642.450000
1058894.250000
1059217.550000
1060849.900000
1061126.850000
1061900.200000
1062320.900000
1063738.500000
1063969.500000
1064086.950000
1064394.750000
1064776.900000
1065092.700000
1065445.750000
1067217.350000
1068099.650000
1068251.950000
1068731.450000
1068855.350000
1068995.850000
1069834.450000
1069852.300000
1070867.050000
1070954.150000
1071980.900000
1072061.250000
1072181.150000
1072221.450000
1073084.400000
1073703.450000
1074194.700000
1074757.500000
1075726.550000
1075930.550000
1076144.150000
1077225.500000
1078694.950000
1080681.500000
1080888.100000
1082181.600000
1082296.500000
1082656.650000
1083509.900000
1086041.750000
1086137.000000
1086963.000000
1087462.300000
1087754.300000
1088283.950000
1092953.900000
1094818.150000
1095019.250000
1096068.350000
1098194.800000
1102365.150000
1103060.250000
1105244.800000
1105429.100000
1106062.650000
1106243.500000
1107230.400000
1107806.900000
1107978.100000
1108963.500000
1109744.650000
1110952.750000
1111130.250000
1111694.450000
1113250.650000
1113352.300000
1113821.150000
1113836.100000
1113946.300000
1114686.300000
1115511.500000
1116657.400000
1117083.750000
1118406.950000
1119246.650000
1120802.350000
1122533.900000
1127314.150000
1127334.650000
1127441.350000
1127951.600000
1128021.400000
1128413.600000
1128975.350000
1130762.250000
1133069.450000
1133629.800000
1134147.600000
1137087.600000
1137832.800000
1139580.150000
1141382.250000
1141713.600000
1142161.650000
1142604.550000
1142780.900000
1147676.700000
1147828.350000
1149023.650000
1149403.150000
1150049.700000
1153450.200000
1154604.650000
1156239.000000
1168910.350000
1169665.700000
1171401.100000
1172658.050000
1174680.150000
1175418.150000
1176587.600000
1177017.050000
1177324.250000
1179100.600000
1180770.550000
1181086.100000
1184845.250000
1187306.550000
1187448.700000
1188302.800000
1188905.700000
1190165.600000
1190359.850000
1191833.350000
1192993.700000
1196558.350000
1197380.550000
1198543.500000
1198578.250000
1198697.600000
1199090.500000
1201976.400000
1202406.500000
1202430.650000
1202761.400000
1203741.050000
1203750.450000
1203801.950000
1204031.950000
1204860.150000
1205946.200000
1206905.850000
1208766.700000
1209167.800000
1209502.650000
1210015.200000
1210314.850000
1210662.900000
1210872.150000
1211451.150000
1211527.600000
1211575.300000
1211645.250000
1211909.250000
1211932.450000
1211967.450000
1212034.600000
1212306.750000
1212477.150000
1212739.250000
1213018.600000
1213125.500000
1213810.200000
1214074.250000
1214720.050000
1214982.000000
1215151.600000
1215461.600000
1215813.750000
1216009.000000
1216324.050000
1216607.300000
1218038.500000
1218912.450000
1219452.700000
1219768.550000
1220236.450000
1221445.900000
1221909.550000
1222548.750000
1223466.650000
1223611.600000
1223927.450000
1224341.050000
1224432.450000
1224866.150000
1224897.850000
1225174.200000
1225327.750000
1225878.100000
1225926.000000
1226950.700000
1228482.800000
1228543.000000
1228640.600000
1228943.100000
1229048.600000
1229107.000000
1229401.800000
1229441.450000
1229964.600000
1230103.350000
1230239.350000
1232321.450000
1233843.750000
1234023.750000
1234681.200000
1234914.050000
1235292.650000
1235427.950000
1236258.100000
1236294.700000
1236745.000000
1236947.900000
1237729.200000
1238346.900000
1238643.800000
1238926.700000
1239045.750000
1239203.350000
1239365.650000
1239411.200000
1239476.350000
1239602.100000
1239611.250000
1239730.050000
1239826.450000
1242109.650000
1242804.500000
1243107.700000
1243610.950000
1244921.550000
1245510.150000
1245517.050000
1245690.400000
1246501.650000
1247146.950000
1247312.350000
1247905.000000
1248714.550000
1249056.150000
1249766.750000
1250704.700000
1252171.000000
1252414.300000
1254174.450000
1255299.250000
1259276.200000
1259462.750000
1259639.450000
1260014.100000
1262401.600000
1264690.800000
1265508.100000
1265708.150000
1265886.950000
1266674.300000
1269582.800000
1270925.150000
1271365.350000
1271530.450000
1274029.900000
1274400.100000
1274547.800000
1274880.300000
1276784.150000
1277036.450000
1277413.050000
1278766.150000
1280050.700000
1280069.250000
1281444.350000
1282115.200000
1285534.300000
1285726.200000
1286042.800000
1286451.850000
1287898.900000
1288145.750000
1288162.800000
1294442.600000
1298538.600000
1300396.300000
1301092.550000
1301167.450000
1301842.900000
1302221.650000
1302724.850000
1303296.800000
1303526.650000
1303971.700000
1304174.000000
1304495.300000
1304517.850000
1304702.100000
1304783.600000
1305647.600000
1305694.300000
1306417.450000
1306749.950000
1307122.700000
1307263.950000
1307927.100000
1308548.900000
1308821.150000
1308825.950000
1308854.150000
1309061.350000
1309487.050000
1309598.850000
1309709.150000
1309727.300000
1309842.300000
1310233.200000
1310491.400000
1310680.500000
1310746.550000
1311261.900000
1311912.450000
1312844.500000
1313762.100000
1314659.700000
1314668.000000
1315213.300000
1318638.250000
1319780.250000
1323166.650000
1324173.450000
1325157.100000
1325519.950000
1325791.300000
1326206.700000
1326717.050000
1326763.600000
1327266.000000
1327274.850000
1329198.600000
1330961.400000
1331359.350000
1333996.800000
1334024.650000
1334066.300000
1334340.800000
1334358.600000
1338014.150000
1338504.350000
1340913.300000
1341051.950000
1342037.950000
1343318.800000
1343787.400000
1344523.350000
1346784.500000
1349515.800000
1349535.150000
1350513.700000
1353247.850000
1354150.850000
1354540.700000
1356638.050000
1358036.100000
1359998.450000
1360304.250000
1360860.200000
1361440.800000
1362386.050000
1362985.000000
1363579.250000
1363815.700000
1364232.800000
1366363.900000
1367664.850000
1368318.700000
1375550.700000
1375579.100000
1375780.150000
1376014.800000
1377614.400000
1379095.500000
1380369.200000
1382076.750000
1386479.750000
1388953.250000
1390385.750000
1391407.450000
1392223.550000
1393411.850000
1393949.600000
1394310.250000
1394513.300000
1394525.500000
1394777.100000
1395315.000000
1396341.700000
1398362.800000
1400056.650000
1402097.950000
1402466.950000
1402833.550000
1402858.450000
1404861.200000
1407523.100000
1410665.850000
1411858.700000
1412228.700000
1412601.950000
1414800.450000
1414897.300000
1415146.650000
1417163.950000
1417183.800000
1418239.700000
1418892.150000
1420809.400000
1423970.600000
1425387.400000
1425534.050000
1426142.200000
1426400.650000
1426640.100000
1426898.000000
1427021.650000
1427419.800000
1428006.700000
1428261.300000
1429555.100000
1429693.900000
1430319.700000
1430524.350000
1431014.000000
1431112.400000
1431133.150000
1431327.900000
1431354.550000
1431365.150000
1431378.750000
1431624.050000
1432334.200000
1432372.350000
1432788.550000
1432876.650000
1433208.950000
1433224.350000
1433998.850000
1434029.850000
1434314.350000
1434332.000000
1434685.550000
1435824.200000
1436519.750000
1436862.300000
1437581.150000
1439223.050000
1439777.000000
1440885.200000
1442429.600000
1443371.450000
1443628.250000
1444949.050000
1446425.550000
1447260.900000
1448198.600000
1450135.100000
1450493.450000
1452657.400000
1452781.650000
1453409.200000
1454625.000000
1455729.450000
1457274.000000
1459208.800000
1459925.750000
1459937.150000
1460680.300000
1460881.850000
1461130.250000
1461262.000000
1463134.050000
1463698.050000
1464095.800000
1464677.450000
1465546.150000
1466079.050000
1466122.950000
1466931.100000
1466956.050000
1467217.500000
1467309.550000
1467540.300000
1467570.400000
1467651.000000
1468993.000000
1470305.900000
1470328.900000
1470354.650000
1470735.400000
1471038.200000
1471258.200000
1471770.300000
1471898.850000
1472143.100000
1472283.800000
1473454.300000
1473463.400000
1475492.100000
1475716.300000
1475805.400000
1475841.200000
1476210.050000
1476564.650000
1476682.900000
1477132.000000
1479533.900000
1479731.000000
1479826.350000
1483912.400000
1483934.900000
1484038.500000
1484381.050000
1484598.500000
1485441.450000
1485827.250000
1486193.400000
1486254.200000
1486445.450000
1487119.850000
1487140.050000
1487489.950000
1487593.150000
1488352.350000
1489384.900000
1489958.800000
1490640.550000
1490788.200000
1491171.100000
1491227.550000
1491379.900000
1491644.700000
1491761.200000
1492136.750000
1492582.650000
1494294.050000
1494390.750000
1495064.250000
1495406.900000
1495415.800000
1496039.650000
1496989.050000
1497190.000000
1498464.100000
1498833.400000
1499277.850000
1499766.500000
1500883.950000
1501758.500000
1502380.200000
1502721.750000
1502737.850000
1503858.350000
1505651.900000
1505911.250000
1506185.300000
1506275.250000
1506446.650000
1506768.600000
1507243.800000
1507742.250000
1508497.200000
1509042.250000
1509363.250000
1510797.600000
1510811.550000
1511925.700000
1513018.500000
1513978.400000
1515969.500000
1515997.850000
1516047.650000
1516184.400000
1516356.800000
1517648.750000
1517880.800000
1518942.100000
1520649.200000
1521298.400000
1521835.300000
1523490.950000
1524041.100000
1524142.550000
1524178.000000
1524962.250000
1526177.200000
1526524.300000
1527591.900000
1528494.700000
1528551.100000
1530520.350000
1530676.900000
1532786.000000
1544091.100000
1546456.000000
1551941.200000
1553325.350000
1556904.000000
1560030.250000
1567174.250000
1568853.350000
1571790.300000
1574332.650000
1574449.950000
1575027.450000
1576101.800000
1577850.850000
1578103.100000
1578870.000000
1578989.700000
1580016.200000
1580896.750000
1581140.100000
1581403.150000
1581990.450000
1583372.450000
1584905.000000
1588348.300000
1588902.950000
1593400.450000
1595896.050000
1597946.400000
1598576.300000
1598682.550000
1601860.800000
1606003.300000
1607911.150000
1608310.800000
1613335.350000
1614290.800000
1616378.950000
1618700.200000
1619898.050000
1620005.300000
1620045.000000
1620642.900000
1622776.550000
1624410.100000
1624801.750000
1626170.250000
1628449.150000
1628980.000000
1629504.150000
1633904.350000
1639252.950000
1642804.450000
1643189.950000
1646213.450000
1647959.250000
1649078.300000
1650522.300000
1650994.900000
1651028.650000
1651041.550000
1652957.150000
1654351.300000
1657119.900000
1657181.250000
1659463.200000
1660369.950000
1662727.050000
1662859.150000
1664701.100000
1674406.500000
1676815.150000
1678332.050000
1681283.450000
1685671.500000
1686962.400000
1687193.900000
1687565.700000
1688697.900000
1692712.400000
1704376.050000
1708178.800000
1708311.050000
1708630.750000
1716822.550000
1722608.250000
1724353.450000
1726598.600000
1727235.800000
1728978.500000
1733649.150000
1738131.800000
1742909.100000
1743171.050000
1743898.650000
1744489.000000
1748816.550000
1752264.000000
1753270.450000
1756677.500000
1758830.450000
1761974.450000
1762159.600000
1763118.250000
1763236.800000
1763280.200000
1770153.550000
1772426.000000
1773309.100000
1779061.050000
1781791.950000
1782656.400000
1783610.600000
1784066.550000
1785197.400000
1790057.200000
1790068.700000
1793978.900000
1794811.100000
1795331.250000
1796889.650000
1798952.950000
1799187.700000
1801427.550000
1807191.950000
1809606.000000
1810794.900000
1810970.200000
1811602.350000
1811768.350000
1813902.600000
1814143.400000
1817731.000000
1820400.900000
1820978.900000
1821884.350000
1824203.750000
1825171.150000
1825953.250000
1827302.400000
1828253.350000
1829004.050000
1829099.500000
1829770.250000
1832206.200000
1833836.000000
1835774.300000
1841391.850000
1847268.650000
1849942.350000
1852672.300000
1854786.800000
1857088.900000
1857531.200000
1869639.850000
1874833.550000
1878054.050000
1880789.450000
1882760.350000
1884669.600000
1886725.700000
1887166.200000
1889312.150000
1890358.900000
1891811.700000
1893111.550000
1893659.000000
1894052.250000
1894309.150000
1894622.200000
1896416.600000
1898359.600000
1899609.550000
1900784.400000
1903342.950000
1905256.200000
1905528.900000
1905614.250000
1908263.600000
1909861.950000
1910229.800000
1911654.950000
1913186.300000
1914447.400000
1916195.250000
1917338.000000
1920039.350000
1921935.400000
1924002.550000
1924084.300000
1924494.750000
1925336.250000
1925856.800000
1926137.850000
1926404.150000
1929254.750000
1929482.300000
1930206.950000
1931161.100000
1933065.550000
1933842.850000
1935095.450000
1937032.750000
1938238.200000
1940268.950000
1940833.750000
1941762.400000
1943783.600000
1945313.300000
1945319.450000
1946259.250000
1948415.000000
1948894.000000
1952936.500000
1955704.100000
1959675.550000
1960358.950000
1961104.150000
1961246.900000
1963200.000000
1964894.200000
1966034.600000
1967321.200000
1967569.550000
1968763.900000
1970930.850000
1971303.100000
1971346.700000
1971479.550000
1972527.150000
1974716.850000
1974953.350000
1975032.650000
1975756.000000
1976016.650000
1976895.450000
1977870.150000
1978085.850000
1978499.600000
1981992.500000
1982852.300000
1986273.650000
1986600.800000
1989264.000000
1990210.100000
1999317.550000
2002340.800000
2003621.400000
2005494.450000
2007306.750000
2009081.850000
2012069.100000
2017221.500000
2018178.850000
2019523.750000
2021463.950000
2022425.050000
2025449.900000
2025654.200000
2026956.750000
2042256.700000
2043592.300000
2043868.500000
2044000.600000
2044217.350000
2045929.350000
2047804.900000
2051275.850000
2051307.600000
2051549.100000
2053923.000000
2055339.100000
2056126.600000
2056863.450000
2057327.150000
2057372.350000
2057400.400000
2057459.050000
2058710.350000
2059008.150000
2059932.450000
2060493.850000
2060874.400000
2061502.000000
2061759.150000
2061906.850000
2062267.950000
2062752.050000
2063607.800000
2063617.300000
2064072.200000
2064455.450000
2065133.500000
2066689.100000
2066762.900000
2067140.100000
2068355.450000
2068627.700000
2069378.600000
2071056.800000
2071073.450000
2075775.050000
2078938.850000
2079735.200000
2080751.800000
2081167.100000
2082097.100000
2082980.000000
2083086.500000
2083099.050000
2083217.300000
2088196.550000
2092118.650000
2092632.250000
2092827.400000
2094074.950000
2094901.600000
2095539.700000
2096566.700000
2097889.050000
2098715.900000
2098938.650000
2099030.950000
2099831.550000
2099947.450000
2102538.100000
2106422.950000
2107317.450000
2108960.150000
2109973.150000
2110867.750000
2111139.350000
2112792.200000
2113463.750000
2113945.350000
2114010.100000
2114940.950000
2116635.600000
2117022.750000
2117347.150000
2117482.350000
2117514.150000
2117783.150000
2120187.300000
2120809.950000
2120976.950000
2121546.500000
2127528.150000
2128916.850000
2129224.200000
2130764.500000
2131114.900000
2131260.700000
2131648.200000
2132278.900000
2133199.000000
2141751.950000
2142077.100000
2142645.900000
2142956.200000
2144331.700000
2146030.300000
2146200.450000
2147244.400000
2150863.250000
2151742.250000
2152573.050000
2155139.950000
2155634.500000
2157073.300000
2159567.900000
2160117.900000
2160912.350000
2162280.800000
2163478.800000
2163797.200000
2167759.400000
2168630.300000
2170789.950000
2171337.800000
2172102.900000
2172228.500000
2172249.500000
2173567.150000
2174951.100000
2175153.850000
2175242.950000
2175351.800000
2178216.050000
2179158.500000
2179905.250000
2180970.000000
2181070.000000
2182994.350000
2183914.050000
2185807.550000
2186245.450000
2186428.100000
2187052.900000
2187072.300000
2187206.150000
2187675.500000
2188256.600000
2188877.200000
2190343.200000
2192116.900000
2193212.750000
2193532.250000
2194821.600000
2195206.050000
2196494.250000
2197161.400000
2198948.400000
2199323.000000
2199590.650000
2199999.700000
2201909.200000
2201969.850000
2203294.600000
2204677.050000
2205712.350000
2206296.000000
2206810.400000
2207179.200000
2207881.050000
2210633.200000
2210650.650000
2211602.350000
2212043.500000
2212503.200000
2212516.800000
2213938.250000
2215062.650000
2215275.150000
2215615.650000
2215824.600000
2216489.150000
2220737.450000
2225664.600000
2227823.900000
2228961.350000
2231020.450000
2231639.250000
2234573.250000
2234890.250000
2236615.500000
2236724.850000
2237481.900000
2237582.400000
2237782.650000
2237887.800000
2238562.450000
2238894.000000
2239459.550000
2239531.050000
2240056.850000
2240358.050000
2240979.550000
2241884.150000
2243161.600000
2243999.100000
2245939.900000
2247011.150000
2248179.350000
2248669.950000
2249217.850000
2249723.950000
2250785.150000
2251786.050000
2252304.450000
2257597.950000
2258422.600000
2258704.500000
2260260.250000
2262618.600000
2263220.300000
2267098.750000
2268306.750000
2269233.800000
2269597.350000
2270391.350000
2273916.850000
2274340.200000
2276331.750000
2279320.250000
2280339.950000
2280948.700000
2281261.700000
2285508.000000
2289450.200000
2289646.700000
2289686.350000
2290510.950000
2292042.900000
2295460.150000
2295665.550000
2296217.200000
2299893.350000
2304705.700000
2307946.550000
2308016.950000
2308930.900000
2309627.300000
2309714.500000
2310452.600000
2311694.500000
2313739.000000
2313832.550000
2314062.400000
2314438.600000
2316987.050000
2317839.500000
2318046.850000
2318879.700000
2319483.250000
2322628.050000
2322648.650000
2325307.050000
2325951.550000
2327850.100000
2328752.950000
2329068.450000
2329434.100000
2329467.850000
2329798.250000
2329920.850000
2330402.500000
2331223.100000
2331805.400000
2333473.500000
2333813.000000
2334053.200000
2334189.550000
2334664.150000
2335090.300000
2335256.150000
2336119.350000
2337972.550000
2338082.950000
2338233.750000
2338931.550000
2339022.850000
2340045.400000
2341403.450000
2345643.200000
2350947.050000
2351225.350000
2352397.700000
2352900.550000
2354109.150000
2355819.400000
2356031.700000
2356227.000000
2356852.750000
2356965.450000
2356999.150000
2357276.850000
2357387.000000
2358336.100000
2358679.700000
2358990.700000
2359293.200000
2359326.750000
2359491.550000
2360128.700000
2361455.400000
2361910.550000
2362202.600000
2362469.800000
2362709.950000
2362776.700000
2363445.500000
2364007.300000
2364810.950000
2364881.050000
2365168.300000
2365311.000000
2365325.750000
2365417.600000
2365499.200000
2365992.200000
2366650.500000
2367102.150000
2367522.450000
2367979.450000
2368558.850000
2368706.350000
2368813.500000
2369164.800000
2369178.300000
2369387.100000
2369844.750000
2370328.500000
2370565.100000
2371549.350000
2372267.200000
2373069.850000
2373183.350000
2373833.300000
2374240.750000
2374837.550000
2375309.450000
2375397.250000
2375686.950000
2375716.350000
2379112.150000
2379615.050000
2381300.100000
2382454.600000
2382592.900000
2382675.350000
2383247.100000
2383273.200000
2383299.750000
2383385.700000
2383702.450000
2384081.600000
2384853.800000
2385212.950000
2385700.700000
2385953.000000
2386077.500000
2386218.500000
2387380.950000
2388097.650000
2388478.300000
2389145.650000
2391211.950000
2391341.700000
2391566.250000
2391656.800000
2392334.350000
2393953.450000
2394796.300000
2396172.050000
2396851.900000
2396862.300000
2401448.700000
2404257.650000
2405868.600000
2409679.300000
2411212.050000
2414674.200000
2417183.450000
2417526.650000
2417678.700000
2417888.150000
2420750.300000
2421767.250000
2424882.250000
2426235.800000
2431876.600000
2437026.150000
2438704.700000
2438757.400000
2438914.350000
2440571.150000
2441278.450000
2441297.250000
2442367.850000
2442428.500000
2442976.800000
2443389.450000
2444409.500000
2446580.500000
2450365.950000
2450711.800000
2454619.500000
2458698.200000
2458832.650000
2461605.200000
2462461.200000
2464130.950000
2465951.250000
2469179.500000
2470343.750000
2470410.500000
2470990.350000
2471380.050000
2473978.050000
2474908.450000
2476917.900000
2478288.900000
2478914.800000
2479199.900000
2479308.800000
2479506.150000
2480159.900000
2480812.650000
2483207.850000
2485143.000000
2485460.500000
2487759.650000
2488695.900000
2490781.150000
2491162.950000
2491448.800000
2491731.400000
2495309.950000
2496325.050000
2499872.700000
2500743.850000
2501919.250000
2503385.150000
2503858.350000
2504820.800000
2505989.900000
2507940.300000
2511249.000000
2515459.050000
2517424.300000
2527775.800000
2531498.650000
2533050.600000
2533466.550000
2533942.850000
2534516.450000
2534860.600000
2537423.050000
2537548.500000
2537650.650000
2540220.750000
2540708.300000
2540794.550000
2542333.450000
2543260.200000
2546291.150000
2547326.800000
2553568.050000
2553870.050000
2554005.050000
2556782.450000
2557725.750000
2557961.500000
2558816.900000
2559270.500000
2564117.000000
2565673.150000
2565759.950000
2565796.300000
2567502.700000
2567642.800000
2567771.150000
2567892.950000
2567971.850000
2568098.600000
2570099.850000
2570589.200000
2572599.200000
2573091.800000
2574195.350000
2574239.800000
2574466.650000
2574629.250000
2576151.400000
2578527.750000
2580089.300000
2580228.600000
2580310.100000
2580655.000000
2581748.700000
2583807.100000
2585224.950000
2585703.050000
2585768.350000
2588669.850000
2589062.650000
2589104.100000
2589150.250000
2590403.300000
2591967.800000
2592255.900000
2592394.400000
2593932.650000
2596439.000000
2596744.850000
2597764.500000
2599052.600000
2599364.800000
2599616.800000
2599684.850000
2600920.050000
2602003.300000
2602507.900000
2602541.550000
2602976.000000
2603110.550000
2603343.650000
2603438.100000
2603960.550000
2604702.750000
2604761.200000
2607250.400000
2607305.100000
2607412.550000
2607751.650000
2608545.650000
2609002.200000
2609256.500000
2609556.850000
2609666.550000
2610596.900000
2612561.500000
2612869.150000
2614363.350000
2618569.550000
2620583.550000
2621153.650000
2621534.250000
2622101.950000
2624280.200000
2624415.300000
2624999.050000
2625545.350000
2626472.200000
2626926.650000
2628446.750000
2628513.550000
2628685.500000
2629140.650000
2629752.350000
2629796.600000
2633758.100000
2634123.550000
2634941.900000
2635351.650000
2637070.600000
2638471.700000
2638508.200000
2639183.950000
2644600.000000
2648555.300000
2649161.250000
2649382.200000
2649654.300000
2649826.500000
2650313.550000
2650781.300000
2651649.000000
2655263.800000
2655967.750000
2656163.700000
2656320.000000
2656385.000000
2656515.200000
2659284.950000
2661251.500000
2661800.300000
2662521.800000
2663007.400000
2663031.150000
2664789.750000
2664991.350000
2666359.600000
2667981.250000
2671606.700000
2673642.350000
2676297.100000
2676702.600000
2677743.750000
2677985.550000
2678030.950000
2678275.350000
2678716.000000
2683470.650000
2686285.350000
2686613.450000
2686728.450000
2688329.650000
2688511.550000
2689785.300000
2690684.050000
2691779.800000
2691886.300000
2691952.650000
2693319.300000
2693957.250000
2694296.850000
2694667.350000
2694693.700000
2694964.600000
2695062.850000
2695101.600000
2695535.150000
2695987.750000
2696117.350000
2696941.550000
2697610.700000
2698372.650000
2699604.150000
2701767.650000
2702419.200000
2704505.650000
2705944.150000
2706214.250000
2709039.700000
2709379.000000
2709475.650000
2714732.600000
2715181.750000
2715331.000000
2716391.400000
2716621.600000
2716876.400000
2717326.650000
2717899.350000
2718412.950000
2722080.950000
2725362.400000
2726469.850000
2726731.500000
2728351.150000
2728977.100000
2732867.950000
2733178.750000
2733631.850000
2734012.750000
2735743.200000
2739242.850000
2739740.000000
2740024.050000
2740514.300000
2742342.950000
2745210.700000
2745479.550000
2749282.700000
2750143.950000
2750596.100000
2750903.650000
2753992.900000
2755472.650000
2758012.350000
2758183.900000
2760133.050000
2760952.200000
2761693.550000
2761824.450000
2762308.950000
2765376.300000
2767087.500000
2768211.450000
2773520.600000
2775003.350000
2775026.050000
2776180.100000
2777028.550000
2777670.150000
2777895.400000
2778488.400000
2780295.450000
2784258.550000
2785184.900000
2786207.200000
2786648.100000
2789237.800000
2791357.000000
2792041.100000
2794003.800000
2794887.500000
2795366.000000
2795928.000000
2800244.550000
2803144.050000
2803401.700000
2803753.550000
2805033.700000
2805230.700000
2805561.450000
2807389.350000
2809448.100000
2810077.650000
2810512.950000
2813599.750000
2814256.850000
2814608.350000
2815028.600000
2816413.350000
2816759.000000
2822920.200000
2823917.850000
2824289.050000
2826715.600000
2827148.800000
2829113.750000
2831977.950000
2834540.050000
2834584.650000
2836811.150000
2837421.950000
2838185.450000
2838402.200000
2838612.650000
2838805.850000
2839656.600000
2839793.500000
2840055.700000
2840110.450000
2840130.700000
2840930.850000
2841043.400000
2842876.900000
2847127.600000
2847803.750000
2850163.850000
2850343.300000
2851393.000000
2853862.400000
2854886.100000
2854917.400000
2863080.350000
2864491.950000
2864580.850000
2865188.550000
2865619.550000
2867369.350000
2867557.900000
2868023.100000
2868379.450000
2868410.500000
2869120.450000
2869494.300000
2870176.000000
2870657.150000
2870793.950000
2871409.250000
2872642.200000
2872913.050000
2873766.400000
2874439.250000
2875672.850000
2875966.200000
2876159.950000
2878936.500000
2879339.250000
2881766.050000
2882089.000000
2882856.700000
2883775.550000
2884008.600000
2885497.200000
2886406.300000
2887301.550000
2887345.750000
2889091.350000
2889616.500000
2890436.200000
2890632.950000
2891235.400000
2891963.400000
2892433.900000
2892912.250000
2895901.400000
2896935.150000
2897161.350000
2897935.550000
2899016.400000
2900671.150000
2900760.800000
2901215.100000
2902568.500000
2903007.900000
2903072.050000
2904195.050000
2908188.100000
2910055.350000
2910105.250000
2913569.650000
2915276.850000
2916127.800000
2916147.700000
2919254.800000
2921454.850000
2922905.800000
2923217.750000
2923798.750000
2923841.950000
2925158.900000
2925300.800000
2926730.350000
2927282.600000
2927624.400000
2927674.200000
2929049.700000
2930372.300000
2931584.350000
2932296.850000
2932958.300000
2933322.500000
2933436.950000
2933626.650000
2934218.300000
2935307.050000
2937955.350000
2938492.700000
2939506.150000
2941890.400000
2941919.250000
2942909.850000
2944143.100000
2945114.500000
2945214.500000
2946604.150000
2949686.600000
2951025.400000
2952814.950000
2953683.950000
2957235.600000
2959039.600000
2960062.250000
2960769.900000
2963614.750000
2964585.150000
2964855.850000
2965079.600000
2965553.800000
2968651.950000
2969171.900000
2970925.100000
2971040.600000
2974785.450000
2976528.800000
2977518.300000
2979927.750000
2980481.850000
2983819.200000
2984411.900000
2985635.350000
2985998.400000
2986189.200000
2986252.500000
2986375.550000
2987178.350000
2987525.600000
2988028.650000
2988236.950000
2988510.250000
2989540.100000
2990104.950000
2990391.750000
2990478.100000
2990773.800000
2991771.650000
2991928.050000
2992339.300000
2992411.050000
2992679.700000
2993087.950000
2994523.450000
2994910.800000
2995564.300000
2995588.500000
2995914.350000
2996545.450000
2997050.650000
2997408.600000
3000726.100000
3003407.350000
3004563.600000
3010745.600000
3010854.050000
3012323.200000
3016707.300000
3017034.600000
3017173.900000
3018221.300000
3019056.800000
3020042.400000
3020296.400000
3020580.600000
3021423.400000
3022347.450000
3024499.400000
3025644.700000
3026505.300000
3026587.500000
3026812.550000
3027136.450000
3027613.550000
3029296.050000
3032093.000000
3036071.700000
3036609.250000
3037921.650000
3038550.900000
3039030.800000
3039064.000000
3040067.450000
3040570.950000
3043534.950000
3043729.600000
3046446.750000
3046471.250000
3047187.650000
3047989.300000
3048119.450000
3048376.900000
3048724.150000
3048741.800000
3049626.250000
3055190.550000
3055797.950000
3056414.700000
3056863.850000
3057414.250000
3058453.900000
3063046.450000
3065831.800000
3066248.350000
3068925.750000
3068959.200000
3074767.700000
3076380.450000
3076912.000000
3077957.350000
3079414.800000
3079464.250000
3079588.950000
3079912.950000
3081713.350000
3083007.600000
3083557.700000
3083923.550000
3084177.400000
3084540.900000
3085596.000000
3085698.400000
3085711.400000
3086332.300000
3086426.400000
3087278.050000
3087364.200000
3087459.000000
3087521.500000
3088175.450000
3088690.750000
3088736.400000
3088951.150000
3089119.750000
3089372.200000
3089794.100000
3092117.300000
3092534.750000
3092550.900000
3093466.800000
3096792.450000
3097828.900000
3101432.550000
3101546.400000
3104289.400000
3106750.400000
3106982.350000
3108228.250000
3108446.250000
3108660.600000
3109082.900000
3109471.150000
3109638.450000
3109788.750000
3109897.100000
3110665.150000
3111518.600000
3112169.600000
3114364.400000
3115111.950000
3115519.850000
3118111.100000
3119449.550000
3121530.700000
3122160.800000
3123079.900000
3124577.600000
3125993.050000
3126404.350000
3127460.150000
3128966.400000
3135046.500000
3135065.150000
3137789.650000
3140035.550000
3142066.700000
3142748.400000
3150148.750000
3150491.200000
3151838.900000
3152502.550000
3152616.200000
3152849.300000
3161032.600000
3161455.900000
3161946.650000
3165328.000000
3165481.350000
3165530.650000
3165682.700000
3166503.600000
3166847.500000
3167414.350000
3167470.650000
3169683.150000
3170041.350000
3176724.850000
3177392.900000
3178621.250000
3180052.150000
3180593.350000
3186458.700000
3187696.150000
3188711.350000
3189514.050000
3189530.150000
3190453.050000
3191930.550000
3195588.700000
3196209.650000
3198479.500000
3201853.050000
3203935.300000
3207074.700000
3207703.350000
3211028.550000
3214420.500000
3215943.600000
3216197.050000
3216272.950000
3217430.650000
3217583.300000
3218303.250000
3218428.450000
3219807.400000
3220788.400000
3225020.800000
3225232.850000
3228051.150000
3228390.750000
3233032.900000
3233190.050000
3234070.000000
3234095.600000
3235165.650000
3236101.250000
3236323.200000
3239310.150000
3239329.850000
3240558.650000
3240997.350000
3242862.950000
3243063.550000
3243774.750000
3247081.300000
3248108.350000
3249354.700000
3249576.600000
3249915.350000
3251907.600000
3256286.850000
3256592.000000
3257010.350000
3258089.850000
3258573.650000
3258741.400000
3259615.850000
3260892.250000
3260941.650000
3261741.550000
3261958.850000
3262251.250000
3264446.750000
3264724.900000
3264791.900000
3265345.750000
3265515.900000
3266592.750000
3273171.700000
3274404.350000
3275796.650000
3277092.150000
3277718.500000
3280400.000000
3280779.500000
3281177.500000
3281482.750000
3282061.400000
3282077.200000
3282131.900000
3283777.050000
3285244.000000
3286453.300000
3287098.050000
3287660.800000
3287675.850000
3287698.450000
3287955.050000
3288023.350000
3289565.350000
3290354.800000
3291125.400000
3291403.450000
3292967.450000
3293088.200000
3293219.600000
3294003.350000
3294151.100000
3294478.200000
3294599.400000
3294863.550000
3295032.100000
3295225.000000
3295245.050000
3295345.450000
3295434.300000
3295445.850000
3295748.550000
3296288.100000
3296324.350000
3296908.950000
3297685.500000
3297773.700000
3297923.550000
3298770.750000
3299058.200000
3299350.100000
3301567.300000
3301809.200000
3301849.700000
3301938.150000
3302740.200000
3304203.300000
3304751.000000
3305843.700000
3305870.600000
3305882.800000
3306948.950000
3310550.100000
3310580.950000
3312213.000000
3313310.350000
3313462.650000
3316035.200000
3316842.800000
3316927.900000
3317664.350000
3317742.450000
3317755.650000
3318748.550000
3319092.250000
3319215.650000
3320360.800000
3320982.250000
3321304.800000
3321561.550000
3322111.600000
3322825.050000
3323363.200000
3328178.600000
3328212.700000
3328933.500000
3330477.350000
3330662.400000
3333122.350000
3339796.950000
3340175.000000
3340391.250000
3343120.900000
3343561.400000
3344747.500000
3346205.600000
3346231.550000
3346927.950000
3347010.800000
3347992.450000
3348303.850000
3350122.050000
3350298.950000
3350852.300000
3351003.500000
3352308.100000
3353679.300000
3353923.850000
3355753.450000
3356131.850000
3356344.050000
3357883.100000
3359510.750000
3363573.050000
3363732.150000
3363946.000000
3368395.850000
3369579.800000
3370084.150000
3373841.300000
3373883.800000
3374161.550000
3375609.200000
3378324.500000
3378485.300000
3378699.200000
3379015.850000
3379063.500000
3379873.650000
3380107.300000
3380622.950000
3385208.550000
3386875.700000
3389511.000000
3390206.800000
3393358.550000
3394741.450000
3395902.850000
3396295.200000
3397310.550000
3397773.350000
3397983.750000
3398380.500000
3398418.050000
3404569.950000
3406801.450000
3408923.550000
3416284.200000
3416422.050000
3418301.650000
3421224.250000
3422751.450000
3424644.700000
3425022.950000
3427074.900000
3428352.350000
3429237.600000
3431075.150000
3433982.150000
3435066.300000
3437528.550000
3437574.900000
3438068.650000
3439917.200000
3442222.400000
3446317.400000
3447103.400000
3447564.450000
3447616.550000
3447999.850000
3448114.950000
3448559.900000
3449840.500000
3449997.050000
3455590.750000
3455940.900000
3458644.350000
3459900.800000
3461597.550000
3461710.500000
3462081.400000
3462580.000000
3463705.850000
3464362.350000
3465010.350000
3466098.650000
3467296.300000
3468120.200000
3469277.750000
3469333.350000
3469986.250000
3470015.500000
3470468.200000
3471495.300000
3472099.250000
3473111.000000
3473262.850000
3473482.800000
3473836.300000
3474607.250000
3474658.050000
3475292.250000
3475681.600000
3475891.950000
3476328.900000
3476486.100000
3477375.050000
3477408.200000
3478191.200000
3478242.000000
3478356.750000
3481455.250000
3481858.700000
3484474.850000
3485774.000000
3486563.950000
3487388.400000
3487603.300000
3487800.300000
3487995.100000
3488010.150000
3488675.950000
3493687.200000
3493982.200000
3494002.600000
3494026.000000
3494489.800000
3497954.500000
3498046.300000
3500625.850000
3500872.050000
3501404.900000
3502669.850000
3504803.850000
3505123.750000
3505881.000000
3506388.100000
3507338.400000
3507696.200000
3508939.500000
3510205.350000
3510342.050000
3511342.400000
3511683.300000
3512716.350000
3515425.200000
3515655.200000
3515829.450000
3519570.300000
3519939.450000
3519966.000000
3520467.250000
3522124.650000
3523325.000000
3523657.200000
3525750.200000
3528631.950000
3528984.600000
3529106.400000
3529289.300000
3530004.650000
3533167.800000
3533490.300000
3535148.300000
3535225.950000
3535487.450000
3536286.250000
3537196.300000
3538464.150000
3539397.950000
3540107.800000
3540507.550000
3541303.050000
3541547.150000
3542431.200000
3543245.300000
3543839.350000
3546989.000000
3547087.200000
3549667.500000
3550412.900000
3550917.350000
3552617.300000
3553792.300000
3554198.950000
3554226.950000
3554716.450000
3556489.200000
3557075.550000
3563443.750000
3564583.250000
3565639.850000
3565678.250000
3566463.200000
3567487.900000
3568341.950000
3570203.950000
3570618.350000
3571452.750000
3572462.750000
3572490.750000
3572584.050000
3575007.550000
3575234.900000
3575689.850000
3575971.600000
3576246.050000
3576596.900000
3581855.550000
3582003.150000
3582157.200000
3582312.450000
3582557.600000
3583030.800000
3583825.500000
3583843.000000
3584528.400000
3584562.450000
3584646.050000
3584849.950000
3585032.050000
3585288.750000
3586027.100000
3588810.900000
3589058.200000
3589247.800000
3590059.250000
3590434.850000
3590737.000000
3590751.450000
3590915.000000
3592195.300000
3592470.950000
3593749.950000
3594096.950000
3594822.750000
3596202.500000
3597231.850000
3597881.200000
3597916.250000
3598442.400000
3598471.500000
3598540.500000
3598558.250000
3598609.600000
3599672.350000
