5075.800000
5082.300000
5086.400000
5092.100000
5384.900000
5636.800000
5641.050000
5648.050000
7114.000000
7187.350000
7227.750000
8460.100000
8532.150000
8558.900000
8647.050000
8663.300000
8789.100000
9131.650000
9183.900000
9369.750000
9373.550000
9385.100000
10067.750000
12663.350000
12669.450000
12813.700000
13660.050000
32292.800000
32303.750000
32316.900000
36916.450000
50089.300000
50104.000000
61496.850000
61510.400000
77218.350000
77224.000000
77228.800000
82136.250000
86528.250000
91702.300000
91706.400000
91717.150000
92938.900000
97853.800000
105772.350000
105865.350000
106002.700000
106151.200000
106156.150000
117779.000000
118807.800000
118839.750000
119607.500000
119618.250000
119624.550000
121658.050000
122614.750000
123686.700000
123798.750000
123820.850000
123896.600000
127938.000000
128077.450000
129058.750000
129755.850000
129778.000000
129996.550000
130437.300000
130448.250000
130484.000000
130495.200000
130501.650000
130808.850000
130813.300000
130817.500000
131253.100000
131295.650000
131591.150000
131909.850000
132000.450000
132536.050000
132652.450000
133112.700000
133384.350000
133460.750000
133472.100000
133489.650000
133682.200000
134556.000000
137188.050000
137247.550000
138297.600000
138301.650000
138307.600000
139086.500000
139252.300000
139264.700000
139284.600000
139327.800000
141042.650000
141064.000000
141821.950000
141833.500000
141888.400000
141895.300000
141901.500000
141938.550000
142438.850000
142445.550000
144209.350000
146814.600000
147097.950000
147213.700000
147821.050000
147831.300000
152891.750000
153926.600000
155351.900000
156961.750000
157028.500000
160638.600000
160648.000000
161178.450000
161274.900000
161281.100000
161659.550000
161810.150000
161814.100000
161919.000000
161925.150000
162028.550000
189809.800000
204890.450000
204915.100000
204928.450000
212770.450000
248059.450000
248064.550000
248279.350000
265468.300000
265481.750000
265486.250000
265492.400000
325532.150000
327441.300000
327573.000000
327633.850000
327639.250000
334754.000000
335381.800000
335399.700000
341896.250000
342182.400000
343033.250000
348836.700000
349769.800000
349928.900000
349938.450000
349954.850000
354049.700000
354060.550000
354069.900000
354078.450000
354091.650000
381365.800000
381711.450000
381901.650000
385040.950000
385049.000000
387912.000000
387997.000000
388001.800000
388010.650000
388014.250000
388019.200000
388025.650000
388083.650000
388089.400000
391805.350000
391833.000000
392071.250000
392139.100000
392892.550000
397418.950000
397573.000000
397576.650000
397737.700000
397744.100000
397747.200000
397752.000000
397758.050000
400683.500000
401867.650000
401913.650000
401921.500000
402482.650000
402555.350000
405111.750000
405281.600000
405286.650000
405297.600000
405305.450000
405357.200000
405360.400000
405435.700000
405615.500000
405636.300000
405648.400000
408011.400000
408350.650000
408449.700000
409335.900000
411831.150000
430030.000000
442532.950000
465450.350000
507571.100000
507578.650000
507593.900000
508117.250000
508126.750000
508616.450000
508631.900000
508647.150000
508668.700000
511972.350000
512016.350000
512020.200000
512031.050000
513114.300000
513247.650000
513255.500000
513275.950000
513294.600000
513414.350000
513510.000000
514190.850000
514517.750000
514855.200000
514859.600000
514864.200000
515535.500000
515811.550000
516739.650000
517322.950000
521181.750000
521196.250000
521511.600000
527387.200000
529429.550000
529433.200000
529641.800000
534116.350000
535409.700000
543027.700000
543715.500000
546337.600000
546480.100000
546510.250000
546547.200000
546814.250000
552080.450000
555891.550000
555900.550000
562477.800000
562487.850000
583082.550000
584466.750000
589348.800000
589544.300000
590565.100000
590583.350000
590588.900000
590593.000000
620233.050000
623789.850000
624724.900000
626029.150000
627977.950000
628189.950000
630021.000000
630151.600000
630237.300000
630361.050000
630430.450000
630437.100000
630444.700000
630448.300000
630917.250000
631602.850000
631613.000000
632001.250000
632014.000000
632172.450000
632185.800000
632197.700000
632206.400000
632672.450000
632676.600000
632788.750000
633217.550000
634728.350000
634736.850000
635173.450000
635342.200000
636964.100000
638152.300000
642482.200000
643007.600000
643558.750000
643947.500000
643958.100000
644086.300000
647988.500000
648839.550000
648983.000000
649017.100000
650005.000000
650332.450000
650460.300000
650575.600000
653505.400000
654108.600000
654475.200000
654512.650000
654687.200000
655862.550000
655926.700000
656035.500000
656043.200000
656047.250000
657137.550000
657352.300000
657362.400000
658165.600000
658500.750000
658925.550000
661889.100000
661899.450000
661904.750000
662114.650000
662199.800000
662504.750000
662536.500000
662542.600000
662547.450000
662555.550000
663329.250000
663668.950000
664064.200000
666380.500000
667049.550000
667063.000000
671210.700000
671793.500000
672752.800000
672879.750000
672888.750000
672910.900000
673078.950000
673953.750000
674990.700000
678422.900000
678633.750000
678657.950000
678750.450000
681349.000000
681685.450000
684018.500000
684046.900000
684644.500000
684659.350000
684679.200000
684734.600000
684793.200000
684906.350000
684918.700000
684924.450000
685009.400000
685022.100000
685245.200000
685353.500000
685360.800000
685379.350000
685396.800000
685908.550000
687089.550000
687153.800000
687159.200000
687232.050000
687238.500000
687242.150000
687253.300000
687444.950000
690001.350000
690007.500000
691651.850000
691655.650000
691664.000000
691681.250000
692690.650000
692699.700000
695457.850000
695560.350000
696036.600000
696059.050000
696069.600000
696083.600000
696086.550000
696097.700000
696103.100000
696115.350000
696221.850000
696234.550000
696246.000000
697763.350000
708874.750000
709095.150000
709126.450000
709131.000000
709134.100000
709137.650000
709144.200000
709148.050000
709170.100000
709177.350000
709185.150000
709311.400000
709320.450000
711064.650000
712348.050000
727920.700000
727940.450000
811334.100000
811339.950000
812424.150000
813819.800000
815213.400000
816154.900000
816300.750000
821092.800000
821097.350000
821100.400000
821106.900000
821119.750000
821125.700000
826803.850000
827059.500000
827392.550000
827405.450000
827456.000000
827579.100000
831305.650000
831619.550000
831789.950000
840208.350000
840828.900000
841360.400000
842405.700000
842415.300000
856632.850000
861423.100000
880161.650000
880167.700000
886174.250000
905586.650000
917823.600000
926374.750000
936547.150000
985923.600000
985928.300000
985936.250000
1024544.950000
1039375.600000
1053278.050000
1054704.100000
1054711.750000
1055641.950000
1056213.700000
1057220.000000
1057902.600000
1060895.900000
1061464.100000
1068101.600000
1068262.350000
1068269.800000
1077204.300000
1077660.350000
1077666.500000
1085093.500000
1085723.050000
1085733.800000
1100344.650000
1100348.650000
1100792.150000
1145376.250000
1147863.900000
1147870.250000
1147874.100000
1148654.250000
1155059.250000
1155076.500000
1155082.650000
1155085.800000
1155089.200000
1155093.750000
1155105.800000
1155112.850000
1155117.900000
1167221.950000
1167226.850000
1167230.500000
1167239.350000
1167249.600000
1175730.000000
1253963.650000
1259679.150000
1259696.850000
1265336.050000
1265350.850000
1327566.400000
1327574.700000
1327580.000000
1327584.950000
1361554.650000
1361558.850000
1361564.700000
1361583.800000
1375554.850000
1375559.250000
1401632.200000
1402652.350000
1402672.600000
1402739.800000
1448209.250000
1448220.050000
1448227.100000
1448231.500000
1448243.000000
1451447.150000
1451476.850000
1527369.550000
1535299.300000
1535311.650000
1545360.100000
1545403.500000
1547365.650000
1557872.700000
1601710.550000
1622776.550000
1641341.500000
1650256.000000
1660450.400000
1668156.350000
1668165.200000
1668169.100000
1674384.150000
1674389.100000
1674413.100000
1710912.250000
1715794.400000
1715826.700000
1716970.700000
1722673.250000
1723708.400000
1750200.600000
1767275.100000
1767280.800000
1767286.000000
1767300.800000
1767305.400000
1767314.800000
1783211.650000
1804870.950000
1810870.150000
1849698.150000
1849704.900000
1849721.600000
1849726.000000
1849730.800000
1849739.700000
1859614.150000
1860328.050000
1860341.500000
1860345.700000
1860359.900000
1861148.150000
1861165.550000
1861170.850000
1870480.400000
1902827.250000
1902831.250000
1902838.350000
1902861.300000
1925770.550000
1934132.150000
1960356.000000
1960380.200000
1985994.200000
1986000.350000
1986011.000000
1986020.250000
2021496.650000
2021638.450000
2021647.300000
2021652.250000
2021657.000000
2109242.000000
2114058.400000
2114165.200000
2139419.500000
2139426.150000
2139433.350000
2139437.750000
2139445.050000
2140388.400000
2154502.550000
2154519.150000
2162928.550000
2168854.800000
2168872.850000
2188420.500000
2188426.150000
2188434.000000
2194302.850000
2220145.150000
2227705.750000
2245282.300000
2259847.150000
2262437.250000
2271840.300000
2299577.050000
2311795.300000
2311803.800000
2313171.400000
2313188.200000
2353377.300000
2354437.150000
2368721.550000
2368741.350000
2376186.050000
2389559.850000
2438743.400000
2438747.500000
2438756.450000
2438764.000000
2488189.450000
2488193.150000
2488197.350000
2492869.800000
2492873.450000
2528870.900000
2548701.100000
2648303.650000
2648314.600000
2648329.850000
2713702.750000
2713716.250000
2713724.100000
2756747.650000
2756755.100000
2770089.050000
2770093.200000
2770103.450000
2803821.600000
2804890.750000
2804896.950000
2804902.250000
2804905.750000
2804912.100000
2804926.250000
2806124.250000
2857199.100000
2857203.350000
2895709.700000
2902005.800000
2915959.400000
2920036.550000
2948842.300000
2951333.350000
2951338.350000
2951343.850000
2951348.050000
2951355.600000
2958210.700000
2961072.050000
2962947.300000
2981345.100000
2981353.600000
3089334.550000
3103838.300000
3103871.350000
3123767.800000
3123773.800000
3123776.800000
3123781.800000
3123787.250000
3145433.800000
3145460.700000
3161498.150000
3221387.100000
3273630.750000
3280133.950000
3280137.850000
3284468.400000
3284494.100000
3284502.000000
3297519.800000
3340293.700000
3340412.050000
3340431.400000
3340435.650000
3340442.400000
3375022.900000
3376693.150000
3405018.000000
3405023.250000
3405030.000000
3405036.350000
3405052.000000
3405059.200000
3433280.850000
3464054.050000
3464062.600000
3464067.200000
3464074.900000
3464091.100000
3502657.750000
3502662.800000
3502667.700000
3502675.900000
3572461.600000
