78585.150000
88335.150000
88629.550000
91698.350000
126266.650000
156071.150000
163918.300000
175078.000000
175655.250000
175958.600000
175969.550000
177030.550000
179102.500000
179131.900000
224006.600000
299109.000000
305718.100000
305766.850000
305822.200000
305881.200000
305912.250000
305921.850000
310884.550000
310888.050000
311009.100000
311135.200000
311232.550000
312912.650000
312919.800000
313031.400000
313862.850000
317909.500000
317980.450000
318153.650000
318503.800000
318731.950000
319149.600000
319380.600000
319384.500000
319442.800000
319446.300000
329277.400000
352840.100000
352870.250000
352873.450000
354539.150000
354552.550000
354573.400000
355383.100000
355572.150000
355622.850000
355741.200000
355750.750000
356000.100000
356129.850000
356259.850000
356547.050000
357299.800000
362653.650000
362770.450000
366433.900000
369910.450000
370589.500000
370600.450000
376182.100000
434632.100000
457459.050000
490367.100000
505239.000000
533804.500000
627982.050000
678266.250000
711235.900000
721782.850000
725545.650000
729441.250000
742357.750000
751114.950000
755219.000000
755481.450000
768883.050000
785590.650000
785867.000000
785874.750000
787399.150000
787509.950000
787516.000000
787585.150000
787926.400000
787946.250000
788408.100000
788518.750000
788594.250000
788624.750000
788798.000000
788815.800000
789586.800000
791363.500000
791511.150000
791558.600000
791563.850000
792472.050000
792575.350000
803249.800000
804112.150000
845364.900000
862109.550000
950699.500000
950729.600000
951215.850000
951220.050000
952093.000000
962881.750000
965325.100000
965362.600000
966818.000000
971566.250000
971573.050000
1017340.700000
1020473.900000
1043557.900000
1056189.850000
1091315.050000
1140790.650000
1141772.650000
1141779.200000
1141782.950000
1144010.150000
1147986.200000
1157517.750000
1157537.100000
1158649.550000
1160900.600000
1162814.000000
1163080.900000
1164479.850000
1164485.050000
1164488.000000
1165394.800000
1167059.550000
1167998.600000
1168036.500000
1168158.800000
1175865.350000
1175884.250000
1176244.450000
1176260.350000
1177427.100000
1179977.150000
1182251.000000
1182686.250000
1186705.400000
1191074.550000
1191081.900000
1193219.200000
1193935.800000
1193946.400000
1193954.700000
1193960.900000
1194140.100000
1194255.000000
1195997.150000
1196015.800000
1229761.900000
1252363.350000
1257643.950000
1259032.300000
1259037.850000
1261438.750000
1261731.550000
1261734.950000
1268728.600000
1269432.550000
1270670.100000
1270696.600000
1270705.450000
1270771.900000
1270774.800000
1270943.150000
1271082.500000
1296589.700000
1300305.900000
1300907.350000
1300911.700000
1300915.400000
1300919.900000
1326879.200000
1326900.500000
1327736.750000
1327806.000000
1349762.900000
1351505.450000
1360051.100000
1360236.950000
1360637.950000
1360808.700000
1360939.900000
1362355.600000
1371901.000000
1372160.150000
1372175.800000
1372394.350000
1372397.850000
1374210.350000
1376958.400000
1377325.650000
1377480.850000
1383330.500000
1383714.000000
1383718.150000
1385062.300000
1408686.250000
1408701.750000
1416765.500000
1416769.700000
1416773.250000
1416778.300000
1416783.200000
1416788.100000
1416794.100000
1416799.300000
1477878.400000
1502042.850000
1519363.300000
1523245.550000
1523268.650000
1532796.650000
1552523.850000
1557511.700000
1559158.100000
1559252.500000
1559259.900000
1560568.150000
1597436.200000
1597440.300000
1598291.000000
1598763.050000
1598767.200000
1600914.250000
1617637.100000
1618628.050000
1618633.350000
1618645.850000
1622217.250000
1622222.050000
1622230.600000
1623407.550000
1633969.250000
1639982.100000
1639987.200000
1640083.150000
1640087.900000
1640095.400000
1640100.250000
1640124.450000
1640391.750000
1640622.850000
1640644.400000
1640969.200000
1640973.750000
1642579.000000
1652195.150000
1654441.000000
1668914.350000
1668919.650000
1669667.050000
1669679.850000
1669688.800000
1669693.000000
1669824.050000
1680988.250000
1681352.300000
1682641.300000
1682647.100000
1684368.450000
1684396.000000
1684960.300000
1685657.300000
1685661.000000
1722071.800000
1741664.000000
1744086.300000
1744418.600000
1772616.500000
1773302.650000
1773312.800000
1774770.950000
1783888.350000
1783895.250000
1793867.400000
1855396.300000
1855753.750000
1855758.800000
1855765.550000
1855776.950000
1856169.850000
1856861.450000
1856865.700000
1856880.150000
1856888.800000
1868997.550000
1873764.250000
1875077.800000
1878709.200000
1892236.450000
1895196.050000
1895560.000000
1927943.500000
1939022.850000
1940375.900000
1940394.350000
1940400.950000
1940508.650000
1940511.850000
1940516.500000
1940520.050000
1954045.800000
1957874.600000
1958383.450000
1958386.700000
1958409.650000
1958414.650000
1958529.550000
1960867.300000
1986871.400000
1986877.150000
1992383.650000
1992844.850000
1992856.950000
1992861.550000
1994387.350000
2008016.900000
2015203.400000
2015686.500000
2017125.950000
2017207.650000
2017215.000000
2017219.800000
2017343.700000
2017472.250000
2017561.050000
2018149.650000
2020159.500000
2022585.850000
2024574.350000
2033295.800000
2036335.600000
2036342.100000
2036348.800000
2037337.850000
2040871.150000
2040877.200000
2050309.950000
2102841.900000
2102849.400000
2104113.100000
2105010.400000
2105050.050000
2107084.000000
2107091.100000
2109751.850000
2126627.150000
2166646.500000
2166655.100000
2166660.000000
2166667.150000
2166936.700000
2185967.550000
2186256.100000
2186263.650000
2190153.300000
2190169.850000
2190176.800000
2196565.600000
2197027.700000
2199588.800000
2200331.200000
2200338.100000
2200347.550000
2202033.700000
2202037.500000
2202041.700000
2202046.300000
2202597.100000
2219266.000000
2231753.150000
2232112.300000
2232128.300000
2233976.150000
2234858.450000
2234866.550000
2234907.200000
2235088.500000
2235094.350000
2248449.600000
2248484.550000
2248495.250000
2255316.600000
2255322.550000
2256284.050000
2260264.750000
2263015.800000
2263022.000000
2263024.850000
2263230.550000
2263250.900000
2263267.500000
2263284.050000
2263345.900000
2263355.950000
2263653.200000
2263808.450000
2264279.500000
2280119.950000
2280125.500000
2280414.750000
2281462.400000
2285696.800000
2285713.000000
2285788.400000
2286271.000000
2286280.500000
2301556.150000
2301570.300000
2301984.650000
2301991.400000
2302314.900000
2302321.950000
2302330.450000
2311385.550000
2320011.650000
2323626.150000
2323638.550000
2335127.800000
2370180.550000
2370312.750000
2372640.500000
2372658.800000
2372666.600000
2372690.950000
2372694.700000
2372809.850000
2372819.500000
2372854.750000
2373002.800000
2373024.350000
2373095.600000
2373167.200000
2373235.150000
2373276.200000
2373367.350000
2373414.800000
2373423.000000
2373477.850000
2376036.550000
2436568.850000
2436575.600000
2436584.700000
2436592.250000
2436607.250000
2443367.850000
2443372.550000
2443379.350000
2443385.800000
2443657.900000
2453032.750000
2457835.200000
2465221.300000
2470911.350000
2474065.750000
2475009.250000
2475085.750000
2475109.150000
2484014.350000
2495371.250000
2496417.050000
2496756.500000
2497669.450000
2497672.900000
2497678.400000
2497693.450000
2514385.900000
2516606.300000
2517870.550000
2517897.100000
2525682.350000
2525692.400000
2525707.550000
2525723.900000
2529947.150000
2540899.900000
2557594.100000
2560992.500000
2561756.950000
2586825.700000
2592438.000000
2635654.000000
2635664.700000
2636157.700000
2636160.700000
2636491.400000
2644667.800000
2644674.850000
2644685.750000
2644699.400000
2644910.550000
2645102.950000
2645108.800000
2655800.550000
2655813.750000
2660817.650000
2662005.050000
2662522.150000
2675658.000000
2683310.800000
2686058.800000
2713526.400000
2718995.900000
2722892.250000
2724405.300000
2730910.450000
2736321.900000
2742357.350000
2762925.950000
2765102.750000
2773471.000000
2773477.050000
2773486.650000
2773488.050000
2788043.450000
2794060.750000
2794217.450000
2800054.350000
2801773.750000
2805231.650000
2805247.150000
2805251.700000
2805255.050000
2805263.800000
2826116.250000
2828971.300000
2829064.750000
2829090.950000
2829102.300000
2829108.050000
2829114.100000
2829122.600000
2829139.250000
2830265.350000
2833523.900000
2850098.600000
2850329.100000
2850334.050000
2851498.700000
2851538.050000
2851542.600000
2852623.350000
2853391.350000
2860666.700000
2860811.700000
2863305.950000
2865264.500000
2886377.800000
2886381.800000
2886386.100000
2886407.050000
2892449.700000
2892458.200000
2892928.850000
2905421.350000
2905425.400000
2906535.300000
2906538.550000
2906541.900000
2906545.500000
2906551.400000
2906563.400000
2906571.100000
2909708.700000
2913712.100000
2913760.650000
2916204.100000
2917551.850000
2926061.450000
2955531.800000
2964802.000000
2964808.250000
2964818.750000
2964825.300000
2980000.150000
3001821.250000
3010131.050000
3032052.200000
3035027.400000
3036459.850000
3038088.950000
3038108.200000
3038112.800000
3038120.250000
3038125.250000
3039021.250000
3039025.550000
3039068.550000
3039073.200000
3039172.400000
3040706.150000
3040714.750000
3040728.200000
3055315.550000
3066374.700000
3066397.350000
3066403.550000
3068850.350000
3069642.000000
3122286.300000
3127291.200000
3127479.000000
3128628.750000
3130293.900000
3132057.650000
3141307.000000
3144059.200000
3146710.800000
3155143.500000
3169786.450000
3171066.400000
3171722.750000
3178270.800000
3178275.750000
3179528.400000
3179539.200000
3184930.500000
3184951.550000
3185535.900000
3186045.150000
3187486.800000
3187573.900000
3187578.950000
3187598.750000
3187602.950000
3208430.800000
3209578.850000
3222778.950000
3235162.350000
3235188.750000
3235196.950000
3235206.400000
3235213.800000
3235221.550000
3235235.250000
3240552.050000
3246632.500000
3246639.750000
3275226.950000
3286837.600000
3317230.250000
3325274.900000
3325280.400000
3325291.600000
3325296.650000
3325303.900000
3325314.650000
3326227.550000
3326234.000000
3328362.150000
3328388.950000
3328397.650000
3328405.700000
3332880.400000
3334638.100000
3335085.500000
3335143.550000
3335148.200000
3335155.550000
3358552.100000
3366880.400000
3366885.800000
3366890.650000
3372421.700000
3372431.600000
3372435.800000
3372439.250000
3372454.350000
3373860.100000
3373865.100000
3373876.300000
3373881.700000
3392351.650000
3392363.800000
3392368.400000
3398023.750000
3398030.050000
3398036.250000
3398044.200000
3398060.050000
3398288.850000
3398302.000000
3398308.500000
3398321.250000
3407280.350000
3423539.000000
3424208.050000
3445496.000000
3445512.950000
3445524.800000
3445531.100000
3445538.350000
3448165.500000
3448174.150000
3455157.400000
3455170.000000
3455252.600000
3457679.400000
3458760.700000
3460006.350000
3466055.400000
3491956.800000
3491962.300000
3491965.750000
3491969.800000
3491975.300000
3491981.100000
3494914.800000
3494920.750000
3494925.100000
3494940.150000
3504797.300000
3504803.100000
3505074.250000
3517803.650000
3521837.750000
3521845.700000
3521854.050000
3549177.000000
3551029.400000
3552172.750000
3552933.750000
3554066.650000
3556209.850000
3556213.450000
3556569.950000
3556581.900000
3556589.550000
3556605.150000
3556661.300000
3557625.050000
3557737.800000
3571761.200000
3574051.300000
3574055.750000
3574059.500000
3579755.800000
3586941.200000
