1269.200000
1275.850000
1306.950000
1314.100000
1337.400000
1353.100000
1358.850000
1471.650000
1478.250000
1490.850000
1504.400000
1604.550000
1670.150000
1699.200000
1774.300000
1785.100000
1792.100000
1818.200000
1823.700000
1829.800000
1837.000000
1845.550000
1851.200000
1876.850000
1888.400000
1896.900000
1908.500000
1987.000000
1991.200000
1997.750000
2005.100000
2203.050000
2215.850000
2298.100000
2314.350000
2449.500000
3384.700000
3506.700000
3676.750000
3681.050000
3698.700000
3707.400000
3737.450000
3742.400000
3791.900000
3914.100000
3919.300000
3925.550000
4135.550000
4324.850000
5087.800000
5157.100000
6528.750000
8204.100000
9270.500000
10224.150000
13356.200000
16137.450000
19355.300000
20634.850000
20647.550000
20679.750000
23239.950000
24356.150000
24751.300000
26660.700000
27986.000000
28760.500000
29154.450000
32112.450000
36247.000000
36918.850000
36925.200000
36930.100000
43225.550000
44543.550000
50013.650000
50777.350000
50783.100000
51455.750000
52246.350000
52444.300000
52474.100000
55563.350000
59878.500000
59890.550000
61481.400000
61485.600000
65877.550000
66177.250000
66213.900000
66231.300000
66239.950000
68334.100000
71652.200000
71679.850000
73555.350000
75593.200000
82119.000000
82634.200000
83389.650000
84300.700000
84867.100000
86733.700000
92311.300000
92315.100000
92327.750000
92393.350000
93694.900000
99383.150000
99475.400000
105109.750000
105707.100000
106382.400000
106388.650000
106394.650000
106491.600000
109110.750000
109677.850000
109704.300000
112730.200000
114088.450000
115915.850000
117756.450000
118383.600000
119240.050000
121537.900000
121543.500000
121559.100000
121755.950000
122370.250000
126443.550000
127022.350000
129375.550000
131519.600000
131624.500000
132465.500000
133545.500000
133675.050000
135393.050000
136085.850000
136120.100000
136192.150000
136307.350000
136316.550000
136490.250000
136519.050000
136906.300000
140043.100000
140234.700000
140424.000000
140450.900000
140696.400000
145415.950000
148189.650000
148294.450000
148300.050000
148407.150000
148415.950000
148422.700000
148559.000000
148605.300000
148619.500000
148640.250000
149693.850000
149856.050000
149859.500000
149938.350000
150045.950000
152930.900000
153339.600000
153857.450000
153882.000000
153895.800000
157533.700000
157699.050000
158409.900000
160397.000000
160473.350000
160511.050000
162319.800000
163172.650000
163492.900000
163540.100000
165091.200000
166225.500000
166258.850000
166432.550000
168174.800000
178679.000000
179984.900000
182306.200000
182317.150000
182601.800000
182782.450000
182794.500000
182854.250000
183118.450000
183248.750000
183272.300000
183632.800000
183734.350000
183743.700000
183750.300000
183938.450000
184126.050000
186005.700000
188049.800000
189767.900000
189778.050000
190100.700000
190228.600000
190244.800000
192674.650000
196168.150000
196857.250000
196988.750000
196995.850000
197005.500000
197166.400000
197250.250000
197294.350000
197862.150000
200426.450000
201596.900000
203502.000000
204401.750000
204896.200000
204910.500000
207560.000000
208120.150000
211029.350000
214172.550000
214206.900000
215374.200000
216985.600000
223225.400000
225108.250000
226331.100000
226456.450000
226614.750000
226701.450000
226848.250000
227209.500000
227482.500000
227498.000000
227503.500000
227525.100000
228493.300000
233217.900000
233231.000000
233544.950000
233593.250000
233816.750000
235337.100000
239049.050000
239193.050000
239869.400000
239950.650000
240737.550000
240960.550000
241483.650000
245148.700000
247778.900000
247800.900000
247875.000000
250113.200000
255370.900000
255381.700000
258417.750000
258752.900000
259716.200000
259743.950000
261413.750000
263400.900000
264969.400000
265451.800000
267523.700000
267557.500000
267608.500000
273089.700000
273820.150000
277887.000000
279774.850000
282363.350000
282645.050000
282650.350000
282659.650000
282781.850000
284139.800000
285405.100000
285939.550000
286906.450000
286937.350000
287004.150000
287020.650000
287955.650000
288071.100000
288081.150000
288092.450000
288101.350000
288129.250000
288195.000000
288206.350000
288224.650000
288360.450000
295663.450000
295775.500000
296580.100000
298211.850000
299527.450000
306921.750000
307136.500000
307141.800000
307302.700000
307321.750000
307336.850000
307356.400000
307365.300000
307375.850000
307381.850000
307390.400000
307399.050000
307409.900000
307416.250000
307430.550000
307439.550000
307446.950000
307453.600000
307470.100000
307478.500000
307501.750000
307515.050000
307532.050000
307542.700000
307553.450000
307589.550000
309703.950000
310649.800000
314268.850000
318756.400000
321814.650000
321824.950000
322503.400000
322698.100000
326869.350000
326962.650000
331598.350000
333059.400000
333195.200000
333416.050000
333429.100000
333443.550000
333769.300000
333777.900000
333799.950000
334051.550000
334830.250000
334846.650000
335736.450000
335754.950000
335766.050000
335834.000000
335913.350000
335917.950000
335943.350000
336039.200000
336170.800000
336294.800000
338971.850000
339245.150000
341228.450000
341753.300000
342044.850000
342081.500000
342462.200000
342557.700000
342638.400000
342666.350000
342730.050000
342851.000000
342879.650000
343285.050000
346028.500000
346062.650000
346123.550000
346817.650000
347882.800000
348008.950000
348899.450000
349741.400000
351842.300000
351847.050000
351919.100000
351924.950000
351934.500000
351947.100000
351956.000000
351965.650000
351973.400000
351996.350000
352002.900000
352061.550000
352070.000000
352092.100000
352099.950000
352268.600000
352291.000000
352305.800000
352328.450000
352362.900000
352370.600000
352423.150000
352433.050000
352439.050000
352447.350000
352468.000000
352479.850000
352516.150000
352532.700000
352539.900000
352562.500000
352576.100000
352585.750000
352666.600000
352898.300000
353708.600000
354042.200000
357239.150000
358196.000000
358485.100000
359176.500000
365950.850000
367623.050000
367782.800000
367994.600000
368411.350000
368502.850000
368521.000000
368534.500000
368545.900000
368552.700000
368561.850000
368567.500000
368574.850000
368587.700000
368596.700000
368616.450000
368653.100000
368661.150000
368674.600000
368705.800000
368755.000000
368770.050000
368796.450000
368815.900000
368836.550000
368846.800000
368957.950000
369054.150000
369070.250000
369386.950000
369400.250000
371903.000000
377833.650000
381922.800000
382253.200000
382283.550000
383202.350000
385284.750000
385392.300000
385467.500000
385541.300000
385558.250000
385573.800000
387413.400000
387763.700000
388225.900000
388538.750000
389638.450000
389639.650000
390997.050000
391603.400000
391893.850000
392732.200000
393946.700000
398853.700000
400325.300000
401001.650000
401799.700000
401802.700000
402217.250000
402867.200000
403900.250000
408261.850000
408612.150000
408798.900000
408835.550000
409121.350000
409385.250000
410276.100000
410371.700000
410723.350000
414367.850000
415766.800000
417205.600000
417211.000000
417230.400000
417353.350000
420256.300000
420268.350000
420275.850000
420310.150000
420320.300000
423523.200000
423588.250000
424445.350000
424598.550000
424610.150000
429457.100000
429472.400000
431233.350000
431256.850000
432820.100000
434701.700000
434708.450000
434713.250000
436674.150000
436995.100000
437277.100000
438448.300000
438657.650000
438679.950000
438710.850000
439554.150000
439657.650000
441992.200000
442161.550000
442177.550000
444024.000000
444107.900000
444218.650000
444330.250000
444688.700000
444697.750000
444753.350000
444816.600000
444904.900000
445083.350000
445432.900000
446423.900000
447798.950000
448176.850000
449130.600000
449353.400000
449458.400000
449547.450000
451882.000000
452104.250000
452119.700000
452144.700000
452248.600000
455124.650000
456749.450000
457650.850000
457714.350000
458766.050000
459271.950000
459432.500000
460626.300000
460786.250000
461777.100000
462191.900000
462272.500000
462286.800000
462431.450000
463064.600000
466583.350000
467383.950000
472460.050000
474325.800000
478592.400000
480377.300000
480382.450000
488377.100000
494957.950000
497866.700000
497875.150000
499300.550000
499825.700000
500005.550000
500018.850000
504683.250000
505925.650000
507039.750000
507049.750000
511221.900000
511560.000000
512013.200000
513694.650000
514771.500000
517286.050000
517308.350000
517435.250000
517440.100000
517444.150000
517466.750000
517475.050000
517487.950000
517521.100000
517646.850000
520696.350000
521606.400000
523076.250000
530254.700000
530700.450000
530721.250000
531359.750000
538629.200000
540439.350000
546710.300000
547898.550000
547997.500000
554410.150000
554433.850000
555307.200000
555316.050000
555318.850000
555324.500000
559863.300000
559987.000000
559993.500000
562309.500000
562325.850000
562460.150000
562486.650000
563969.350000
564546.950000
564866.600000
564897.200000
565238.700000
565286.500000
566800.400000
570280.350000
571646.900000
573814.150000
573818.150000
573825.350000
573848.000000
573857.050000
573878.150000
574069.200000
574227.950000
575938.750000
576732.150000
577273.400000
589581.200000
589659.800000
589736.350000
589783.200000
589948.350000
591254.100000
594446.750000
594546.400000
594896.950000
597137.500000
599377.450000
604472.100000
605268.800000
605414.000000
608905.750000
609029.150000
610975.750000
623853.700000
624857.550000
625113.000000
625376.600000
626825.550000
626829.950000
626835.350000
631008.400000
633230.550000
633238.450000
634747.400000
641640.850000
641648.500000
641654.150000
641805.250000
641985.300000
643294.100000
646809.250000
647679.200000
648842.950000
656166.300000
659388.850000
660464.350000
660742.100000
660750.700000
663067.700000
663089.550000
663102.650000
669977.950000
673363.700000
674934.300000
678634.350000
679551.350000
679558.750000
679562.300000
685677.250000
685690.850000
685705.550000
685710.450000
690247.350000
691743.750000
691834.950000
692010.850000
692111.950000
694817.200000
696004.200000
698522.150000
699411.800000
699570.400000
700096.550000
700128.050000
700243.550000
700581.400000
700696.100000
700795.600000
701250.350000
701437.050000
703185.700000
704500.200000
704803.700000
705275.150000
705862.500000
706301.650000
706350.400000
706464.500000
706592.650000
707110.900000
707487.100000
708149.350000
708179.400000
708191.750000
708295.900000
708458.800000
709860.500000
709904.450000
709989.550000
709998.800000
710114.350000
710121.000000
710205.350000
710241.850000
710373.050000
710387.150000
710393.700000
710408.900000
710432.900000
710762.100000
714232.550000
718407.100000
718605.150000
718612.400000
718622.500000
720104.450000
720750.000000
721414.750000
724297.650000
725552.250000
725583.050000
729740.300000
730542.100000
737752.950000
737895.650000
741048.850000
742418.850000
742524.550000
743339.100000
743846.750000
743850.850000
745877.750000
746138.050000
747355.950000
747445.150000
748177.450000
748789.050000
749188.550000
750302.650000
755144.300000
755219.100000
757138.300000
772620.100000
775543.350000
776765.050000
778703.150000
781354.850000
782872.800000
796017.500000
796372.450000
796400.050000
796406.800000
796412.150000
796422.050000
796427.200000
796436.100000
796461.450000
796467.050000
796495.600000
796502.200000
796514.650000
796527.500000
796535.400000
796613.000000
796647.950000
796661.550000
796673.250000
796729.400000
796741.700000
796803.950000
798705.100000
800265.150000
800451.750000
800458.200000
800467.400000
800474.550000
800506.450000
800513.200000
800540.900000
800548.500000
800590.750000
800642.900000
800694.450000
800786.000000
800805.400000
800835.050000
800875.600000
800945.800000
801038.800000
804435.650000
807522.450000
808026.050000
809330.500000
809885.800000
813691.550000
813905.200000
813909.250000
814030.550000
814048.600000
815486.150000
815903.000000
816288.250000
818010.650000
820891.750000
821106.100000
821113.000000
822018.250000
822296.450000
822718.550000
822776.450000
823849.300000
823855.550000
827113.900000
828225.750000
828238.900000
829910.300000
830185.650000
830190.700000
830257.800000
830402.750000
830526.850000
830682.350000
830803.650000
830817.450000
831645.750000
833326.650000
833522.750000
833861.950000
835812.900000
837223.550000
837228.950000
837247.150000
845119.100000
846597.400000
848112.100000
848117.550000
848128.000000
850957.000000
851516.600000
858777.200000
859362.900000
859628.200000
859839.600000
859936.550000
859940.950000
859949.200000
862107.800000
862870.950000
864769.600000
864836.800000
864925.300000
865295.050000
866433.950000
867031.000000
869213.650000
870326.800000
870347.050000
870372.100000
870933.550000
870938.150000
870947.900000
871665.850000
871729.100000
871796.450000
872716.800000
874494.500000
874504.500000
874523.150000
876740.150000
877564.650000
879076.450000
879086.650000
879098.900000
880153.150000
881890.900000
882624.950000
882629.300000
884475.850000
884499.350000
885349.650000
885371.900000
885649.850000
885699.550000
886048.350000
886277.800000
886650.950000
886688.200000
886929.900000
887036.700000
887978.000000
888270.200000
888279.350000
888528.950000
888626.000000
888640.250000
888735.400000
888880.750000
888890.850000
888897.350000
888904.000000
888964.850000
888982.200000
888999.850000
889026.050000
889094.350000
889236.850000
889884.100000
890539.750000
893169.050000
895428.550000
896760.900000
896892.100000
896896.750000
897450.250000
897464.100000
899002.750000
901884.650000
903963.900000
903984.800000
905170.800000
905455.750000
905747.200000
905944.400000
905951.800000
906774.900000
909299.900000
910075.850000
910727.100000
911146.350000
911310.200000
911515.650000
911556.100000
913384.600000
915587.100000
915840.700000
917208.450000
919983.500000
921506.650000
922264.150000
925526.900000
927814.850000
933520.350000
937316.700000
940577.850000
940688.050000
940729.250000
940869.450000
946192.300000
946197.700000
946231.000000
950561.000000
950574.450000
950584.650000
950601.350000
950612.350000
950622.850000
952298.050000
954980.500000
954988.350000
955005.050000
958431.000000
961565.800000
961584.250000
963366.850000
963379.250000
964642.900000
965357.150000
966502.100000
966742.400000
966751.400000
969841.100000
969847.350000
969854.400000
970360.550000
970400.050000
971180.100000
971185.800000
973456.750000
973583.800000
973980.250000
974324.200000
974868.700000
974994.600000
975010.150000
975667.450000
978239.100000
979519.900000
979568.550000
980007.950000
980023.200000
980066.850000
984754.100000
984761.500000
985247.100000
985932.800000
989031.950000
989037.750000
989100.800000
989105.850000
989111.400000
989116.450000
989131.600000
989639.450000
990001.250000
990020.200000
990413.850000
990823.100000
991556.550000
991576.400000
991589.250000
991607.900000
992916.950000
995134.400000
1001469.750000
1003520.650000
1004699.700000
1006017.200000
1008613.550000
1010563.050000
1011456.800000
1011599.800000
1012727.450000
1012732.550000
1012985.050000
1013076.400000
1013083.950000
1014624.350000
1014784.500000
1015144.700000
1015258.000000
1016432.200000
1017273.700000
1017317.950000
1017323.250000
1017334.600000
1017591.400000
1017607.550000
1017636.600000
1017906.200000
1019165.750000
1023069.000000
1023075.000000
1023076.850000
1023176.350000
1023186.600000
1023274.750000
1024204.500000
1028326.450000
1031612.150000
1031770.450000
1033736.800000
1033843.600000
1034263.850000
1034687.900000
1039084.300000
1039227.000000
1039465.850000
1039544.600000
1039560.600000
1039601.700000
1039784.250000
1039808.050000
1040221.650000
1040241.700000
1040253.600000
1040264.650000
1040805.500000
1042766.750000
1042778.800000
1042904.600000
1043893.600000
1043921.900000
1043985.750000
1043997.500000
1044014.100000
1044021.100000
1044027.200000
1044037.050000
1044053.000000
1044086.200000
1044122.800000
1044230.200000
1044246.800000
1044342.550000
1044399.650000
1044409.750000
1044424.750000
1044436.900000
1044487.300000
1044504.500000
1044752.150000
1045157.200000
1047745.000000
1055279.150000
1057260.050000
1059180.850000
1059195.550000
1059455.350000
1072025.850000
1075212.500000
1076734.700000
1078111.300000
1081464.700000
1081604.050000
1081620.300000
1082231.850000
1082257.350000
1082262.950000
1082329.650000
1087677.350000
1087691.300000
1089224.500000
1090907.750000
1090919.650000
1092045.400000
1092124.700000
1102239.050000
1102329.550000
1104764.950000
1104890.500000
1104898.850000
1104926.900000
1106043.150000
1106046.000000
1112501.750000
1115008.600000
1118713.350000
1121533.450000
1123028.750000
1141728.500000
1141937.250000
1143477.450000
1145503.700000
1145507.150000
1145511.950000
1145516.500000
1145640.400000
1145865.100000
1147728.950000
1147856.350000
1147875.250000
1148147.750000
1149910.350000
1154912.500000
1156959.100000
1159137.300000
1160927.150000
1160931.300000
1165800.550000
1165867.550000
1167054.450000
1167071.150000
1172182.950000
1173603.100000
1174130.200000
1174450.750000
1178410.400000
1179585.150000
1181170.150000
1182193.450000
1183089.900000
1185471.050000
1185478.100000
1186576.150000
1187419.200000
1188556.550000
1195888.500000
1196459.500000
1196472.550000
1196872.300000
1206062.750000
1214044.550000
1214066.400000
1227486.850000
1227491.550000
1228405.200000
1229729.250000
1229756.700000
1229772.100000
1233256.650000
1238593.250000
1239810.700000
1240230.550000
1240242.850000
1240960.900000
1244550.900000
1245245.550000
1245687.100000
1249249.900000
1249261.550000
1250894.050000
1250899.000000
1251069.150000
1254314.900000
1254562.550000
1256144.600000
1260133.900000
1262608.550000
1262826.900000
1262872.400000
1263266.850000
1264521.600000
1264560.400000
1265837.650000
1265924.550000
1265997.350000
1268538.600000
1269656.350000
1270020.550000
1281179.100000
1284249.600000
1284489.500000
1285178.500000
1285558.700000
1285569.700000
1285709.900000
1293583.100000
1295739.800000
1299506.350000
1300915.900000
1302462.750000
1307929.650000
1317508.450000
1321603.250000
1321614.150000
1322310.950000
1334572.500000
1346769.600000
1346791.950000
1348177.750000
1350524.850000
1350831.900000
1356304.350000
1363166.100000
1367209.850000
1369901.600000
1371876.100000
1372103.300000
1373296.450000
1373330.400000
1373339.100000
1373347.600000
1382748.300000
1382753.850000
1382760.300000
1388173.450000
1388187.100000
1388882.750000
1388906.850000
1391230.700000
1391851.550000
1391998.600000
1392003.350000
1392738.150000
1399310.350000
1399320.100000
1399324.750000
1400204.100000
1401070.450000
1403567.450000
1407597.100000
1409039.400000
1409196.150000
1413269.200000
1414079.200000
1416140.600000
1416152.900000
1416159.150000
1416162.150000
1416638.900000
1419070.850000
1429532.000000
1432748.850000
1435452.800000
1441359.700000
1441364.950000
1441384.750000
1442384.500000
1445583.450000
1446391.600000
1448158.350000
1452185.200000
1453486.600000
1454512.550000
1462894.650000
1464384.200000
1464391.700000
1464414.350000
1471210.400000
1473458.000000
1476631.050000
1476674.150000
1486680.500000
1487128.400000
1491644.400000
1492121.950000
1492448.950000
1494287.750000
1494900.200000
1498513.000000
1498681.200000
1501465.700000
1503094.400000
1511140.500000
1511186.100000
1511193.350000
1511249.050000
1511253.450000
1511260.050000
1511285.950000
1511314.950000
1511328.750000
1511405.800000
1511444.450000
1511508.900000
1511525.050000
1513840.000000
1515530.700000
1516226.100000
1516276.650000
1519885.400000
1520369.450000
1522468.900000
1524140.400000
1524380.450000
1524572.000000
1524576.850000
1524618.200000
1524622.500000
1524653.600000
1524741.350000
1524746.350000
1524773.000000
1524799.850000
1524805.550000
1528555.550000
1529284.800000
1529317.000000
1529324.600000
1531704.550000
1531715.250000
1532186.400000
1533318.850000
1534243.400000
1537143.950000
1539687.650000
1540382.100000
1541019.150000
1541061.350000
1541467.450000
1542346.150000
1547360.100000
1547369.300000
1549220.950000
1549765.100000
1552194.200000
1552595.550000
1557224.600000
1558754.350000
1559232.200000
1559504.350000
1564332.600000
1570542.050000
1570929.000000
1571189.500000
1571197.150000
1572697.550000
1576305.950000
1579270.550000
1583063.500000
1585437.850000
1585983.100000
1586098.450000
1588777.100000
1592008.100000
1593611.800000
1595984.800000
1596380.000000
1596385.400000
1597134.400000
1597142.400000
1598250.400000
1598305.750000
1598637.650000
1600616.350000
1601047.150000
1601617.150000
1607051.550000
1609587.950000
1613810.800000
1614409.800000
1615139.700000
1616145.000000
1616567.400000
1616580.150000
1618710.800000
1620547.450000
1622770.150000
1623510.150000
1623532.300000
1623564.950000
1627015.300000
1633424.750000
1638702.800000
1645848.200000
1645850.500000
1651380.600000
1653849.300000
1656400.500000
1657738.200000
1658019.750000
1661255.750000
1668266.650000
1669747.300000
1676479.900000
1676486.800000
1678905.300000
1681953.000000
1682496.850000
1682503.850000
1682507.050000
1682509.900000
1682513.800000
1682522.000000
1682557.300000
1684019.050000
1684082.300000
1686181.750000
1688007.850000
1688234.550000
1688237.650000
1690209.500000
1690226.900000
1692642.750000
1693350.650000
1700031.200000
1701993.700000
1702052.550000
1706211.250000
1710400.100000
1711489.350000
1718157.450000
1722076.050000
1723955.500000
1733344.100000
1736803.100000
1739850.050000
1739857.900000
1743858.550000
1747414.250000
1747421.100000
1747424.400000
1753377.650000
1764258.250000
1764266.700000
1765204.100000
1766183.850000
1769437.900000
1769795.350000
1773295.150000
1777954.050000
1778899.950000
1779280.550000
1789789.750000
1790233.100000
1794665.050000
1794668.350000
1797500.050000
1797526.550000
1801417.750000
1802488.250000
1802493.250000
1804221.000000
1809050.200000
1811318.850000
1811657.650000
1811832.150000
1811834.350000
1811838.200000
1811843.800000
1811851.900000
1817929.850000
1817934.550000
1818926.900000
1818969.900000
1820863.800000
1824443.100000
1826725.650000
1826730.400000
1826844.600000
1826850.050000
1828293.550000
1829224.000000
1829316.800000
1829329.300000
1829448.050000
1829604.200000
1829623.650000
1829841.350000
1833339.650000
1833350.100000
1833361.650000
1833479.900000
1833562.200000
1833682.850000
1833795.950000
1833952.950000
1834068.650000
1835928.000000
1837533.950000
1838059.400000
1840391.050000
1840537.950000
1840815.450000
1840825.350000
1840833.550000
1840845.350000
1840864.550000
1841587.350000
1842522.750000
1847393.950000
1851595.500000
1851602.600000
1852785.400000
1853749.300000
1854337.750000
1855408.400000
1855475.900000
1858182.250000
1858630.200000
1859532.500000
1862237.400000
1862471.100000
1862518.850000
1862522.000000
1862757.450000
1864121.300000
1865999.800000
1866003.850000
1866004.450000
1866016.550000
1866024.950000
1866119.750000
1866995.050000
1870452.300000
1870456.850000
1884620.150000
1895435.100000
1895455.800000
1895864.250000
1895896.550000
1895926.050000
1899484.250000
1901266.650000
1901271.100000
1902067.300000
1902070.850000
1903585.850000
1907213.150000
1909455.100000
1910080.900000
1910107.900000
1910350.950000
1912741.000000
1920931.450000
1922276.000000
1922408.150000
1923760.400000
1924535.600000
1924540.500000
1926561.250000
1927210.850000
1927433.100000
1927438.150000
1928608.150000
1931327.950000
1931625.700000
1933610.100000
1934476.050000
1935069.000000
1935077.250000
1939833.000000
1945188.050000
1945196.450000
1946210.900000
1946216.500000
1946224.900000
1948178.650000
1948239.600000
1948243.450000
1948259.200000
1948853.450000
1949133.350000
1949444.400000
1949461.850000
1950316.900000
1951223.550000
1952741.450000
1955569.650000
1958400.800000
1960495.500000
1963366.800000
1974552.700000
1975389.700000
1977262.900000
1977272.100000
1979607.850000
1979610.950000
1979638.550000
1985108.600000
1986000.900000
1986309.650000
1987085.800000
1990093.350000
1990480.500000
1991366.050000
1992146.300000
1992870.750000
1998864.600000
2003109.000000
2007121.750000
2007156.750000
2007174.900000
2007363.900000
2007882.850000
2007915.900000
2007984.000000
2012204.400000
2012214.200000
2012333.800000
2012995.650000
2015187.500000
2015191.150000
2018789.250000
2020058.800000
2022048.500000
2022070.600000
2024679.100000
2024692.550000
2030622.850000
2031485.350000
2035233.700000
2035985.350000
2038234.700000
2038388.950000
2038719.600000
2039306.550000
2039333.100000
2046908.100000
2047842.850000
2048841.300000
2049372.450000
2049624.300000
2050024.800000
2051124.650000
2053952.100000
2054632.050000
2054639.850000
2061192.600000
2061801.900000
2062010.300000
2062038.750000
2063376.000000
2064986.650000
2065873.900000
2066014.800000
2066037.350000
2066049.100000
2066894.550000
2066898.650000
2066907.700000
2067038.100000
2067163.900000
2067376.400000
2067603.000000
2067618.700000
2067743.400000
2067774.650000
2067791.850000
2067900.250000
2067981.150000
2068133.600000
2068734.950000
2068798.100000
2068866.700000
2068901.200000
2068952.950000
2068959.600000
2071213.150000
2071504.200000
2071748.900000
2071755.000000
2071776.100000
2071837.750000
2071854.700000
2071859.950000
2071883.850000
2072319.850000
2076352.700000
2076372.350000
2076472.600000
2076483.200000
2076516.500000
2078015.150000
2079293.800000
2079714.650000
2079735.600000
2079927.950000
2079938.250000
2079943.200000
2079949.150000
2079961.100000
2081033.000000
2081055.150000
2081391.450000
2081416.600000
2081426.500000
2081966.700000
2082835.200000
2082840.900000
2083729.050000
2083733.750000
2088959.250000
2089638.850000
2089674.400000
2092773.100000
2092784.650000
2094865.150000
2095417.650000
2095423.300000
2096932.450000
2097680.700000
2102821.050000
2102825.050000
2104533.600000
2104747.100000
2107101.300000
2107156.350000
2113194.900000
2113445.350000
2115634.200000
2120367.050000
2121042.900000
2122702.150000
2125428.250000
2125438.600000
2126173.650000
2126629.450000
2126635.150000
2128855.450000
2128872.550000
2131981.500000
2131986.150000
2131992.000000
2132000.000000
2135982.200000
2137130.650000
2141257.850000
2142253.250000
2143032.400000
2143079.750000
2152050.600000
2154054.750000
2154490.200000
2154497.550000
2154507.050000
2154518.400000
2154790.250000
2154800.350000
2154806.850000
2157375.650000
2157448.750000
2157976.900000
2158985.300000
2162926.800000
2162930.400000
2163533.200000
2165359.850000
2165365.750000
2165369.100000
2166803.150000
2166843.650000
2166857.950000
2167332.150000
2167564.900000
2170809.000000
2170818.900000
2172387.400000
2173023.400000
2173032.950000
2173144.550000
2174237.200000
2174247.900000
2184522.900000
2184528.850000
2185370.350000
2186477.600000
2187318.050000
2188582.100000
2189649.600000
2193182.000000
2193808.700000
2196210.750000
2196235.800000
2197023.450000
2197027.450000
2197033.250000
2197064.050000
2197067.350000
2200633.500000
2201320.500000
2202400.150000
2202852.850000
2202869.200000
2202899.900000
2203303.550000
2204996.950000
2209586.000000
2209593.000000
2210371.850000
2210379.700000
2210383.500000
2212490.350000
2212509.350000
2214516.750000
2217497.550000
2217508.250000
2217513.900000
2219562.600000
2219743.900000
2220126.700000
2222006.200000
2230239.150000
2230248.050000
2230352.200000
2230362.550000
2230368.600000
2234792.500000
2235227.600000
2244908.100000
2245267.800000
2246619.250000
2248227.050000
2248349.450000
2248597.900000
2249917.900000
2251082.400000
2251564.700000
2251859.050000
2253262.400000
2257733.750000
2258389.000000
2258492.050000
2259767.600000
2260446.100000
2260460.950000
2260468.050000
2261424.700000
2261471.900000
2264572.200000
2264660.150000
2264957.300000
2264995.000000
2267111.400000
2268375.800000
2268660.000000
2273409.650000
2275942.650000
2275946.100000
2275950.400000
2276040.100000
2276062.350000
2276068.250000
2276071.550000
2276700.150000
2277664.800000
2278470.250000
2278528.400000
2278760.000000
2279645.250000
2280900.950000
2281795.400000
2281847.350000
2282593.300000
2282956.250000
2286691.650000
2286719.700000
2288460.200000
2289510.500000
2292216.150000
2293125.800000
2293131.000000
2294754.350000
2294785.500000
2294804.850000
2302174.200000
2302343.800000
2303722.700000
2310572.100000
2310581.700000
2310591.950000
2310596.250000
2312541.450000
2312553.250000
2312560.000000
2312565.600000
2312567.200000
2312782.650000
2313898.500000
2318744.700000
2319298.900000
2319306.850000
2319392.250000
2319397.650000
2319439.900000
2319449.100000
2319584.450000
2323036.000000
2323040.400000
2323045.200000
2330893.000000
2332806.400000
2332932.500000
2332961.950000
2334679.950000
2335075.600000
2335166.900000
2335171.750000
2335272.900000
2335555.900000
2335575.850000
2337047.050000
2340436.900000
2340445.200000
2340921.400000
2340929.350000
2345018.000000
2345411.100000
2345424.900000
2345435.100000
2345437.200000
2345441.750000
2345629.400000
2345642.900000
2353505.650000
2354418.250000
2355118.550000
2360302.800000
2360534.800000
2360933.800000
2361030.950000
2361063.450000
2361075.400000
2362177.950000
2362478.300000
2362570.800000
2362846.900000
2362854.750000
2362875.050000
2363109.450000
2363189.550000
2363209.100000
2364135.000000
2365052.200000
2365063.000000
2365289.900000
2365382.600000
2365391.200000
2365401.150000
2365574.500000
2365657.950000
2365758.350000
2365846.600000
2366279.100000
2366774.100000
2366920.450000
2367354.950000
2367485.250000
2367603.100000
2367810.600000
2368248.000000
2368269.000000
2368785.000000
2368836.150000
2368840.550000
2369099.000000
2369559.950000
2369808.300000
2369814.450000
2369898.100000
2369905.500000
2369911.700000
2369919.650000
2369928.550000
2369937.300000
2369946.450000
2369985.700000
2370004.200000
2370024.800000
2370036.050000
2370062.950000
2370082.700000
2370090.850000
2370116.800000
2370139.700000
2370232.700000
2370241.150000
2370248.450000
2370256.500000
2370274.200000
2370294.450000
2370309.050000
2370371.750000
2370379.100000
2370391.250000
2370400.500000
2370429.950000
2370445.400000
2370452.650000
2370461.900000
2370484.950000
2370511.050000
2370630.750000
2370694.800000
2370716.350000
2370723.000000
2370854.200000
2371721.850000
2371766.200000
2371886.100000
2371893.950000
2371952.200000
2371993.950000
2372012.050000
2372018.950000
2372026.750000
2372101.100000
2372106.700000
2372132.400000
2372162.750000
2372181.300000
2372195.100000
2372228.500000
2372235.350000
2372317.100000
2372330.400000
2372356.600000
2372403.150000
2372426.950000
2372468.700000
2372493.250000
2372505.350000
2372591.050000
2372668.100000
2372726.600000
2372855.450000
2372862.700000
2372980.300000
2373003.100000
2373236.050000
2373497.000000
2374781.050000
2376326.550000
2377228.250000
2379426.500000
2379432.000000
2380342.550000
2382378.600000
2382760.500000
2384277.000000
2385355.550000
2386015.900000
2386022.750000
2388713.950000
2388987.450000
2388993.950000
2389143.100000
2389147.700000
2389263.600000
2389457.300000
2390041.500000
2390210.600000
2390996.450000
2391354.050000
2392355.850000
2393932.950000
2394698.750000
2394819.150000
2394841.150000
2396289.750000
2396693.950000
2396700.200000
2401688.650000
2401705.100000
2402916.550000
2403409.650000
2403474.100000
2404539.150000
2404557.100000
2404569.750000
2405376.700000
2405380.800000
2410141.450000
2411937.400000
2411944.350000
2411971.300000
2412129.950000
2415127.950000
2415425.800000
2422743.550000
2422751.600000
2422766.300000
2423022.200000
2426502.700000
2426520.700000
2432315.400000
2432339.250000
2432342.800000
2432347.350000
2432355.000000
2432367.350000
2432631.600000
2432646.300000
2437826.150000
2438759.050000
2440141.250000
2440908.100000
2440912.900000
2442448.100000
2443382.500000
2443593.050000
2443637.700000
2444094.950000
2451525.550000
2451526.700000
2454126.500000
2454994.900000
2455004.100000
2455419.250000
2457205.500000
2457368.550000
2458655.750000
2460731.450000
2462198.200000
2462250.650000
2464860.800000
2464897.750000
2464903.000000
2464912.400000
2467381.150000
2468586.650000
2468593.850000
2468598.800000
2468604.350000
2468610.150000
2468747.500000
2468757.850000
2470792.750000
2470796.800000
2470806.600000
2472104.100000
2475661.000000
2481732.450000
2481760.200000
2484023.900000
2485405.850000
2485432.100000
2485437.700000
2486075.800000
2486093.700000
2486177.100000
2487752.550000
2487767.500000
2487769.600000
2487882.400000
2494522.100000
2495324.900000
2495545.900000
2496218.850000
2497435.450000
2500904.900000
2500922.800000
2509051.900000
2509071.350000
2510066.200000
2510082.350000
2512630.350000
2513018.300000
2513683.200000
2515643.750000
2516485.350000
2517468.700000
2519134.100000
2519359.500000
2521126.300000
2521136.050000
2521481.000000
2521497.850000
2521501.650000
2521534.250000
2521540.300000
2524661.500000
2524667.050000
2524692.750000
2524698.550000
2524707.500000
2525682.300000
2525955.300000
2527567.300000
2528970.300000
2529946.700000
2530819.650000
2532490.000000
2535031.800000
2535036.600000
2535500.100000
2540226.200000
2540236.200000
2540844.800000
2541018.550000
2542452.250000
2542471.500000
2542478.400000
2545699.350000
2547909.900000
2547919.250000
2550905.750000
2553140.700000
2554071.100000
2558772.850000
2560061.500000
2565541.350000
2573389.050000
2573935.950000
2573947.400000
2574990.500000
2575276.100000
2576620.250000
2579092.850000
2580189.300000
2581015.850000
2582077.300000
2582085.550000
2582099.250000
2582761.800000
2582763.250000
2582770.600000
2583692.150000
2584264.450000
2584277.300000
2585725.400000
2586190.450000
2586193.700000
2586210.950000
2586256.350000
2588632.150000
2588636.050000
2588639.500000
2588791.400000
2589036.350000
2589334.450000
2589671.200000
2590444.200000
2593245.900000
2593269.000000
2593950.300000
2594229.200000
2594235.450000
2600179.450000
2600624.550000
2601538.500000
2601557.800000
2602389.950000
2602530.200000
2602688.700000
2602773.300000
2602790.800000
2602808.350000
2602823.700000
2602948.700000
2602963.050000
2603795.450000
2603906.050000
2603936.900000
2605265.050000
2607512.000000
2607666.200000
2608839.600000
2608863.550000
2608929.850000
2609410.600000
2609518.950000
2609540.550000
2609671.500000
2613211.800000
2613216.400000
2613220.200000
2614406.450000
2614409.300000
2614413.100000
2614426.100000
2615157.400000
2615168.950000
2616320.300000
2617496.650000
2617502.450000
2617511.550000
2619039.950000
2619060.650000
2620139.150000
2620149.150000
2620153.300000
2620156.800000
2623191.450000
2633526.800000
2634748.300000
2634754.400000
2635961.500000
2638146.350000
2639768.950000
2640524.750000
2640530.200000
2644311.300000
2644312.400000
2644314.100000
2644316.100000
2644317.100000
2644322.700000
2646063.600000
2647784.250000
2650213.450000
2654327.500000
2655529.800000
2659161.250000
2659671.050000
2662138.950000
2662629.550000
2662914.650000
2663007.850000
2665487.400000
2669364.900000
2669723.200000
2669728.950000
2672669.700000
2673019.850000
2673036.050000
2673046.100000
2673556.250000
2673590.100000
2673814.850000
2673821.950000
2673829.450000
2676661.650000
2677231.550000
2678018.600000
2678023.800000
2678030.200000
2678043.400000
2679213.000000
2680588.000000
2681275.000000
2681279.800000
2693035.650000
2693343.300000
2694926.200000
2694931.450000
2696910.150000
2697170.700000
2697462.350000
2697804.300000
2697811.650000
2700448.800000
2700471.750000
2700493.500000
2702250.150000
2702261.200000
2704087.000000
2704094.350000
2704099.700000
2705914.150000
2706368.800000
2706373.350000
2706376.450000
2707668.850000
2709150.050000
2713526.250000
2713538.000000
2713696.600000
2720228.300000
2722401.250000
2722783.150000
2723222.800000
2724274.050000
2726477.850000
2727625.100000
2727820.800000
2727829.700000
2727832.850000
2727837.050000
2727849.400000
2729957.700000
2733107.350000
2733572.700000
2734929.900000
2737925.800000
2738400.600000
2738709.050000
2739708.350000
2739712.300000
2740413.100000
2740418.150000
2740425.450000
2742343.400000
2747447.750000
2747464.300000
2747468.850000
2747479.100000
2747491.250000
2755113.050000
2757115.250000
2757128.700000
2757139.650000
2757145.650000
2757157.400000
2757859.100000
2758531.100000
2758534.900000
2759054.750000
2765291.450000
2765890.850000
2768915.650000
2775074.900000
2776019.700000
2778245.350000
2784797.300000
2784806.750000
2784818.150000
2785336.250000
2785351.700000
2789827.050000
2793211.750000
2794137.250000
2798002.100000
2799951.150000
2801931.050000
2802650.200000
2803580.750000
2803718.100000
2804988.900000
2805633.350000
2805911.550000
2817450.250000
2817467.550000
2818009.850000
2823895.100000
2825378.550000
2830340.600000
2830347.750000
2830499.750000
2830511.400000
2831173.450000
2835557.800000
2835994.900000
2836002.550000
2842697.850000
2845324.700000
2845692.050000
2846190.950000
2850192.750000
2850385.950000
2850395.300000
2852601.050000
2852612.050000
2858197.950000
2860609.650000
2860631.950000
2863420.850000
2869081.550000
2873125.550000
2874018.750000
2876886.950000
2876892.000000
2876897.250000
2876921.100000
2877615.600000
2883427.350000
2883439.700000
2883891.150000
2883905.850000
2884364.100000
2884391.750000
2884405.000000
2885711.700000
2889826.800000
2890313.500000
2890319.800000
2890338.600000
2890357.100000
2890380.150000
2891405.600000
2891412.850000
2892440.500000
2900682.100000
2904751.750000
2904756.800000
2913820.300000
2914611.900000
2914933.800000
2915835.350000
2917315.550000
2925883.350000
2926036.750000
2926044.100000
2926049.150000
2929934.200000
2930557.300000
2933457.950000
2933471.650000
2934505.850000
2934661.250000
2937111.200000
2937938.600000
2937942.500000
2937950.550000
2937965.800000
2940118.650000
2942090.450000
2942096.650000
2948853.200000
2951320.450000
2951330.350000
2954402.350000
2959794.100000
2961830.650000
2961838.700000
2962286.200000
2962301.450000
2962303.900000
2965057.500000
2969898.850000
2976277.450000
2976814.300000
2980368.200000
2986330.550000
2986360.100000
2990112.700000
2991062.150000
2991661.450000
2992042.300000
2992047.200000
2992689.000000
2992836.550000
2993075.700000
2993084.350000
2993094.900000
2993205.150000
2993220.800000
2993226.500000
2993900.700000
2994015.650000
2994052.350000
2994286.050000
2994367.050000
2994392.600000
2994991.200000
2995519.650000
2995545.050000
2995566.750000
2997039.000000
2997051.250000
2998489.800000
2998499.400000
2998687.600000
2999455.650000
2999464.200000
2999468.050000
3001392.800000
3001832.650000
3001837.750000
3001843.550000
3004341.350000
3004346.950000
3005530.000000
3006781.800000
3006805.450000
3006903.800000
3008398.300000
3010096.950000
3010119.250000
3010124.900000
3010131.400000
3010141.650000
3011374.150000
3014686.150000
3014860.100000
3014867.800000
3016668.550000
3016682.450000
3021233.900000
3024846.800000
3026700.050000
3027254.800000
3027267.200000
3027287.400000
3027759.950000
3027782.550000
3033952.900000
3033961.500000
3033965.050000
3034912.500000
3034995.600000
3035195.500000
3035568.650000
3036166.700000
3036209.250000
3039068.700000
3040721.600000
3040729.350000
3053809.150000
3053832.050000
3054684.550000
3055009.050000
3055019.550000
3056761.500000
3056772.150000
3058607.350000
3060766.650000
3062999.150000
3063969.100000
3064429.200000
3065906.600000
3066075.300000
3066363.350000
3067969.150000
3068013.800000
3069229.800000
3069233.450000
3069761.050000
3070218.250000
3070916.000000
3071179.950000
3071307.850000
3071332.250000
3072160.700000
3072502.050000
3072862.150000
3082201.400000
3083123.450000
3083943.650000
3085702.850000
3085715.950000
3086161.550000
3086166.350000
3086287.000000
3086290.900000
3086409.550000
3086515.150000
3089668.300000
3089699.700000
3090034.900000
3091002.750000
3091466.150000
3092550.250000
3092695.250000
3093349.050000
3095332.800000
3097684.100000
3097693.400000
3097782.150000
3097874.350000
3097882.800000
3097895.550000
3097898.500000
3097921.950000
3098011.250000
3099782.150000
3099860.000000
3099876.250000
3099892.050000
3104452.600000
3106482.600000
3116536.250000
3119393.350000
3119995.500000
3120008.000000
3120019.350000
3121992.100000
3125519.250000
3125526.900000
3126087.450000
3139407.500000
3141079.250000
3141103.300000
3146708.400000
3146736.000000
3147662.750000
3147665.950000
3147679.100000
3147935.250000
3150397.850000
3151039.950000
3151707.600000
3151919.250000
3157122.750000
3158032.900000
3159600.200000
3162986.350000
3163478.700000
3163482.500000
3163519.700000
3166835.600000
3170167.000000
3173543.100000
3174283.150000
3176098.250000
3178816.600000
3182724.250000
3184364.650000
3186387.050000
3186393.800000
3192077.750000
3194254.150000
3196206.900000
3196542.950000
3204252.650000
3208365.300000
3208382.500000
3208392.000000
3208402.850000
3208412.400000
3208428.600000
3208439.800000
3210749.350000
3210766.800000
3211030.300000
3213269.250000
3213822.700000
3217399.350000
3217879.250000
3219315.500000
3221341.000000
3221647.250000
3221921.600000
3223500.850000
3223505.450000
3223540.650000
3230024.400000
3230516.750000
3231152.200000
3231180.100000
3232165.050000
3233003.600000
3234002.300000
3234692.350000
3236658.250000
3238224.200000
3238229.900000
3242980.050000
3247360.650000
3247559.750000
3249484.250000
3251006.250000
3253155.450000
3253173.350000
3253788.100000
3254941.050000
3254944.850000
3255346.900000
3255576.250000
3255590.300000
3262275.300000
3266239.800000
3267496.250000
3268158.200000
3268724.250000
3268736.650000
3270987.300000
3271481.900000
3272053.500000
3273449.600000
3273492.850000
3273502.400000
3275434.800000
3275451.900000
3275668.300000
3278965.650000
3278972.750000
3278978.350000
3280568.450000
3280576.500000
3280584.850000
3280597.350000
3282360.350000
3283022.950000
3284333.950000
3284962.750000
3284966.200000
3284971.750000
3286385.250000
3287119.950000
3289727.600000
3291050.100000
3291302.950000
3291436.900000
3291983.300000
3293117.600000
3293449.250000
3294273.900000
3294392.500000
3294473.400000
3294477.300000
3294490.700000
3294591.700000
3294613.300000
3294831.800000
3294855.650000
3294905.750000
3295247.250000
3295644.300000
3298110.700000
3299345.350000
3299714.350000
3299832.550000
3299951.550000
3300113.300000
3300147.850000
3302931.800000
3302936.900000
3303545.650000
3303668.900000
3303692.950000
3304128.700000
3304239.150000
3304432.050000
3304437.100000
3310606.700000
3312014.700000
3313131.500000
3313243.350000
3313256.850000
3313262.600000
3313268.550000
3313840.800000
3314012.500000
3322621.600000
3322643.100000
3323671.300000
3325041.450000
3326830.850000
3326834.750000
3326841.300000
3326847.400000
3326857.850000
3327166.950000
3327185.050000
3327199.550000
3327208.500000
3327218.000000
3327235.750000
3332751.750000
3333248.150000
3333697.600000
3335151.900000
3336554.850000
3336879.350000
3339040.750000
3339110.100000
3339114.850000
3339446.350000
3339451.100000
3339455.800000
3339558.000000
3339719.200000
3345047.750000
3345056.250000
3346030.800000
3346541.050000
3346549.100000
3346995.000000
3347233.650000
3347307.500000
3350901.800000
3350906.350000
3355192.200000
3358120.550000
3359483.450000
3360166.600000
3362056.500000
3367222.700000
3367709.200000
3369282.150000
3371159.800000
3371633.100000
3372421.150000
3373631.900000
3373909.750000
3381890.950000
3382422.200000
3383336.500000
3385548.550000
3386593.100000
3388486.200000
3388491.600000
3388498.100000
3389866.400000
3389896.050000
3391931.350000
3391967.050000
3392376.450000
3393920.000000
3397089.800000
3397650.400000
3400233.800000
3404634.600000
3405148.500000
3408384.650000
3422050.400000
3423497.900000
3424610.400000
3424612.400000
3424623.700000
3428238.400000
3430220.950000
3432429.700000
3439725.450000
3439727.550000
3440231.150000
3440234.800000
3443307.000000
3443359.400000
3443363.700000
3443369.800000
3443375.600000
3448445.800000
3449763.050000
3449766.950000
3453028.600000
3453068.500000
3454820.550000
3454986.800000
3457209.150000
3458115.550000
3463414.150000
3464487.300000
3467467.500000
3473048.450000
3473088.750000
3474346.150000
3474358.000000
3474493.200000
3474497.800000
3474616.550000
3474627.600000
3475902.500000
3476006.250000
3476019.800000
3476047.550000
3476111.200000
3476117.400000
3476359.400000
3476416.550000
3476430.500000
3476449.150000
3476503.900000
3478566.450000
3478993.850000
3480663.200000
3481057.450000
3481091.950000
3482002.500000
3482943.950000
3483411.300000
3483414.700000
3483425.750000
3483431.750000
3483899.400000
3488011.300000
3488026.600000
3488621.100000
3488659.500000
3489485.000000
3489501.000000
3490891.650000
3491450.600000
3491966.600000
3492063.500000
3492973.300000
3493068.750000
3493077.650000
3493081.500000
3501626.950000
3504763.700000
3504771.600000
3504786.400000
3507016.300000
3509912.300000
3510196.150000
3510201.700000
3510290.850000
3519020.250000
3519202.550000
3519207.000000
3519212.300000
3519585.350000
3519628.000000
3521440.200000
3522082.850000
3522259.650000
3532714.100000
3533773.400000
3534913.750000
3539342.100000
3540466.300000
3541311.150000
3544717.100000
3544725.950000
3545336.350000
3546730.750000
3546737.050000
3546743.300000
3552513.750000
3552976.650000
3554563.850000
3555050.250000
3555816.250000
3557252.250000
3557260.750000
3557817.050000
3558468.350000
3558519.850000
3562499.450000
3569991.600000
3570510.350000
3571790.350000
3572441.900000
3575602.750000
3575606.700000
3576028.900000
3576073.550000
3576093.000000
3576122.800000
3577687.750000
3577699.700000
3578551.050000
3579131.500000
3582823.050000
3583020.200000
3583113.050000
3591609.750000
3592021.550000
3598627.100000
3599624.200000
3599646.400000
