9126.200000
9208.500000
16452.000000
21993.850000
50083.050000
50101.000000
50104.100000
50108.600000
59043.700000
81770.800000
81847.450000
91140.650000
91713.750000
91718.600000
95636.650000
100594.500000
119220.800000
121328.300000
121637.850000
125007.400000
133367.350000
133445.200000
133493.450000
133550.250000
139905.300000
139914.950000
141709.850000
142169.350000
142896.200000
145762.800000
146296.000000
146300.000000
161151.800000
164585.600000
171396.550000
171400.100000
171792.500000
181010.050000
182421.600000
182929.300000
186297.300000
201544.800000
204778.850000
204916.700000
235188.900000
238407.850000
241910.550000
249531.300000
259038.950000
264103.100000
265477.950000
297303.800000
297659.600000
321381.450000
322333.100000
322696.800000
323666.850000
323672.500000
326914.400000
327018.100000
333059.300000
334798.600000
334836.050000
334925.650000
335071.900000
335346.650000
341147.350000
341544.850000
346757.850000
346843.250000
351086.600000
351328.300000
352272.000000
374440.550000
377706.350000
381224.350000
381350.450000
381366.800000
381709.450000
381869.050000
382118.950000
382747.150000
382863.200000
382881.100000
383596.600000
384226.950000
384483.900000
384701.050000
384846.050000
384950.350000
385035.850000
385054.350000
385499.250000
386773.100000
386796.000000
387202.450000
387418.950000
387464.500000
387594.900000
389405.100000
389838.300000
390178.800000
390553.500000
390630.500000
390734.000000
391216.550000
391389.850000
391398.250000
391618.150000
391774.900000
393305.700000
393402.600000
394442.550000
396934.150000
397036.750000
397241.850000
397418.450000
397500.600000
397508.300000
397650.900000
397721.950000
398298.350000
398378.850000
398477.950000
399703.700000
399769.500000
400147.050000
401541.000000
401673.350000
402421.650000
404205.150000
404863.300000
405273.600000
405278.850000
406055.100000
407559.650000
409748.300000
421876.100000
427626.050000
430036.950000
440651.550000
442613.600000
464074.050000
465127.850000
465176.200000
465436.750000
466240.800000
466279.550000
466487.300000
466826.850000
466867.800000
466904.450000
467260.350000
467290.500000
468038.200000
469472.900000
473625.300000
475283.250000
478828.150000
493373.950000
493957.650000
502653.650000
505747.900000
506264.000000
506277.850000
506648.050000
507190.200000
507207.600000
507354.200000
507534.950000
507886.850000
507922.250000
507956.300000
507987.250000
508321.900000
508579.350000
508671.450000
509000.050000
510060.500000
510129.900000
510187.750000
513223.000000
514543.600000
514588.900000
514839.600000
516255.400000
517160.850000
517174.800000
517351.150000
518133.200000
518147.450000
519803.000000
520888.450000
522059.300000
522894.400000
523139.850000
525995.750000
532481.500000
532491.900000
533752.600000
534058.600000
534116.950000
534129.950000
534141.600000
534189.800000
535245.750000
536240.850000
536250.150000
536267.650000
539370.150000
539911.100000
540528.600000
546078.800000
547302.250000
547623.800000
552030.300000
552078.750000
553714.300000
555532.650000
559280.250000
562591.650000
574917.300000
574930.450000
581091.650000
590538.600000
591989.500000
592488.950000
592495.750000
592545.900000
594315.650000
594657.000000
594881.100000
595140.900000
597115.000000
602061.800000
606049.550000
606306.800000
610299.450000
618298.300000
620472.550000
621356.100000
621401.600000
621927.750000
621942.600000
622016.650000
622762.350000
622877.250000
623162.250000
623318.600000
623542.700000
623746.950000
625642.450000
625857.150000
626017.950000
627846.950000
628803.200000
628954.550000
629746.600000
629969.350000
629972.450000
630038.200000
630086.800000
631189.950000
631359.350000
631690.950000
632833.850000
633967.750000
634061.150000
634622.400000
634773.100000
636697.950000
636974.050000
637541.100000
639099.600000
639295.850000
639767.300000
640776.400000
640807.100000
641007.950000
643815.400000
648552.950000
648572.100000
649196.900000
650064.150000
650325.950000
651024.400000
651027.150000
651184.950000
651377.150000
652299.050000
652674.250000
652815.800000
652866.150000
652937.700000
653380.800000
653385.800000
653413.600000
653471.450000
653552.850000
653647.800000
653791.600000
654098.150000
654247.700000
654338.700000
654508.300000
654669.500000
655315.150000
655355.450000
655551.700000
655555.100000
655614.750000
655850.600000
655884.900000
655972.350000
656417.850000
656660.550000
656698.300000
656717.850000
657233.900000
658157.850000
658333.550000
658408.000000
658472.200000
658512.150000
658593.100000
658955.000000
659021.450000
659195.900000
659439.250000
659796.700000
660522.000000
660534.500000
660665.550000
660682.850000
665866.500000
665968.900000
666077.300000
666108.700000
666447.800000
666539.350000
667006.500000
667131.250000
667385.800000
667406.500000
668509.150000
668966.750000
670383.600000
671235.600000
673340.150000
675442.900000
675830.050000
676553.850000
676645.600000
677441.450000
677582.700000
679055.750000
679307.700000
684507.600000
685698.000000
688983.800000
689157.950000
690570.850000
692291.600000
693726.400000
697857.350000
703135.400000
706176.900000
708322.500000
708395.900000
708409.850000
708414.900000
708490.950000
708511.150000
708536.250000
708647.850000
708921.200000
708926.750000
708982.800000
709068.950000
710076.600000
712625.350000
713069.750000
713455.100000
713527.600000
716053.850000
716580.550000
720921.250000
721463.500000
721807.750000
721869.800000
722916.800000
725888.650000
726647.550000
726866.900000
727018.750000
727116.600000
727547.550000
727621.950000
727690.950000
727749.550000
728101.500000
728507.650000
728965.000000
728974.200000
730143.700000
731560.400000
732778.800000
734018.400000
739199.500000
739634.900000
740795.000000
741109.800000
742551.900000
742823.750000
743359.200000
744058.400000
744149.050000
745450.650000
745570.450000
745942.850000
747442.300000
747458.300000
748912.400000
749391.450000
749502.150000
751594.050000
751715.600000
755190.050000
756141.400000
756776.500000
756808.550000
757318.050000
758311.950000
760279.150000
760365.350000
763036.000000
808322.400000
808745.900000
808909.550000
809182.400000
809330.100000
809510.250000
810126.450000
810299.150000
810385.000000
810446.700000
811030.750000
811397.800000
811399.300000
811680.150000
811704.650000
812358.600000
812416.100000
812606.600000
813458.550000
813493.550000
817423.350000
824673.250000
825377.250000
827256.700000
828666.650000
829287.100000
832995.550000
833047.150000
833054.150000
834614.550000
834628.700000
834641.500000
834672.550000
835146.950000
835424.550000
835818.700000
836161.300000
837162.200000
837468.700000
838396.900000
838636.600000
844078.100000
847694.750000
849368.900000
850532.300000
851739.850000
852527.000000
856992.550000
857012.450000
858633.450000
861238.250000
861248.850000
861436.350000
865006.750000
867035.550000
871655.150000
876700.650000
876703.850000
895255.950000
900153.550000
903533.650000
903588.000000
906260.750000
907826.650000
918605.850000
926365.300000
926370.650000
937626.650000
946743.350000
952922.100000
960158.000000
960163.250000
964603.200000
969143.950000
971306.200000
976380.300000
985919.700000
985937.700000
995291.600000
996069.900000
1000582.400000
1000618.600000
1001625.750000
1016381.900000
1017135.650000
1018815.700000
1026177.450000
1029627.200000
1029852.400000
1034632.600000
1034661.550000
1039385.950000
1043025.200000
1048460.100000
1049166.850000
1049273.350000
1049288.750000
1049307.150000
1049388.750000
1049481.950000
1049501.150000
1049512.700000
1049786.600000
1049796.200000
1049819.600000
1049930.600000
1049943.400000
1050550.650000
1050628.500000
1050973.350000
1051729.700000
1055719.950000
1057186.600000
1057571.050000
1057638.600000
1059822.350000
1060024.550000
1060045.950000
1060072.800000
1060324.450000
1062673.500000
1067423.150000
1068577.350000
1073106.750000
1073581.350000
1074285.400000
1076071.850000
1079328.150000
1081605.950000
1081688.800000
1081694.400000
1084022.500000
1084139.750000
1084156.650000
1085083.050000
1087401.900000
1093181.600000
1093326.950000
1093339.650000
1097401.750000
1097424.200000
1100319.450000
1103702.600000
1107419.700000
1109011.000000
1109655.500000
1113243.900000
1114502.150000
1116183.100000
1121594.750000
1124393.850000
1128044.450000
1134830.700000
1139087.500000
1140767.850000
1145356.450000
1155107.650000
1155118.500000
1166683.000000
1168056.200000
1173034.800000
1173057.700000
1174445.350000
1176551.050000
1179137.200000
1182361.100000
1186574.450000
1190084.750000
1190093.950000
1206939.800000
1215843.350000
1215852.600000
1219416.050000
1219449.950000
1225563.250000
1228524.450000
1228859.000000
1230447.350000
1235094.000000
1241847.250000
1241892.700000
1251854.750000
1252883.350000
1259439.300000
1260132.500000
1277447.300000
1281091.100000
1300604.050000
1300777.650000
1303106.650000
1306778.350000
1311999.550000
1316357.050000
1316416.950000
1319953.000000
1321487.850000
1325266.000000
1327864.300000
1331297.750000
1344619.650000
1346339.500000
1354868.400000
1354884.900000
1361578.500000
1368930.800000
1370943.850000
1375542.350000
1376318.200000
1377583.450000
1378060.000000
1379289.200000
1383015.300000
1388450.400000
1392323.750000
1401605.100000
1402052.500000
1402597.050000
1402743.700000
1406556.000000
1406752.950000
1409008.350000
1411644.850000
1413980.250000
1417156.050000
1421348.300000
1451454.750000
1453899.750000
1459770.600000
1471346.150000
1474589.900000
1480961.300000
1484124.500000
1489660.250000
1489768.650000
1489777.250000
1489796.900000
1491437.200000
1493692.150000
1510174.150000
1511168.600000
1511701.650000
1516388.800000
1522857.650000
1522894.700000
1523871.650000
1523908.600000
1524514.450000
1525263.950000
1526758.300000
1527884.950000
1527891.000000
1535248.800000
1535289.050000
1538065.000000
1539925.750000
1544026.250000
1545375.950000
1545403.050000
1545415.150000
1548279.050000
1548643.250000
1550738.000000
1550781.150000
1552164.200000
1555688.950000
1557925.550000
1560214.450000
1561443.700000
1564830.050000
1567881.550000
1569448.250000
1570731.300000
1570794.800000
1570814.350000
1572167.200000
1572243.550000
1573360.200000
1573981.250000
1580495.950000
1583622.050000
1585713.550000
1588069.150000
1589751.750000
1590139.450000
1590787.900000
1592425.900000
1597058.500000
1602245.400000
1602918.500000
1612549.950000
1612599.700000
1615074.500000
1616167.200000
1617376.500000
1617392.300000
1618993.300000
1619690.050000
1619917.700000
1620744.850000
1620951.100000
1622759.900000
1623131.200000
1626631.200000
1626643.600000
1634030.150000
1635795.450000
1637344.550000
1642230.100000
1646515.950000
1650248.300000
1652162.350000
1653635.200000
1655280.100000
1659502.700000
1659933.950000
1659965.850000
1660419.950000
1661717.650000
1662345.050000
1666904.150000
1667144.200000
1669689.700000
1670285.900000
1673561.900000
1674397.000000
1674488.900000
1677919.950000
1677941.000000
1686861.400000
1689822.250000
1692573.700000
1692646.200000
1696447.850000
1698490.850000
1699834.800000
1701388.250000
1701395.500000
1702009.050000
1703040.700000
1704533.350000
1709113.450000
1709278.500000
1710767.600000
1712532.550000
1713378.950000
1714021.900000
1715185.400000
1716953.200000
1717296.200000
1717299.900000
1722175.100000
1722186.650000
1722598.700000
1723310.500000
1730973.350000
1735298.150000
1752901.300000
1760216.200000
1767315.700000
1767626.750000
1767634.750000
1768861.800000
1774557.800000
1779812.350000
1780240.250000
1781039.850000
1781720.600000
1783889.300000
1789911.700000
1790278.200000
1793337.100000
1794880.400000
1796908.000000
1802402.250000
1804476.950000
1804996.200000
1809521.350000
1809698.450000
1811942.100000
1811961.250000
1817204.000000
1820019.800000
1823066.400000
1824456.800000
1832445.350000
1847675.450000
1847710.000000
1849174.050000
1852772.200000
1856879.050000
1859622.600000
1860364.350000
1861157.500000
1862195.050000
1866815.850000
1877056.100000
1880731.150000
1887678.100000
1887707.750000
1888404.250000
1889482.300000
1889539.800000
1890347.700000
1898260.350000
1902853.300000
1905014.800000
1917607.600000
1925055.600000
1926367.800000
1935430.800000
1940179.150000
1943950.150000
1943959.950000
1947333.450000
1948560.750000
1950313.450000
1959874.150000
1980663.150000
1981109.950000
1982097.550000
1983770.950000
1988645.950000
1989570.450000
2000674.650000
2004926.750000
2005064.100000
2012759.600000
2014543.750000
2021653.550000
2021658.750000
2021661.250000
2026926.800000
2034320.050000
2040196.100000
2042874.150000
2045212.200000
2046367.250000
2046395.600000
2053759.650000
2069607.300000
2097220.250000
2111752.750000
2119622.300000
2129464.800000
2132341.900000
2132358.450000
2139463.550000
2150122.850000
2154369.700000
2157255.600000
2158815.150000
2158964.600000
2158983.400000
2160083.550000
2162235.650000
2163523.300000
2171030.400000
2183218.700000
2188430.650000
2194259.650000
2200204.950000
2200388.850000
2218596.200000
2219088.700000
2219391.100000
2220125.700000
2221808.250000
2227150.300000
2227489.200000
2227592.050000
2227799.100000
2228383.250000
2233735.000000
2245257.000000
2246657.150000
2247270.750000
2247309.250000
2249449.800000
2249459.100000
2253049.350000
2267330.800000
2268335.550000
2287689.950000
2287722.850000
2294064.750000
2300544.350000
2300646.000000
2300659.400000
2300733.500000
2304924.100000
2307504.150000
2312777.400000
2313189.850000
2313196.100000
2333596.650000
2344410.100000
2345699.050000
2345703.500000
2345710.550000
2354441.650000
2358098.300000
2363540.200000
2363588.550000
2363692.100000
2374998.250000
2377398.900000
2378356.950000
2387825.600000
2388092.450000
2388705.750000
2388798.900000
2389118.700000
2394510.500000
2396096.250000
2420517.100000
2438756.350000
2439633.100000
2441257.800000
2447981.350000
2448632.550000
2448928.400000
2454106.950000
2454131.300000
2456848.850000
2459735.000000
2462151.400000
2464138.900000
2471922.250000
2472932.950000
2473004.250000
2494934.400000
2496274.100000
2501495.700000
2503444.100000
2509065.100000
2509515.300000
2522227.250000
2526330.550000
2528856.550000
2545115.950000
2546426.750000
2546463.250000
2547156.700000
2554133.400000
2555084.350000
2555323.000000
2559075.250000
2562133.200000
2566055.000000
2581214.250000
2585834.650000
2587631.500000
2589984.650000
2595991.850000
2606234.000000
2612475.100000
2620535.700000
2625645.150000
2630561.950000
2639109.450000
2640729.450000
2643683.850000
2645095.450000
2645099.150000
2646826.500000
2648301.550000
2655805.100000
2662061.650000
2664704.550000
2674519.700000
2676990.350000
2677819.550000
2677865.000000
2680372.550000
2684821.000000
2693140.400000
2710195.150000
2714092.950000
2722981.200000
2726445.850000
2726586.750000
2726704.300000
2726994.350000
2727439.450000
2731684.450000
2737541.800000
2741998.600000
2742318.250000
2744974.100000
2760517.550000
2760943.700000
2761705.100000
2761732.300000
2765569.500000
2770088.350000
2770092.750000
2783286.150000
2786259.200000
2787477.900000
2798986.800000
2804931.350000
2810526.150000
2816784.400000
2822696.500000
2823652.200000
2823658.750000
2825720.100000
2826235.600000
2827363.700000
2832843.350000
2843669.800000
2846490.500000
2846922.150000
2863407.850000
2865250.800000
2872777.000000
2882415.200000
2888217.000000
2891374.750000
2900761.150000
2915532.300000
2920015.400000
2920975.750000
2940433.200000
2945674.500000
2946954.850000
2950883.100000
2950890.600000
2952946.100000
2961082.200000
2961090.700000
2961100.750000
2964089.400000
2974734.450000
2975124.100000
2989549.250000
2997480.850000
3000286.400000
3005620.400000
3014493.150000
3015233.000000
3016336.650000
3028927.850000
3037159.350000
3042001.750000
3044005.000000
3046368.450000
3056545.500000
3056824.450000
3059304.150000
3062181.400000
3063371.900000
3066141.550000
3075184.350000
3077747.300000
3123788.200000
3130293.950000
3133381.100000
3134936.500000
3141125.300000
3161977.150000
3161986.200000
3164637.900000
3189000.900000
3189007.500000
3189145.950000
3190865.450000
3196417.600000
3203156.600000
3206922.300000
3207503.750000
3212093.300000
3224110.050000
3224917.250000
3232495.800000
3241610.300000
3255397.350000
3261266.300000
3267530.250000
3275840.850000
3276049.750000
3278255.150000
3280109.300000
3280144.200000
3283469.050000
3283502.950000
3314865.150000
3325714.700000
3329205.850000
3331876.150000
3333001.350000
3334637.050000
3334652.700000
3335548.400000
3336828.950000
3336837.250000
3337640.150000
3346148.650000
3363039.050000
3367735.800000
3376697.450000
3383664.850000
3384347.250000
3389777.000000
3390363.350000
3396714.150000
3403881.150000
3405020.650000
3407917.450000
3416534.900000
3419633.350000
3420211.550000
3451234.200000
3454138.700000
3456692.050000
3463054.150000
3463318.600000
3464050.500000
3464464.850000
3467190.200000
3467267.200000
3477113.100000
3480532.650000
3480606.950000
3489049.600000
3491315.800000
3495373.400000
3496413.550000
3496878.200000
3496991.250000
3514581.400000
3515567.150000
3539348.000000
3541179.350000
3544052.550000
3545300.950000
3548873.400000
3550066.400000
3553463.500000
3553472.900000
3563695.000000
3565943.050000
3583058.200000
3583061.850000
3583066.950000
3584035.400000
3585946.750000
3591684.250000
3596571.000000
