20319.250000
28174.350000
28178.100000
28184.900000
30956.200000
32070.650000
35956.450000
39337.000000
39346.250000
45566.050000
50048.400000
76962.100000
81471.050000
175647.300000
175673.200000
175960.700000
175979.150000
176062.900000
177023.400000
177469.550000
178855.450000
178947.850000
179123.450000
179133.950000
179217.350000
237456.200000
248393.100000
248397.300000
280721.550000
311130.850000
311137.300000
311224.500000
344912.350000
349587.450000
355443.450000
355768.300000
355795.750000
356120.850000
356131.150000
370257.550000
370261.200000
386929.950000
386934.650000
386947.300000
386972.750000
391975.900000
391980.150000
391985.250000
393464.200000
393518.050000
400475.200000
456730.850000
537042.450000
537046.300000
537079.250000
540736.800000
577426.200000
668900.850000
668913.200000
668981.150000
668991.000000
669104.450000
669190.600000
672545.350000
726883.050000
726889.400000
726897.950000
726903.550000
749873.000000
749876.850000
750558.250000
750895.650000
754601.450000
755507.300000
755512.050000
756831.000000
756894.250000
788835.850000
788842.850000
788913.450000
788927.850000
789563.250000
824255.950000
849170.000000
874658.050000
949129.600000
949133.250000
954269.950000
959066.050000
959070.750000
959092.850000
971758.600000
1029952.400000
1088879.900000
1139908.250000
1139911.650000
1139915.800000
1139920.850000
1139943.250000
1139955.500000
1139977.050000
1140031.450000
1140610.350000
1140735.850000
1157549.650000
1177721.750000
1178286.450000
1193962.800000
1268525.650000
1269359.000000
1269955.550000
1301497.950000
1316192.550000
1321095.400000
1325825.500000
1325830.050000
1326335.900000
1326715.100000
1326899.150000
1328191.550000
1332246.100000
1350365.150000
1356201.050000
1357342.850000
1357347.200000
1357351.900000
1358151.950000
1360951.750000
1360956.000000
1360982.900000
1362685.800000
1374116.850000
1380622.850000
1382375.000000
1382698.650000
1397697.700000
1415938.750000
1415943.250000
1415948.250000
1415954.850000
1422098.800000
1533767.800000
1551004.550000
1551008.700000
1551022.350000
1559260.900000
1560179.300000
1560705.650000
1560708.700000
1560719.650000
1560876.950000
1568904.100000
1570930.600000
1570942.150000
1589941.700000
1589962.850000
1589970.800000
1599966.400000
1599971.800000
1600623.050000
1615394.800000
1615402.300000
1615407.650000
1615415.150000
1622252.950000
1624318.050000
1624322.950000
1624467.450000
1640114.450000
1640130.900000
1668106.200000
1669713.550000
1672172.050000
1674295.250000
1674330.700000
1674338.250000
1681455.050000
1682459.650000
1682474.850000
1682480.400000
1686327.200000
1687538.150000
1687542.400000
1688636.150000
1710903.950000
1721730.850000
1723704.550000
1723777.450000
1724371.550000
1740813.750000
1740825.450000
1741184.300000
1741190.250000
1743077.000000
1745721.650000
1745725.800000
1745737.150000
1751228.900000
1751232.050000
1751236.300000
1751241.650000
1751253.400000
1767780.650000
1768000.350000
1772708.250000
1772732.350000
1772740.500000
1780057.200000
1780449.100000
1798469.600000
1855759.000000
1855957.900000
1859086.500000
1886428.800000
1886437.100000
1894106.150000
1894117.700000
1932805.800000
1932809.350000
1932822.550000
1940521.350000
1940881.450000
1940886.600000
1940892.450000
1940899.600000
1987365.300000
2007329.300000
2007343.750000
2007839.850000
2007845.150000
2007850.950000
2017440.050000
2017721.550000
2021952.100000
2034528.700000
2034539.000000
2034551.250000
2039341.300000
2102585.600000
2102609.250000
2102616.300000
2102623.000000
2103269.500000
2103273.750000
2103674.250000
2113542.800000
2130741.550000
2130765.200000
2156711.500000
2158456.800000
2158511.800000
2160070.150000
2160074.250000
2160078.300000
2160083.850000
2170528.550000
2189607.250000
2189646.450000
2192275.200000
2192287.800000
2196197.150000
2196200.200000
2201392.050000
2201396.500000
2226564.600000
2232592.850000
2232609.750000
2234863.800000
2247661.300000
2247675.150000
2263162.500000
2272945.200000
2277326.400000
2278766.750000
2278773.250000
2278778.850000
2278783.950000
2278929.250000
2278966.750000
2278971.000000
2288746.450000
2294767.550000
2295133.150000
2298176.450000
2298185.350000
2298203.000000
2298853.600000
2301212.800000
2321558.600000
2321565.100000
2321570.500000
2322274.700000
2322279.700000
2436826.800000
2438764.600000
2443269.450000
2443511.100000
2443531.450000
2443592.350000
2443606.650000
2443615.700000
2445439.350000
2445444.600000
2445457.250000
2456407.550000
2466340.900000
2469055.200000
2483887.150000
2485400.350000
2486303.300000
2519440.550000
2525701.200000
2525881.550000
2525896.850000
2525907.250000
2527453.600000
2528958.550000
2528962.150000
2528966.600000
2528974.450000
2529556.850000
2529562.000000
2529566.650000
2531737.900000
2549016.700000
2556157.450000
2556505.650000
2562099.650000
2563767.900000
2567536.050000
2567556.700000
2567614.200000
2567632.750000
2567661.650000
2567672.200000
2567733.950000
2567804.500000
2567813.500000
2567858.100000
2568171.000000
2568184.750000
2568201.800000
2568357.000000
2568369.950000
2568488.150000
2568632.850000
2568791.750000
2568828.600000
2568851.850000
2568959.450000
2568965.650000
2569133.250000
2569161.800000
2569192.250000
2569268.250000
2569313.000000
2569420.300000
2569427.500000
2569485.850000
2569589.850000
2570315.650000
2570352.200000
2570443.200000
2570472.150000
2570631.350000
2570654.850000
2570679.000000
2570696.900000
2570737.600000
2570792.750000
2570980.850000
2571014.250000
2571043.400000
2571153.550000
2571180.800000
2571189.400000
2571217.550000
2571273.550000
2571601.150000
2571627.650000
2571761.050000
2571806.700000
2571959.500000
2571978.050000
2571995.100000
2572150.500000
2572246.050000
2572252.200000
2572268.400000
2572425.700000
2572801.100000
2572806.550000
2573131.850000
2573166.750000
2590412.900000
2593258.200000
2596538.100000
2596700.250000
2596706.700000
2597652.400000
2597903.250000
2598492.050000
2598504.250000
2598536.800000
2631360.350000
2649152.350000
2649333.300000
2655642.950000
2655741.850000
2672503.500000
2673025.400000
2673040.950000
2681280.050000
2687694.850000
2687707.850000
2688063.750000
2688074.050000
2688227.950000
2688250.300000
2688283.050000
2688430.400000
2688576.300000
2688594.750000
2688794.600000
2688916.250000
2688937.850000
2689074.300000
2689237.250000
2689252.600000
2689384.050000
2689399.450000
2689537.400000
2689549.300000
2690568.400000
2690593.700000
2690699.800000
2691041.950000
2691066.300000
2691167.300000
2691186.150000
2691297.000000
2691370.300000
2691382.000000
2691540.500000
2691572.300000
2691708.900000
2691850.550000
2691882.950000
2691953.850000
2691992.600000
2692027.200000
2692226.650000
2692287.300000
2692331.650000
2692459.550000
2692466.700000
2692512.250000
2692528.250000
2692542.600000
2692691.800000
2692840.450000
2693096.150000
2693140.950000
2694480.700000
2694491.500000
2694614.500000
2694636.700000
2696774.200000
2698266.000000
2698273.500000
2698816.800000
2698826.800000
2698836.200000
2702706.050000
2704881.500000
2704899.500000
2704913.800000
2709409.950000
2709415.150000
2709474.000000
2715028.000000
2715045.700000
2715059.500000
2715065.100000
2715097.450000
2715306.350000
2715313.350000
2716474.250000
2716740.100000
2716754.950000
2716762.650000
2716813.800000
2716860.700000
2716911.050000
2716924.750000
2716965.650000
2717040.600000
2717053.300000
2717120.000000
2717259.700000
2717599.150000
2717652.500000
2717658.350000
2717749.850000
2720092.150000
2721441.450000
2738791.500000
2738797.550000
2739077.700000
2739085.000000
2739094.600000
2739110.300000
2739117.300000
2739367.700000
2739392.700000
2739412.700000
2739419.300000
2739483.250000
2740941.600000
2740956.900000
2741944.750000
2743665.750000
2744234.750000
2745526.000000
2745545.700000
2745552.200000
2745630.850000
2750691.800000
2750738.300000
2750760.850000
2751144.100000
2751385.150000
2751395.600000
2751405.150000
2751421.550000
2757220.650000
2760188.400000
2760195.300000
2760229.900000
2760242.400000
2762372.650000
2762376.850000
2763086.600000
2766143.950000
2773515.550000
2774187.800000
2775112.550000
2783008.050000
2783051.200000
2783115.550000
2783234.500000
2784078.800000
2784106.800000
2784222.200000
2784452.650000
2784601.600000
2784612.000000
2784673.800000
2784708.500000
2784975.500000
2784986.300000
2784991.850000
2785135.400000
2785144.350000
2785199.950000
2785227.000000
2785247.850000
2786907.200000
2788222.850000
2789106.750000
2789135.650000
2789141.450000
2789348.500000
2789487.700000
2789532.650000
2789560.650000
2789603.700000
2789622.050000
2789649.000000
2791616.700000
2799912.700000
2809939.100000
2810086.150000
2810093.950000
2810229.350000
2810243.550000
2810265.900000
2810285.550000
2810342.100000
2810888.950000
2810897.600000
2810914.850000
2811199.750000
2812515.600000
2812893.350000
2812953.650000
2813624.800000
2813643.200000
2813649.000000
2813736.200000
2813743.850000
2813852.150000
2813866.650000
2813886.600000
2814305.650000
2814309.950000
2814367.950000
2814617.750000
2814650.150000
2815998.500000
2816438.800000
2816449.250000
2821006.600000
2821055.700000
2821241.500000
2821269.600000
2821401.250000
2828917.050000
2836003.850000
2836896.300000
2836911.700000
2836919.200000
2836993.450000
2836998.350000
2837078.000000
2837091.400000
2837177.400000
2837234.000000
2837258.050000
2837340.550000
2837388.000000
2837515.700000
2837594.200000
2837639.400000
2837654.850000
2837788.400000
2838140.200000
2838291.950000
2838346.500000
2838450.800000
2838536.750000
2838547.650000
2838603.200000
2838618.800000
2838757.350000
2838762.700000
2838770.250000
2838812.350000
2838848.400000
2838879.000000
2838900.150000
2839036.650000
2839079.650000
2839215.250000
2839228.000000
2839235.300000
2839408.600000
2839431.550000
2839547.200000
2839580.800000
2839746.850000
2839789.250000
2839797.250000
2839907.950000
2839919.200000
2840016.550000
2840033.300000
2840073.200000
2840101.550000
2840209.550000
2840258.900000
2840269.300000
2840289.300000
2840392.350000
2840410.350000
2840462.450000
2840592.050000
2840602.100000
2840625.200000
2840703.100000
2840788.850000
2840809.100000
2840910.850000
2840924.250000
2840936.500000
2840980.500000
2841142.650000
2841149.550000
2841185.100000
2841194.900000
2841312.100000
2841322.200000
2841439.800000
2841449.050000
2841469.950000
2841520.300000
2841580.850000
2841632.250000
2841781.100000
2841816.750000
2841827.300000
2841961.150000
2842000.200000
2860577.350000
2864265.500000
2864270.100000
2864276.550000
2864392.150000
2864406.800000
2864514.500000
2864540.650000
2864578.550000
2866392.200000
2866398.400000
2866710.900000
2866805.650000
2866818.850000
2866839.800000
2866849.150000
2866959.500000
2867063.900000
2867072.500000
2867183.450000
2867198.350000
2867220.750000
2867251.350000
2867284.850000
2867306.750000
2867407.500000
2867425.550000
2867455.400000
2867544.100000
2867748.250000
2867818.650000
2867934.500000
2867969.150000
2867991.050000
2868035.200000
2868046.950000
2868120.300000
2868137.200000
2868152.250000
2868258.750000
2868275.150000
2868336.600000
2868468.900000
2868483.600000
2868494.900000
2868623.450000
2868656.650000
2868664.450000
2868681.250000
2868722.150000
2868752.650000
2868802.500000
2868820.600000
2868847.200000
2868904.850000
2869043.750000
2869064.100000
2869082.100000
2869108.400000
2869225.950000
2869240.050000
2869289.050000
2869390.550000
2869399.950000
2869474.800000
2869573.250000
2869608.600000
2869660.900000
2869681.200000
2869699.250000
2869736.050000
2869761.500000
2869853.100000
2869875.650000
2870032.750000
2870058.250000
2870074.350000
2870114.950000
2870191.200000
2870354.450000
2870535.650000
2871053.200000
2871348.850000
2871828.100000
2871930.750000
2872347.000000
2872392.300000
2872427.650000
2872496.150000
2872658.000000
2872751.300000
2872793.300000
2872834.200000
2872874.950000
2873044.200000
2873161.650000
2873193.650000
2873291.100000
2873305.750000
2873409.600000
2873427.450000
2873606.800000
2873742.250000
2873766.300000
2873784.050000
2874575.800000
2874651.650000
2878978.250000
2878984.800000
2879013.950000
2879027.100000
2879066.750000
2879071.850000
2879218.800000
2879321.300000
2879350.850000
2879373.350000
2879784.550000
2880081.500000
2882071.600000
2882090.150000
2882357.100000
2883095.900000
2883125.200000
2886488.000000
2886912.750000
2890814.450000
2890819.750000
2890831.150000
2890843.000000
2890873.250000
2890878.750000
2892460.350000
2896412.450000
2896496.650000
2896505.500000
2896576.300000
2896922.750000
2896961.400000
2896975.800000
2896990.600000
2897032.700000
2897112.050000
2897177.300000
2897185.900000
2897372.950000
2897405.200000
2897430.550000
2897470.800000
2897672.450000
2897765.700000
2897808.550000
2897840.650000
2897855.350000
2897888.950000
2897922.150000
2898083.950000
2898149.150000
2898173.850000
2898208.150000
2898259.350000
2898356.750000
2903169.200000
2903220.800000
2916196.200000
2926902.450000
2926914.250000
2927013.650000
2927027.000000
2927036.400000
2927153.750000
2927175.550000
2927187.850000
2927282.050000
2927671.300000
2927970.600000
2929069.600000
2929686.250000
2929880.700000
2929980.500000
2930165.150000
2930195.600000
2930260.250000
2930459.700000
2930471.750000
2930584.100000
2930761.100000
2931454.550000
2931852.050000
2931957.150000
2932094.450000
2932108.800000
2932231.650000
2932254.450000
2932292.450000
2932390.050000
2932450.500000
2933327.050000
2933606.400000
2933616.500000
2933631.200000
2933721.550000
2933749.900000
2933775.000000
2934094.050000
2934281.800000
2934390.300000
2935213.150000
2935616.900000
2935719.150000
2935742.700000
2935759.250000
2935915.000000
2936311.400000
2936320.750000
2936327.600000
2936354.300000
2938673.150000
2938732.000000
2938738.050000
2940652.500000
2940675.200000
2943149.300000
2943173.700000
2943229.000000
2943236.250000
2943282.250000
2943299.200000
2943369.650000
2943387.650000
2943781.400000
2943904.500000
2947887.800000
2947895.300000
2948213.450000
2948385.200000
2949907.500000
2949923.300000
2949989.500000
2950521.450000
2950528.950000
2950558.600000
2950581.750000
2953144.700000
2955354.650000
2955362.050000
2959797.500000
2959963.900000
2960172.150000
2960193.600000
2960200.300000
2960306.000000
2960818.750000
2960885.400000
2960914.550000
2964962.200000
2965059.800000
2965072.850000
2965078.050000
2968725.750000
2972088.050000
2972112.700000
2972117.650000
2972126.900000
2972160.600000
2972174.950000
2972208.150000
2972215.300000
2972225.150000
2972360.050000
2972367.050000
2972408.650000
2972421.350000
2972465.550000
2972619.400000
2972639.950000
2972658.100000
2972667.900000
2972913.900000
2973223.450000
2973248.500000
2979842.200000
2987310.400000
2987318.900000
2987388.650000
2987418.200000
2987432.250000
2987453.300000
2987517.050000
2987526.250000
2987752.950000
2988185.350000
2990016.800000
2990546.600000
2990946.700000
2991095.150000
2991248.000000
2991279.700000
2991413.200000
2991457.200000
2991570.500000
2991723.700000
2991966.950000
2991989.150000
2992565.950000
2992580.300000
2992589.450000
2992765.300000
2992801.300000
2992875.650000
2992914.050000
2993431.200000
2993436.850000
2993445.850000
2993742.900000
2993770.100000
2994546.350000
2994558.800000
2994572.450000
2994718.400000
2994729.200000
2996306.350000
2996312.050000
2996324.550000
2996335.950000
2997537.750000
2997817.200000
2997821.900000
2997831.700000
2997844.500000
2998785.350000
3000076.950000
3000085.800000
3000094.300000
3005870.200000
3005874.750000
3005887.000000
3007322.850000
3007343.850000
3007448.900000
3007494.750000
3007534.450000
3007610.000000
3007639.300000
3009230.900000
3009238.400000
3009244.700000
3009257.700000
3009292.400000
3009301.300000
3009327.950000
3009353.350000
3011694.200000
3011833.600000
3011877.300000
3011885.250000
3011895.900000
3011973.600000
3014517.500000
3014525.000000
3015986.300000
3016027.500000
3016107.850000
3016336.750000
3016350.400000
3016362.100000
3016392.200000
3016439.000000
3016939.700000
3018166.450000
3018197.650000
3018307.400000
3018337.950000
3018397.450000
3018417.150000
3018426.400000
3018569.300000
3018581.400000
3018591.350000
3018986.150000
3018995.350000
3019870.550000
3019881.750000
3019891.500000
3019920.450000
3019990.350000
3019996.150000
3020009.800000
3020112.050000
3020145.800000
3020203.600000
3020288.950000
3020338.800000
3020352.700000
3020529.650000
3022005.750000
3022018.650000
3022363.800000
3022821.800000
3022848.100000
3022892.400000
3022933.550000
3022942.050000
3022985.400000
3023028.500000
3023041.700000
3023399.300000
3023404.350000
3023427.100000
3023748.250000
3024239.850000
3024250.950000
3024262.450000
3024316.500000
3024354.650000
3024382.350000
3024410.600000
3024417.000000
3024591.350000
3025006.450000
3025041.900000
3025056.050000
3025095.200000
3025102.300000
3025116.300000
3025136.500000
3025151.850000
3025187.450000
3025492.600000
3026132.950000
3026163.250000
3026454.900000
3026460.800000
3026469.550000
3026480.100000
3026498.650000
3028291.650000
3028354.650000
3028598.550000
3028624.550000
3028644.500000
3028649.200000
3028657.600000
3038094.350000
3038103.550000
3041777.500000
3041782.700000
3041862.200000
3041917.200000
3041923.500000
3041947.600000
3042003.350000
3042307.200000
3042334.600000
3042344.900000
3042374.000000
3042385.050000
3042428.650000
3042566.800000
3042982.300000
3043258.500000
3043763.000000
3043769.300000
3046254.750000
3046286.750000
3046294.850000
3046304.450000
3046331.900000
3046367.150000
3046422.850000
3046513.700000
3046524.800000
3046559.300000
3046668.350000
3046732.250000
3046858.950000
3047053.850000
3047085.200000
3047123.300000
3047221.200000
3047251.800000
3047402.900000
3048092.600000
3048248.150000
3048440.450000
3048600.500000
3048646.000000
3048696.350000
3048723.850000
3048751.000000
3048944.600000
3048980.500000
3049044.900000
3049067.500000
3049116.450000
3049258.550000
3049280.650000
3049414.450000
3049432.950000
3049588.850000
3049619.800000
3049658.050000
3049858.550000
3049875.650000
3049918.400000
3049995.850000
3050187.450000
3050518.200000
3050534.000000
3050543.700000
3050632.050000
3050652.500000
3050805.850000
3051110.000000
3051151.750000
3051182.000000
3051209.450000
3051230.350000
3051248.550000
3051277.300000
3051524.200000
3051905.600000
3052079.250000
3052084.050000
3052112.750000
3052122.200000
3052151.250000
3052165.550000
3052183.750000
3052222.300000
3052261.350000
3052630.400000
3052659.700000
3052684.650000
3052695.750000
3055006.050000
3055405.400000
3055411.100000
3055427.400000
3055446.150000
3055455.250000
3055504.250000
3055511.000000
3055541.850000
3060557.850000
3060590.250000
3060637.900000
3060664.550000
3060672.850000
3060907.250000
3060930.600000
3060973.000000
3060978.750000
3060996.950000
3061031.850000
3061052.550000
3061077.500000
3061085.700000
3061124.600000
3061366.200000
3061375.100000
3061553.900000
3061747.500000
3069133.750000
3076962.500000
3077011.950000
3077021.200000
3077075.300000
3077104.850000
3077113.450000
3077128.350000
3077149.500000
3077193.150000
3077227.650000
3077253.400000
3077335.050000
3077427.600000
3077871.700000
3078544.500000
3078603.650000
3079195.200000
3079801.450000
3080480.650000
3081070.250000
3084090.600000
3084570.000000
3084601.400000
3084715.550000
3084739.850000
3084847.150000
3084894.850000
3084909.350000
3084936.050000
3085037.700000
3085216.700000
3085306.800000
3086015.650000
3087161.550000
3087176.000000
3087662.650000
3087674.350000
3090372.100000
3090401.250000
3090409.750000
3090433.000000
3092291.300000
3092801.900000
3092837.450000
3092860.200000
3092870.500000
3093521.350000
3093527.650000
3093538.800000
3093550.650000
3093574.450000
3098967.100000
3098997.200000
3099004.700000
3102537.600000
3102669.300000
3102708.300000
3103085.700000
3103091.750000
3103105.950000
3105232.650000
3105269.700000
3105284.600000
3105408.700000
3105421.700000
3107054.350000
3108049.300000
3108057.100000
3109131.300000
3109137.850000
3109165.050000
3109337.500000
3109421.950000
3109450.750000
3109627.000000
3109645.300000
3109661.250000
3109715.650000
3109808.250000
3109819.850000
3109834.000000
3109853.300000
3109901.550000
3110284.850000
3110549.700000
3110683.550000
3110695.400000
3110701.350000
3110795.000000
3110809.900000
3110851.200000
3110992.950000
3111251.250000
3111287.650000
3111324.500000
3111346.450000
3111369.250000
3111702.550000
3111728.700000
3111837.650000
3111849.550000
3111862.800000
3111962.550000
3111972.650000
3112851.150000
3113217.850000
3113326.400000
3113346.600000
3113367.050000
3113375.200000
3113383.150000
3114104.350000
3114140.000000
3114662.500000
3114668.500000
3114682.650000
3114692.400000
3114706.600000
3114771.750000
3114819.800000
3114894.700000
3116313.400000
3116317.500000
3116341.100000
3116347.950000
3116647.950000
3116655.600000
3116676.250000
3117008.150000
3117017.300000
3117025.050000
3117249.500000
3119846.400000
3124706.750000
3124716.250000
3124731.450000
3124850.950000
3124859.750000
3124868.850000
3124898.050000
3124932.550000
3124983.800000
3127311.800000
3132071.650000
3136882.150000
3136888.750000
3136899.400000
3137092.750000
3137129.850000
3137143.250000
3137156.650000
3137172.550000
3137433.550000
3137440.950000
3137446.300000
3137492.950000
3137523.500000
3137538.750000
3137645.900000
3137668.500000
3138288.500000
3138409.300000
3138441.500000
3138481.650000
3138794.000000
3138811.400000
3138973.100000
3139027.400000
3139101.300000
3139115.450000
3139154.300000
3139173.500000
3139705.800000
3139980.300000
3140095.250000
3140791.600000
3141608.100000
3141617.200000
3141623.750000
3141637.250000
3141650.100000
3141718.250000
3141729.700000
3141764.550000
3141935.650000
3141947.850000
3142010.450000
3142048.650000
3142475.900000
3142976.900000
3151396.550000
3151401.100000
3152861.650000
3153015.150000
3156547.550000
3157735.900000
3160996.100000
3161237.700000
3161830.900000
3161848.700000
3161865.100000
3162095.450000
3162115.500000
3162853.150000
3165384.900000
3165419.550000
3165529.200000
3165537.500000
3165545.450000
3165558.900000
3165579.400000
3165591.550000
3165668.950000
3165959.350000
3166769.650000
3166779.900000
3166945.600000
3167010.650000
3167018.350000
3167054.450000
3167098.300000
3167148.150000
3167166.450000
3167204.800000
3167211.600000
3167422.300000
3167508.700000
3168490.650000
3168604.900000
3168657.850000
3168681.000000
3168694.650000
3168958.700000
3169074.950000
3170989.500000
3171748.200000
3177333.150000
3180424.550000
3180484.100000
3181925.100000
3183940.100000
3202344.450000
3202370.500000
3202382.500000
3202397.400000
3203138.100000
3204581.150000
3205686.250000
3207234.400000
3207257.850000
3207268.900000
3207551.800000
3207562.850000
3207580.400000
3210433.550000
3217140.800000
3217151.200000
3217175.150000
3217239.550000
3217253.000000
3217272.100000
3217278.150000
3217306.750000
3217314.100000
3217357.100000
3217672.750000
3217695.400000
3217794.500000
3218160.550000
3218168.550000
3218235.750000
3218257.100000
3218265.050000
3218291.850000
3218433.500000
3218445.050000
3227263.950000
3227327.950000
3227334.400000
3227427.350000
3227457.400000
3227635.000000
3227933.700000
3227973.000000
3227979.100000
3227993.550000
3228006.850000
3228024.550000
3228196.700000
3228226.500000
3228254.100000
3228394.550000
3228404.950000
3228530.550000
3228627.350000
3228670.000000
3228680.400000
3228692.100000
3228713.300000
3228754.200000
3229384.600000
3231007.000000
3235224.450000
3235232.650000
3252542.400000
3258921.150000
3259437.300000
3259457.800000
3259593.650000
3259600.100000
3259610.350000
3259780.050000
3259825.500000
3259865.200000
3259889.750000
3260122.650000
3260148.550000
3260189.100000
3260196.850000
3260385.900000
3260580.850000
3260712.750000
3260881.700000
3261417.900000
3261581.900000
3261641.250000
3262587.150000
3265400.300000
3265818.450000
3267488.000000
3267947.550000
3267967.300000
3268013.350000
3268035.450000
3268052.150000
3268228.750000
3268243.950000
3268432.800000
3268451.850000
3268530.600000
3268603.850000
3268645.900000
3268871.000000
3268884.950000
3268910.600000
3269107.700000
3269125.700000
3269599.850000
3269642.200000
3269806.850000
3269849.750000
3269893.500000
3270217.600000
3270257.650000
3270289.350000
3270300.200000
3270444.900000
3270860.100000
3271205.400000
3271806.850000
3271864.650000
3271871.850000
3271880.350000
3272414.550000
3272422.550000
3272430.850000
3272494.250000
3272510.850000
3272525.800000
3272553.550000
3272986.600000
3273158.700000
3274565.300000
3274661.150000
3274947.950000
3274984.700000
3276484.550000
3276498.650000
3276507.500000
3276521.500000
3276775.200000
3276797.950000
3276804.150000
3276826.500000
3276905.100000
3277033.200000
3277039.950000
3277447.100000
3278678.950000
3278714.450000
3278724.200000
3280758.500000
3283322.350000
3283391.350000
3283439.300000
3283682.400000
3283691.450000
3283709.300000
3283717.250000
3283745.600000
3283753.750000
3283997.950000
3284037.800000
3284118.050000
3284372.700000
3285049.350000
3285192.250000
3285248.700000
3285314.500000
3285361.400000
3285366.300000
3285376.900000
3285394.300000
3285419.400000
3285696.550000
3285730.000000
3287645.850000
3287656.550000
3287691.700000
3287789.800000
3287796.250000
3287805.950000
3287816.900000
3287882.400000
3288057.700000
3288200.650000
3289248.650000
3291918.500000
3291936.850000
3292037.050000
3292179.500000
3292204.400000
3292295.850000
3292319.350000
3292741.950000
3292757.150000
3292830.350000
3292929.000000
3293030.850000
3293494.200000
3293505.900000
3293544.300000
3295854.250000
3295867.300000
3295874.600000
3296082.850000
3296091.700000
3296101.600000
3296119.150000
3298503.250000
3298511.900000
3298521.450000
3298534.250000
3298734.850000
3298743.450000
3298752.350000
3298763.700000
3299584.900000
3299593.250000
3299613.250000
3299627.900000
3300289.050000
3301414.150000
3301422.600000
3301445.750000
3301846.150000
3301851.750000
3301867.300000
3301874.000000
3303436.850000
3303441.950000
3303451.400000
3304610.250000
3304624.500000
3304636.600000
3304925.750000
3306025.950000
3306033.800000
3310893.750000
3310904.650000
3310928.700000
3312935.000000
3314277.450000
3314729.300000
3314774.300000
3314786.200000
3315008.650000
3315056.800000
3315146.150000
3315172.150000
3315183.300000
3315468.050000
3317654.950000
3317705.350000
3317723.600000
3317732.750000
3317766.600000
3317784.450000
3317800.100000
3318009.400000
3318034.050000
3318123.650000
3318147.150000
3318159.650000
3318196.400000
3318263.250000
3318435.850000
3318446.200000
3318696.100000
3318743.550000
3318867.750000
3319068.700000
3319081.500000
3319107.300000
3319213.600000
3319328.700000
3319342.650000
3319501.400000
3319506.950000
3319526.400000
3319558.550000
3319700.450000
3319775.800000
3319835.150000
3319850.050000
3319954.650000
3320174.950000
3320206.500000
3320227.250000
3320236.800000
3320248.700000
3320317.350000
3320336.900000
3320807.100000
3321018.150000
3321160.300000
3322946.350000
3323375.550000
3323536.900000
3323770.500000
3323782.850000
3323959.400000
3324018.600000
3324070.600000
3324084.950000
3324157.950000
3324224.550000
3324696.750000
3325467.250000
3325472.300000
3325479.600000
3325496.600000
3325533.500000
3326647.950000
3326651.800000
3326659.200000
3326685.950000
3326707.900000
3326740.550000
3327134.100000
3329639.450000
3329658.850000
3329693.050000
3329724.150000
3329735.300000
3329834.650000
3329867.100000
3329886.450000
3330186.800000
3331892.500000
3331901.850000
3331910.200000
3331986.950000
3331993.450000
3332113.000000
3332146.300000
3332156.700000
3332184.850000
3332212.800000
3332247.300000
3336064.600000
3336073.250000
3336117.250000
3336124.400000
3336156.750000
3336447.600000
3336456.650000
3337506.050000
3339020.550000
3343884.100000
3344273.650000
3344281.900000
3344887.400000
3344894.200000
3344902.900000
3344922.350000
3344983.100000
3346415.050000
3347706.650000
3347720.750000
3347742.500000
3347755.800000
3347764.400000
3347860.800000
3347971.150000
3347977.250000
3347991.800000
3348019.100000
3348099.500000
3348123.100000
3348262.250000
3352104.650000
3352226.350000
3352336.800000
3352473.450000
3352587.150000
3352595.250000
3352770.050000
3352834.050000
3354033.050000
3354101.400000
3354122.350000
3354132.300000
3354552.400000
3354631.700000
3354698.400000
3355143.900000
3355486.450000
3355498.100000
3355520.050000
3355583.300000
3355623.500000
3355755.300000
3355951.650000
3355990.250000
3356494.650000
3356500.500000
3356515.050000
3356816.600000
3359473.800000
3359617.900000
3359623.950000
3359627.750000
3359640.050000
3359673.150000
3359683.800000
3359694.250000
3359731.350000
3360025.000000
3360042.000000
3361108.050000
3361122.100000
3361129.600000
3361140.800000
3364482.400000
3364496.650000
3365042.350000
3365059.100000
3365234.600000
3365263.350000
3365274.400000
3365433.050000
3365464.450000
3365472.900000
3365534.650000
3365546.800000
3365602.650000
3365671.450000
3365758.900000
3365819.550000
3365842.800000
3366872.150000
3368983.550000
3368996.950000
3369019.050000
3369210.700000
3369544.950000
3369666.050000
3372415.600000
3377426.850000
3377449.650000
3377512.500000
3377518.400000
3377530.050000
3377542.150000
3377580.000000
3377626.350000
3377678.150000
3377752.500000
3377930.700000
3378044.650000
3378079.050000
3378230.350000
3378266.400000
3378553.050000
3378691.100000
3378711.450000
3378739.800000
3378860.300000
3379152.550000
3379200.150000
3379652.200000
3380036.000000
3382849.450000
3383787.750000
3383926.800000
3384485.800000
3384550.500000
3384561.550000
3384632.300000
3384971.450000
3385015.300000
3385857.900000
3386978.450000
3386985.500000
3386993.150000
3387019.000000
3387041.800000
3387071.500000
3387101.050000
3387160.350000
3387534.850000
3387554.150000
3387891.050000
3388243.450000
3388321.650000
3388878.350000
3388916.350000
3388966.350000
3389096.700000
3389273.650000
3389308.700000
3389334.500000
3389343.300000
3389403.250000
3389600.850000
3389760.800000
3392264.800000
3392344.600000
3392619.250000
3392625.600000
3392940.800000
3397777.900000
3398588.000000
3400931.200000
3400941.850000
3400949.850000
3402449.050000
3405818.500000
3405831.050000
3405837.850000
3405848.800000
3405864.850000
3405892.350000
3405910.800000
3406004.650000
3406041.100000
3406047.700000
3406145.250000
3406161.450000
3406177.050000
3406309.350000
3406350.950000
3406370.500000
3406714.950000
3406748.000000
3407380.250000
3407527.400000
3408753.700000
3413172.250000
3413201.050000
3413215.200000
3413415.250000
3413636.150000
3413731.650000
3413742.500000
3413765.600000
3414129.750000
3414227.600000
3414232.300000
3414257.600000
3414340.600000
3414360.700000
3414368.300000
3414414.650000
3414604.450000
3415127.950000
3415150.200000
3415172.600000
3415214.250000
3415225.750000
3415816.950000
3415924.050000
3415932.750000
3415971.450000
3415985.800000
3416002.600000
3416038.900000
3416068.900000
3416107.400000
3416574.900000
3416590.950000
3416602.100000
3416612.100000
3416622.400000
3416754.700000
3416809.650000
3416824.450000
3417124.050000
3417135.200000
3417141.950000
3417166.150000
3417196.000000
3417546.850000
3422905.200000
3428028.800000
3428071.250000
3428078.950000
3428089.450000
3428107.550000
3428113.000000
3428127.950000
3428154.000000
3428333.350000
3428344.900000
3428374.750000
3428414.250000
3428426.450000
3428513.200000
3428613.250000
3428642.750000
3428893.300000
3428904.850000
3428971.800000
3429037.650000
3429730.250000
3430944.400000
3431052.350000
3431199.350000
3431231.000000
3431247.550000
3431255.600000
3431292.100000
3431300.600000
3431448.350000
3431770.450000
3432004.850000
3432042.500000
3432062.450000
3437868.250000
3438018.950000
3438045.250000
3438053.750000
3438081.450000
3438113.700000
3438152.050000
3438257.250000
3438282.900000
3438354.000000
3438699.600000
3439125.150000
3439188.850000
3439302.800000
3439335.900000
3439397.550000
3439538.300000
3440781.800000
3441209.350000
3442177.650000
3442190.350000
3442199.050000
3442226.150000
3442234.150000
3442424.250000
3442614.000000
3442629.500000
3442731.350000
3442739.250000
3445447.900000
3446299.900000
3447473.800000
3447543.150000
3447568.400000
3447581.850000
3461808.650000
3461819.000000
3461829.800000
3462400.650000
3462449.750000
3463276.500000
3468670.500000
3468673.950000
3468692.850000
3468699.850000
3468729.100000
3468779.050000
3468805.900000
3468819.000000
3468838.300000
3468853.750000
3468917.900000
3468944.850000
3470049.600000
3474403.050000
3474548.350000
3474709.650000
3474774.200000
3474786.100000
3474961.600000
3475082.000000
3475462.500000
3475472.850000
3475724.250000
3475833.600000
3476655.150000
3476669.400000
3476712.200000
3476878.400000
3477007.450000
3477200.750000
3477489.450000
3477508.400000
3477514.000000
3477536.300000
3478138.150000
3478258.350000
3478306.350000
3479136.300000
3479186.050000
3479557.300000
3479711.450000
3479724.250000
3480143.350000
3480166.050000
3480170.200000
3480189.000000
3480196.200000
3480216.500000
3482852.700000
3483189.350000
3484184.800000
3484808.250000
3484814.400000
3486276.000000
3486279.950000
3487040.400000
3487048.600000
3487060.050000
3487068.800000
3487248.800000
3487361.450000
3487366.200000
3487411.650000
3487623.900000
3487883.200000
3487948.850000
3489391.000000
3490371.850000
3493154.200000
3493162.450000
3493180.750000
3493193.750000
3493200.900000
3493234.350000
3493267.650000
3493304.700000
3493339.950000
3493361.600000
3493391.150000
3493580.500000
3493643.300000
3493688.200000
3493791.700000
3493841.150000
3493858.750000
3494093.050000
3494935.150000
3494939.650000
3494950.400000
3495653.150000
3495668.300000
3498059.700000
3498072.450000
3498115.250000
3498249.850000
3498256.050000
3498286.450000
3498317.600000
3498350.200000
3499235.050000
3499347.100000
3499377.400000
3499393.750000
3499636.350000
3499644.850000
3499663.450000
3499713.300000
3500478.900000
3500612.300000
3500678.250000
3500780.500000
3500848.850000
3500873.150000
3501110.500000
3501148.550000
3502648.350000
3504768.550000
3504801.550000
3505034.050000
3505082.050000
3506335.250000
3506466.750000
3506473.050000
3506496.350000
3506503.400000
3506533.750000
3506540.600000
3506570.050000
3506618.700000
3506685.100000
3506691.650000
3506887.500000
3506948.950000
3507016.450000
3507072.550000
3507100.250000
3507237.800000
3507441.200000
3507461.150000
3507481.100000
3507648.400000
3507667.350000
3507700.500000
3507727.600000
3507782.800000
3507798.450000
3507946.800000
3507977.850000
3507994.250000
3508167.900000
3508217.500000
3508234.850000
3508281.850000
3508298.000000
3508362.450000
3508562.950000
3508585.700000
3508679.000000
3508795.950000
3508914.650000
3509043.550000
3509298.800000
3515998.600000
3528834.800000
3529001.150000
3529010.850000
3529282.050000
3529300.900000
3529311.900000
3529496.350000
3530350.150000
3533414.750000
3533454.350000
3533482.950000
3533531.350000
3533541.250000
3533550.500000
3533557.300000
3533605.150000
3533622.350000
3533658.050000
3533697.000000
3533709.250000
3533855.500000
3533881.750000
3533898.400000
3533906.100000
3533924.250000
3533968.900000
3534248.550000
3534264.050000
3534280.350000
3534294.750000
3534301.800000
3534360.300000
3534371.050000
3534519.850000
3534569.350000
3534608.450000
3534985.200000
3534990.350000
3534999.850000
3535024.850000
3535134.600000
3535347.000000
3535730.350000
3535766.700000
3535778.300000
3535782.750000
3536330.950000
3536335.550000
3536341.500000
3536366.900000
3536374.800000
3536408.250000
3536431.800000
3536475.000000
3536517.450000
3536527.600000
3536541.400000
3536743.700000
3537201.400000
3537417.150000
3537467.300000
3537517.050000
3538851.600000
3539996.950000
3540009.250000
3540032.650000
3540042.650000
3540050.350000
3540124.550000
3540142.950000
3540373.200000
3540379.150000
3540402.500000
3543507.400000
3543545.600000
3543591.250000
3543602.200000
3543614.400000
3563143.150000
3563167.450000
3563175.650000
3563275.900000
3563281.850000
3563289.100000
3563447.600000
3563481.500000
3563488.250000
3563501.200000
3563552.550000
3563709.750000
3563730.350000
3563751.300000
3563759.100000
3563987.850000
3564016.400000
3564025.850000
3564238.250000
3564257.200000
3564584.550000
3564603.500000
3564609.350000
3564621.750000
3564640.250000
3564657.300000
3564677.200000
3564818.050000
3564881.150000
3565220.600000
3565231.150000
3565261.050000
3565281.300000
3565621.750000
3565934.250000
3566014.450000
3566023.250000
3567708.400000
3567713.550000
3567718.900000
3567726.400000
3569366.450000
3571782.750000
3571786.400000
3572545.200000
3572570.650000
3574700.100000
3574714.050000
3583447.250000
3583452.300000
3583474.250000
3583626.550000
3583637.300000
3583642.400000
3583652.200000
3583679.650000
3583838.950000
3583870.100000
3583878.300000
3583914.250000
3583925.900000
3584089.100000
3584099.050000
3584224.050000
3584389.950000
3584402.300000
3584426.600000
3584552.250000
3584574.000000
3584596.400000
3584619.450000
3584626.750000
3584640.600000
3584660.300000
3584828.000000
3584837.500000
3584853.350000
3584887.300000
3584917.850000
3586304.050000
3586590.700000
3589002.500000
3589007.250000
3589013.000000
3589175.900000
3589181.450000
3589187.600000
3589202.050000
3589210.750000
3589552.050000
3589838.550000
3589848.300000
3596596.900000
3596608.650000
3596613.300000
3596618.750000
3596632.500000
3596675.100000
3596702.550000
3596734.750000
3596752.550000
3596876.250000
3596917.550000
3596937.600000
3596954.000000
3596997.750000
3597129.450000
3597178.350000
3597348.300000
3597409.300000
3597425.700000
3597442.850000
3597635.150000
3597646.200000
3597732.700000
3597743.050000
3597777.450000
3597803.150000
3598198.550000
3598306.250000
3598325.550000
3598333.100000
3598350.800000
3598366.000000
3598390.350000
3598455.000000
3598656.550000
3598805.150000
3598972.150000
3599099.900000
