6748.700000
8783.650000
28548.650000
30959.250000
39644.700000
54411.400000
63027.800000
70982.950000
79390.800000
79703.000000
87781.600000
93382.650000
96102.800000
100046.700000
124502.750000
134688.200000
152192.600000
153243.850000
174234.500000
178329.600000
178336.450000
215045.950000
216935.200000
234630.200000
235553.350000
259794.300000
263192.600000
271883.200000
276210.750000
288041.600000
307360.150000
311097.350000
311440.850000
311606.100000
313366.650000
322627.150000
343834.000000
345968.900000
359736.500000
362002.200000
362756.650000
393830.900000
446951.500000
473627.600000
487829.400000
487911.150000
535008.800000
549114.550000
551947.750000
552828.200000
561076.750000
571821.250000
574252.050000
581725.150000
594634.450000
594749.400000
612169.300000
632452.800000
670239.100000
685220.800000
720350.600000
721782.850000
722166.150000
723760.250000
725199.750000
729441.500000
746815.300000
747366.500000
748224.050000
755219.200000
775292.950000
775382.050000
775744.550000
775838.000000
782872.800000
784096.200000
788789.300000
794105.100000
794119.800000
796989.100000
817987.450000
822829.200000
828873.100000
837488.950000
842324.300000
850531.350000
851712.150000
881421.750000
928207.500000
932407.850000
951054.000000
954230.800000
959013.400000
962411.650000
970411.650000
972257.850000
987279.300000
1002645.500000
1020789.500000
1028996.150000
1031123.500000
1031864.650000
1069825.900000
1071626.550000
1118093.200000
1124717.100000
1136894.000000
1138578.700000
1143726.000000
1144948.250000
1160130.200000
1161466.050000
1164479.700000
1165499.900000
1170213.000000
1174919.050000
1178308.750000
1179869.250000
1187147.100000
1190900.800000
1192574.700000
1193441.800000
1196339.350000
1208938.650000
1225366.900000
1230222.950000
1259696.750000
1259697.950000
1266026.800000
1270090.200000
1317277.250000
1318755.050000
1324205.550000
1324299.850000
1325677.950000
1352224.850000
1352244.850000
1355287.450000
1357940.800000
1359561.650000
1362011.300000
1369779.650000
1377004.400000
1377173.200000
1381306.900000
1385556.550000
1388526.700000
1394746.000000
1401376.000000
1403118.800000
1408410.300000
1412352.700000
1413441.750000
1413458.150000
1414392.900000
1414409.200000
1417317.200000
1433082.000000
1440264.800000
1470211.900000
1538666.500000
1543140.600000
1559437.600000
1564525.000000
1565318.650000
1568450.450000
1571714.400000
1586101.500000
1591814.550000
1593770.350000
1596126.800000
1598899.050000
1601208.350000
1610622.050000
1616886.900000
1619027.250000
1620962.550000
1629355.750000
1630270.800000
1632353.050000
1634428.150000
1634459.750000
1642828.950000
1643640.450000
1653784.350000
1655912.900000
1666798.050000
1668145.700000
1668856.050000
1670532.600000
1671819.450000
1680946.250000
1682384.650000
1685528.400000
1689015.850000
1689713.650000
1692651.900000
1700025.150000
1700064.350000
1706384.950000
1712529.600000
1712928.750000
1715068.300000
1719467.650000
1722509.750000
1723971.000000
1725701.600000
1736365.600000
1740059.250000
1740926.700000
1747983.400000
1749382.200000
1750196.850000
1750200.900000
1770995.700000
1774003.350000
1775079.000000
1777130.150000
1779935.750000
1783155.350000
1813051.650000
1828203.150000
1847171.300000
1849683.700000
1866725.850000
1889832.350000
1891114.450000
1895850.650000
1895884.050000
1896780.100000
1900339.200000
1915938.550000
1923477.450000
1927810.350000
1930591.000000
1934309.000000
1936283.150000
1938667.950000
1944884.650000
1946955.200000
1948178.250000
1949244.750000
1949274.600000
1952954.750000
1953602.700000
1954355.600000
1955582.100000
1959674.150000
1959750.700000
1980763.750000
1987260.150000
1991867.050000
1992145.600000
1992722.900000
1992748.100000
2002856.450000
2005102.150000
2005788.150000
2017903.650000
2017919.600000
2019587.200000
2020031.200000
2022968.500000
2039170.850000
2042150.600000
2047729.550000
2049393.550000
2054258.900000
2078784.150000
2089742.400000
2094317.150000
2100608.500000
2106512.600000
2130906.700000
2132331.850000
2134260.250000
2141748.000000
2160146.500000
2160246.550000
2165391.700000
2167481.150000
2173465.700000
2182729.350000
2187075.200000
2187431.850000
2187444.950000
2191342.900000
2194839.850000
2196236.850000
2198494.750000
2198994.650000
2200377.650000
2200387.600000
2201219.200000
2202968.450000
2204555.450000
2232049.450000
2251857.950000
2254773.600000
2255877.100000
2256523.200000
2264201.400000
2267220.450000
2277898.750000
2279222.850000
2279409.650000
2279436.050000
2281518.750000
2281859.600000
2282207.000000
2287081.250000
2287095.650000
2287586.050000
2299979.300000
2304853.350000
2310966.400000
2317449.000000
2317571.300000
2319189.650000
2319591.750000
2320912.550000
2330269.600000
2341584.800000
2347794.000000
2353837.400000
2354072.550000
2355506.150000
2381965.950000
2387886.700000
2391222.600000
2391774.850000
2401465.950000
2412511.500000
2415542.050000
2429466.150000
2435832.000000
2438509.450000
2439528.150000
2444060.800000
2447392.500000
2453648.650000
2453902.050000
2457112.500000
2459550.600000
2465586.200000
2466847.450000
2467844.100000
2468971.150000
2472921.400000
2473026.900000
2480338.650000
2482727.900000
2483769.700000
2489628.400000
2490861.200000
2490868.650000
2490876.150000
2495806.900000
2503326.400000
2513730.700000
2513744.050000
2518052.400000
2520275.300000
2523684.500000
2526920.250000
2528660.400000
2529277.150000
2529590.900000
2530045.150000
2530295.350000
2554309.800000
2555662.450000
2557523.900000
2562745.000000
2586662.450000
2588748.100000
2588761.050000
2593055.750000
2593087.300000
2593097.650000
2629489.200000
2634196.650000
2635114.500000
2639328.950000
2654159.150000
2658069.550000
2664848.500000
2670738.600000
2673183.000000
2676608.750000
2676651.200000
2680682.000000
2682924.800000
2686050.100000
2692067.400000
2708475.750000
2708482.300000
2712591.000000
2714040.650000
2714264.800000
2725330.600000
2730993.300000
2735187.050000
2735302.700000
2735364.650000
2738206.000000
2743508.400000
2745233.200000
2753166.000000
2756747.550000
2761526.200000
2763475.000000
2767747.900000
2770024.700000
2774391.950000
2778258.950000
2780494.200000
2780936.000000
2781549.250000
2793697.200000
2795678.750000
2799282.350000
2802499.900000
2805679.300000
2808916.500000
2821846.900000
2822855.150000
2823653.050000
2824029.700000
2826410.250000
2827896.300000
2834580.950000
2850713.350000
2851100.600000
2853416.350000
2854898.750000
2856757.050000
2858244.200000
2861204.200000
2865269.200000
2875392.350000
2877872.350000
2877884.000000
2884955.700000
2892450.800000
2901891.550000
2904217.000000
2905383.050000
2908449.400000
2908984.200000
2909149.350000
2909658.050000
2910737.950000
2912672.750000
2917307.950000
2918103.750000
2923188.350000
2925868.650000
2937985.150000
2945216.900000
2945964.200000
2945984.950000
2947320.850000
2949105.700000
2961360.700000
2963689.500000
2971139.650000
2978541.000000
2992311.400000
3004999.550000
3013552.200000
3030682.700000
3034428.500000
3038802.200000
3043950.900000
3045750.850000
3053079.100000
3054727.600000
3056913.750000
3057024.400000
3064742.100000
3068246.600000
3068465.550000
3070784.200000
3074508.350000
3120990.650000
3122075.750000
3122097.250000
3122795.400000
3126673.650000
3127253.050000
3127414.200000
3128918.650000
3131944.600000
3134422.050000
3135556.350000
3135942.450000
3140906.900000
3144065.400000
3145428.550000
3149174.500000
3150089.700000
3153243.400000
3154418.200000
3154568.950000
3159177.950000
3164626.800000
3171751.750000
3172858.400000
3176983.500000
3180129.900000
3181068.750000
3182667.200000
3184207.350000
3185707.850000
3187547.000000
3188369.600000
3208566.250000
3209516.400000
3215277.550000
3225545.150000
3225559.800000
3230159.600000
3238228.900000
3241505.450000
3245305.400000
3245319.600000
3247303.400000
3253636.200000
3278462.300000
3280492.200000
3280541.450000
3303549.800000
3327604.750000
3328325.500000
3329360.150000
3334598.100000
3337381.850000
3339437.900000
3372172.950000
3386227.200000
3388696.000000
3391980.250000
3392798.350000
3394919.000000
3395348.000000
3401840.100000
3402861.000000
3403664.300000
3410364.150000
3418318.600000
3422157.350000
3427852.850000
3431188.950000
3433650.400000
3443262.100000
3445252.800000
3451138.550000
3451149.600000
3455647.350000
3457849.800000
3457864.650000
3464531.200000
3474856.300000
3482057.300000
3484825.450000
3494716.600000
3497894.400000
3504155.300000
3513255.150000
3522292.100000
3528789.750000
3530818.850000
3532695.000000
3536241.700000
3544664.350000
3549011.400000
3549784.300000
3550114.950000
3553935.550000
3555355.250000
3560798.400000
3562466.500000
3574552.950000
3582927.900000
3583218.500000
3590563.400000
3592471.650000
