23227.200000
28405.400000
28491.300000
30077.800000
30096.650000
32394.350000
36209.850000
36699.700000
42280.500000
44149.450000
44470.950000
45587.500000
49999.650000
54053.300000
54368.000000
57778.050000
58143.550000
59990.950000
60731.100000
60896.400000
61852.400000
62311.700000
63007.600000
63036.000000
63739.200000
66661.650000
68595.300000
68602.250000
68606.450000
68610.950000
68660.450000
70379.800000
73922.000000
74126.300000
74135.250000
74139.900000
74144.800000
74873.700000
81960.850000
82601.950000
82731.750000
82837.100000
82933.250000
82938.900000
83381.350000
86699.300000
86711.250000
87752.500000
87757.300000
87761.200000
87765.100000
94583.150000
94934.550000
95711.400000
96738.150000
101645.950000
102887.750000
107870.900000
110232.150000
111822.200000
113432.100000
117678.750000
124022.350000
189153.000000
205310.700000
205323.700000
205327.650000
205333.350000
205337.400000
205352.350000
207554.350000
207660.450000
207690.800000
208242.750000
212890.400000
213443.550000
215530.900000
215552.900000
216130.300000
217226.750000
217252.350000
217604.500000
221527.400000
222237.000000
223547.950000
238046.200000
238507.500000
241802.650000
242368.700000
242564.150000
244683.250000
244749.950000
244755.050000
244801.500000
244839.050000
245665.400000
245786.000000
246786.800000
248794.150000
248862.850000
249891.300000
253761.800000
258575.650000
258596.750000
259766.300000
260411.100000
260597.200000
261956.600000
262219.100000
263559.650000
263572.400000
264353.350000
267235.450000
268246.200000
268954.250000
269807.500000
269842.800000
272426.750000
277325.600000
277510.850000
279199.550000
280686.400000
282116.350000
282208.500000
289229.400000
328432.250000
339752.250000
421820.900000
424679.000000
424969.450000
427312.600000
427439.800000
435648.450000
442069.600000
453712.300000
456507.800000
472360.000000
472367.250000
559654.550000
560304.550000
560661.350000
562002.200000
568308.650000
569197.000000
569246.950000
571179.100000
571334.000000
574199.100000
575504.750000
576423.050000
576581.050000
576944.450000
577518.700000
577880.000000
668353.300000
687810.400000
700943.200000
700977.850000
700991.800000
700996.000000
703815.650000
703986.250000
760777.000000
761835.850000
786033.350000
794359.150000
818978.950000
820790.300000
821466.300000
821874.450000
821919.350000
823695.100000
824473.100000
824972.800000
831489.050000
831498.050000
834111.500000
845507.250000
845765.900000
850319.150000
850483.250000
850899.750000
850939.900000
874763.350000
874784.900000
874793.800000
880257.950000
895361.350000
897238.300000
897400.100000
897779.900000
909916.350000
916227.300000
917056.200000
918716.050000
919684.350000
920075.600000
920080.750000
920084.750000
920089.250000
920098.800000
925835.350000
925932.850000
925967.250000
927996.450000
933235.500000
934738.550000
934798.750000
935310.400000
935329.950000
935334.800000
935338.500000
947456.200000
949063.750000
950283.200000
951179.650000
957916.100000
959060.150000
962549.500000
962570.000000
963959.600000
965156.100000
970295.100000
970398.550000
977540.200000
978068.900000
978112.850000
979092.400000
979098.700000
980486.050000
980513.550000
981218.650000
981662.500000
981787.200000
981986.650000
983392.700000
983422.700000
983740.950000
985571.700000
986387.350000
986571.850000
986586.450000
986591.950000
986595.900000
986612.400000
988168.300000
988392.450000
988413.800000
988564.900000
991751.250000
991771.100000
991777.350000
992395.150000
992981.300000
993118.900000
993790.450000
994035.300000
994063.000000
994745.100000
995403.400000
995732.250000
995992.900000
998534.500000
998884.300000
1000760.100000
1001191.600000
1001994.850000
1002057.000000
1007117.500000
1007137.350000
1007144.450000
1007150.300000
1007512.950000
1008306.350000
1010093.050000
1010102.150000
1010111.150000
1010115.550000
1010122.950000
1010692.150000
1010760.950000
1010775.550000
1013660.600000
1013688.600000
1015591.600000
1016170.300000
1016962.950000
1016972.500000
1020427.950000
1020784.950000
1025344.700000
1032207.500000
1032233.850000
1092599.750000
1136830.950000
1137394.650000
1137703.050000
1137718.000000
1137721.750000
1137740.600000
1137808.650000
1138970.900000
1138977.400000
1138980.950000
1143602.700000
1144022.600000
1152777.850000
1155916.300000
1156280.850000
1158834.850000
1166948.700000
1171574.400000
1173757.600000
1174165.350000
1174180.400000
1177632.500000
1179829.150000
1180652.200000
1181620.200000
1182358.700000
1182405.000000
1182424.900000
1182430.450000
1182434.300000
1182493.600000
1190470.700000
1190485.150000
1191291.300000
1191346.850000
1194147.600000
1249650.100000
1252026.800000
1252997.400000
1260758.100000
1270678.550000
1270700.050000
1270710.000000
1270914.650000
1271019.100000
1271038.850000
1290074.450000
1292191.100000
1292835.400000
1293332.100000
1293336.250000
1296244.650000
1297891.100000
1297918.300000
1298534.050000
1299278.350000
1303552.200000
1315425.950000
1316289.650000
1316301.400000
1316306.100000
1316884.050000
1316936.900000
1321644.450000
1322908.350000
1322913.850000
1322917.250000
1322922.250000
1332377.500000
1345078.350000
1346100.000000
1347902.250000
1348010.850000
1349861.100000
1349868.400000
1349872.300000
1351028.650000
1352489.800000
1352996.950000
1358221.850000
1358255.500000
1359083.700000
1360115.650000
1368535.500000
1374199.150000
1377076.750000
1377399.700000
1377571.300000
1381470.250000
1381664.550000
1381751.050000
1381762.150000
1381816.500000
1398913.600000
1399219.100000
1402283.150000
1405261.500000
1406895.150000
1406904.100000
1406923.400000
1408895.800000
1409618.000000
1410143.600000
1413554.200000
1414126.900000
1414133.750000
1414137.700000
1418591.850000
1419141.400000
1419174.050000
1419525.500000
1423080.600000
1440207.450000
1441663.800000
1443831.050000
1446665.500000
1446739.000000
1448527.150000
1451361.950000
1452304.100000
1453615.500000
1453704.600000
1454273.300000
1483017.150000
1483030.200000
1483033.450000
1483036.900000
1511292.250000
1511928.300000
1516468.800000
1537615.150000
1538358.050000
1538393.650000
1542466.400000
1542616.100000
1542648.700000
1543904.050000
1547057.400000
1548435.100000
1551072.250000
1552646.950000
1553394.150000
1554158.300000
1554305.100000
1554311.750000
1554318.000000
1556872.450000
1556881.900000
1558974.400000
1560940.850000
1564279.400000
1566540.700000
1566552.600000
1568012.800000
1568088.100000
1568095.450000
1570631.100000
1571610.900000
1585802.600000
1585816.950000
1586266.350000
1589614.200000
1589939.350000
1589946.800000
1589950.850000
1589959.250000
1591159.450000
1591176.000000
1593139.800000
1593917.600000
1600768.400000
1602453.550000
1602466.250000
1602470.650000
1602474.100000
1602768.850000
1609666.450000
1617059.750000
1623641.600000
1628316.650000
1629224.100000
1629243.100000
1629248.850000
1632397.950000
1632822.850000
1637120.500000
1637146.950000
1641633.950000
1642158.550000
1644000.800000
1644138.700000
1644258.850000
1644663.300000
1647583.600000
1647610.250000
1647619.300000
1647891.400000
1647905.550000
1648705.850000
1649378.500000
1651955.300000
1651962.500000
1652710.250000
1655558.500000
1657432.100000
1661128.450000
1661313.650000
1661828.900000
1666094.150000
1668004.400000
1668286.600000
1668391.800000
1668399.450000
1668403.500000
1668408.850000
1668415.800000
1673203.150000
1675279.350000
1675290.650000
1679189.600000
1679546.800000
1679771.400000
1682841.550000
1683248.750000
1684364.650000
1687028.350000
1687033.850000
1687037.200000
1687158.950000
1688124.450000
1688127.900000
1688131.000000
1688153.000000
1688156.000000
1690496.350000
1696803.450000
1696836.100000
1700169.850000
1700184.700000
1700205.550000
1702932.700000
1705910.600000
1705925.400000
1712513.800000
1719265.350000
1719397.700000
1720401.500000
1720418.050000
1720421.250000
1720508.700000
1736391.850000
1737818.050000
1744082.650000
1744096.000000
1745855.650000
1746984.400000
1749593.100000
1750685.100000
1750694.350000
1750697.400000
1750973.950000
1762019.100000
1765145.200000
1765157.650000
1765162.000000
1765165.600000
1765171.000000
1765195.150000
1772582.300000
1772889.900000
1772910.950000
1775043.850000
1780878.500000
1781671.600000
1809182.350000
1814093.350000
1843092.250000
1847539.550000
1851750.950000
1852070.600000
1852076.350000
1852079.800000
1852109.550000
1852114.600000
1852119.400000
1852125.350000
1858931.400000
1874032.300000
1890887.700000
1890940.900000
1895758.400000
1895762.800000
1895766.750000
1899699.400000
1903690.000000
1914609.900000
1915986.750000
1922304.000000
1925070.850000
1926420.600000
1928448.550000
1930436.500000
1934369.400000
1934504.850000
1937112.450000
1937183.650000
1937312.900000
1937324.150000
1937328.550000
1938647.500000
1939802.750000
1941276.750000
1942990.200000
1943360.550000
1951288.700000
1952030.550000
1954761.500000
1954767.350000
1955410.600000
1956716.000000
1960133.700000
1960146.050000
1960150.100000
1960153.600000
1984943.100000
1992722.000000
1993582.050000
1993586.900000
1993623.300000
2001357.700000
2001460.100000
2004339.650000
2008053.900000
2013611.250000
2017066.600000
2017077.100000
2017190.200000
2017223.250000
2017342.400000
2017465.950000
2017472.050000
2017563.800000
2017848.000000
2030932.850000
2032865.600000
2033288.400000
2033554.750000
2033562.900000
2034052.800000
2034844.500000
2034862.350000
2039577.700000
2039852.300000
2040139.000000
2040151.600000
2040163.150000
2040184.000000
2040693.300000
2040697.900000
2041580.350000
2047103.500000
2053744.400000
2054410.900000
2077679.400000
2089754.800000
2089839.900000
2089866.500000
2091987.400000
2094243.800000
2101165.400000
2103330.150000
2103364.050000
2103378.800000
2103385.800000
2103390.500000
2103699.000000
2103710.050000
2108614.900000
2110866.850000
2110949.900000
2125065.850000
2127242.800000
2129753.550000
2130516.950000
2130760.250000
2131275.050000
2132755.950000
2134722.000000
2134737.600000
2134742.050000
2134746.400000
2135511.450000
2136058.950000
2139343.650000
2139980.200000
2141816.250000
2141826.850000
2142246.250000
2142253.500000
2155114.500000
2181126.600000
2182242.200000
2185702.850000
2185772.850000
2187043.300000
2191614.000000
2194520.500000
2194990.550000
2195268.000000
2196167.900000
2196177.650000
2197303.050000
2202609.200000
2202626.500000
2202630.650000
2202634.400000
2202637.950000
2217568.700000
2219691.300000
2221233.600000
2222151.100000
2222302.700000
2226769.450000
2228208.100000
2228214.900000
2228219.350000
2231028.400000
2231031.900000
2231035.100000
2234663.400000
2234721.000000
2242050.250000
2244054.550000
2244623.400000
2247759.000000
2248080.350000
2248706.250000
2248720.850000
2249386.850000
2250815.350000
2250860.900000
2250880.500000
2250884.500000
2255693.400000
2260593.950000
2260602.850000
2260607.600000
2260612.150000
2260680.150000
2263292.450000
2263723.800000
2270576.350000
2274876.500000
2276076.700000
2277151.900000
2277161.450000
2277166.000000
2277169.750000
2277226.900000
2280864.400000
2280884.500000
2281757.250000
2285743.750000
2286634.250000
2287937.650000
2299110.750000
2301257.600000
2301913.950000
2301979.050000
2301983.500000
2301987.150000
2301992.050000
2306953.800000
2307008.000000
2320872.700000
2320876.500000
2320881.500000
2321084.950000
2322035.050000
2412128.700000
2415522.100000
2429323.300000
2435044.250000
2436588.500000
2440108.400000
2440117.700000
2440121.050000
2440125.050000
2440796.200000
2440801.300000
2452274.150000
2452279.550000
2454244.600000
2454421.900000
2455529.900000
2456098.550000
2456727.700000
2456731.800000
2456734.700000
2456738.150000
2457827.700000
2457834.400000
2459501.850000
2466381.100000
2466804.150000
2467050.550000
2468903.100000
2468950.950000
2469911.000000
2469919.850000
2469925.400000
2479927.500000
2482628.700000
2483054.100000
2483343.350000
2487892.350000
2487981.800000
2488347.250000
2490610.300000
2491064.400000
2491070.300000
2491073.600000
2491078.800000
2493659.300000
2493666.950000
2494252.050000
2494262.350000
2494315.550000
2514393.800000
2514455.900000
2518439.250000
2518467.300000
2518471.150000
2518475.250000
2518480.450000
2525300.350000
2545836.800000
2545920.200000
2546034.600000
2546076.650000
2546175.000000
2546189.100000
2546198.900000
2546204.000000
2553113.700000
2553124.350000
2553276.400000
2553758.550000
2556693.150000
2557449.250000
2566657.050000
2577364.100000
2577409.300000
2581354.300000
2583581.000000
2583920.300000
2584089.750000
2588278.450000
2589810.550000
2589817.450000
2589823.150000
2589826.950000
2616033.800000
2619795.800000
2622943.200000
2631889.850000
2635866.750000
2643882.550000
2648742.200000
2650471.450000
2650476.700000
2650520.750000
2650527.450000
2650599.950000
2659774.300000
2660814.050000
2661414.200000
2664645.900000
2666996.950000
2667010.600000
2669824.550000
2671164.700000
2672930.750000
2673824.150000
2676186.250000
2676191.150000
2676194.550000
2676198.700000
2676204.450000
2676209.950000
2676224.650000
2677499.750000
2712014.050000
2712042.900000
2712049.300000
2722584.100000
2724674.550000
2728019.600000
2736145.400000
2736533.850000
2737537.550000
2738141.100000
2738148.800000
2738153.050000
2738156.900000
2738190.900000
2750822.700000
2750831.550000
2750836.550000
2750840.050000
2750871.000000
2752174.000000
2752205.750000
2763737.650000
2764959.500000
2770735.100000
2770738.300000
2773484.950000
2777174.550000
2779314.250000
2782056.150000
2785637.550000
2785662.800000
2785954.600000
2785977.050000
2785983.650000
2785994.450000
2795074.900000
2796910.150000
2796915.700000
2797033.450000
2797190.050000
2797200.850000
2797221.850000
2797503.600000
2798765.400000
2798888.650000
2798904.750000
2799581.900000
2803979.700000
2806009.350000
2807502.350000
2808222.950000
2819197.050000
2820447.400000
2825201.200000
2827641.350000
2829079.950000
2829376.900000
2829458.600000
2829462.900000
2829495.200000
2829498.150000
2830030.050000
2830177.800000
2834273.200000
2835401.600000
2842987.750000
2842994.000000
2850496.300000
2850526.450000
2850536.200000
2856961.500000
2856970.350000
2856974.500000
2857789.200000
2857794.000000
2857798.300000
2858482.000000
2860746.200000
2861121.300000
2861753.350000
2879902.900000
2885071.600000
2886723.400000
2895114.250000
2895119.900000
2895126.350000
2895130.250000
2895134.400000
2895145.850000
2896125.700000
2900002.500000
2905694.300000
2907666.500000
2909320.700000
2909325.600000
2909328.500000
2914923.350000
2917664.350000
2917671.450000
2917677.150000
2917681.250000
2918346.100000
2925994.550000
2938566.000000
2939111.200000
2949450.800000
2954655.750000
2967320.700000
2967329.250000
2975259.200000
2978002.150000
2978895.200000
2978938.750000
2981764.450000
2981794.800000
2982505.650000
2983046.650000
2983051.050000
2983393.850000
2984574.950000
2985423.900000
3002226.200000
3004445.450000
3004515.950000
3005220.300000
3010521.750000
3013323.300000
3021804.250000
3021813.700000
3023480.450000
3025482.750000
3031597.300000
3033779.800000
3033926.500000
3038337.350000
3038356.650000
3049737.750000
3050586.400000
3050660.350000
3050671.600000
3050690.500000
3050702.700000
3050707.100000
3050715.850000
3052334.050000
3059061.650000
3060216.200000
3065871.750000
3066217.300000
3067538.250000
3067542.900000
3068766.000000
3070465.650000
3070485.800000
3070647.750000
3070776.650000
3095539.000000
3095551.000000
3095555.700000
3095560.250000
3095564.950000
3095570.000000
3130210.400000
3132943.150000
3140925.550000
3145831.850000
3145843.400000
3147717.550000
3148829.550000
3154374.400000
3154567.800000
3155284.550000
3155642.150000
3155644.750000
3155647.850000
3155795.100000
3158277.150000
3159603.700000
3159904.900000
3160180.600000
3171146.800000
3172507.450000
3172525.150000
3173015.350000
3173401.400000
3173546.400000
3173979.150000
3173987.200000
3173992.900000
3174680.300000
3174952.750000
3174957.100000
3175959.250000
3175965.450000
3175970.750000
3179452.050000
3179455.550000
3179459.150000
3180236.450000
3180617.150000
3180901.450000
3180911.250000
3183809.450000
3184836.450000
3185684.900000
3188096.550000
3188506.400000
3191309.450000
3193247.800000
3193260.750000
3195045.350000
3200249.100000
3200264.500000
3205279.550000
3206372.100000
3214171.900000
3215674.900000
3216126.400000
3216137.150000
3216146.500000
3216150.300000
3216154.350000
3216158.800000
3216170.450000
3219663.700000
3219680.050000
3221389.150000
3222758.600000
3224284.850000
3225181.950000
3225212.800000
3225222.550000
3225228.400000
3231462.500000
3234402.950000
3236609.400000
3236785.350000
3238209.250000
3238735.600000
3238947.550000
3240124.650000
3240231.200000
3241271.900000
3243391.100000
3244377.050000
3244397.050000
3244413.050000
3244417.300000
3245367.150000
3246214.150000
3248125.900000
3252214.150000
3252383.300000
3252391.350000
3252395.500000
3252405.100000
3252515.650000
3252519.250000
3252525.000000
3256092.550000
3256105.750000
3256240.000000
3256263.750000
3274235.450000
3274240.750000
3274246.250000
3275224.850000
3275637.750000
3275656.050000
3315386.650000
3328777.350000
3329356.750000
3329517.850000
3331179.450000
3331202.000000
3331801.800000
3331807.550000
3331811.250000
3335082.300000
3335126.450000
3335133.750000
3341552.100000
3341556.300000
3341561.400000
3341565.500000
3341571.000000
3341575.750000
3341580.700000
3347194.500000
3358039.750000
3363150.500000
3368316.650000
3370720.350000
3371193.100000
3372158.000000
3374706.950000
3375419.850000
3375470.300000
3376557.900000
3376565.400000
3376570.200000
3376573.750000
3376589.900000
3386207.300000
3386231.900000
3386311.100000
3391391.450000
3399778.100000
3401764.400000
3401768.750000
3402549.850000
3403419.350000
3418385.700000
3419135.050000
3419163.800000
3424088.150000
3424499.550000
3426079.150000
3426970.200000
3427306.600000
3427368.700000
3427395.400000
3427402.450000
3429373.450000
3435037.600000
3449833.350000
3454513.400000
3455942.550000
3457827.100000
3465893.200000
3466683.100000
3490837.550000
3490877.900000
3490885.750000
3490900.400000
3493060.550000
3495012.500000
3495975.250000
3500733.550000
3504553.050000
3510901.750000
3511864.900000
3511874.650000
3511879.550000
3511883.850000
3511888.700000
3511912.850000
3519531.900000
3520540.950000
3520555.400000
3526474.650000
3526488.750000
3526492.950000
3526497.200000
3526501.350000
3526506.900000
3538504.900000
3538800.850000
3544471.450000
3546248.700000
3546262.300000
3551964.450000
3552396.150000
3554676.450000
3554835.850000
3555076.600000
3555082.050000
3555086.250000
3572119.800000
3573538.550000
3578652.500000
3578913.400000
3580484.450000
3580498.650000
3587384.900000
3587419.000000
3587429.000000
3587433.200000
3587437.450000
3592806.900000
3597532.550000
