126246.300000
560134.500000
971765.850000
1180956.500000
1195882.400000
1195885.050000
1615397.650000
1615403.150000
1615408.700000
1615418.800000
1682460.250000
1682482.150000
1682488.600000
1689500.800000
1723087.250000
1744044.300000
1747212.350000
2016668.000000
2032524.150000
2806139.650000
2885076.850000
2885081.150000
2967109.700000
2967150.250000
2981819.700000
2981823.950000
3175429.150000
3175436.200000
3175439.300000
3175451.300000
3175455.150000
3175459.350000
3175465.150000
3333376.250000
3333380.800000
3579245.900000
