62526.300000
141901.000000
197721.300000
200208.900000
224426.050000
225692.250000
228772.500000
255123.150000
255211.550000
262845.500000
274497.050000
284804.500000
286454.450000
286858.450000
287305.850000
306760.350000
312749.750000
322295.400000
322745.450000
322885.850000
323671.000000
324964.700000
325492.650000
325795.000000
327336.800000
335612.550000
347666.750000
348252.100000
349976.000000
351393.350000
372579.100000
375800.900000
380304.900000
392169.700000
418873.850000
427589.600000
438784.950000
439040.300000
451642.300000
454677.300000
464512.750000
464633.350000
464870.550000
465079.750000
465492.500000
506241.500000
511149.200000
511164.550000
513204.850000
513626.950000
531713.450000
584971.100000
604441.300000
622061.000000
624186.300000
624616.650000
632782.400000
635654.100000
637592.650000
708605.300000
709039.750000
709071.400000
709697.450000
709736.600000
711015.000000
723049.500000
729441.450000
736075.350000
747366.350000
747420.450000
760024.800000
768883.000000
791493.000000
829972.700000
831366.150000
834255.250000
856544.200000
857178.500000
857200.500000
857650.950000
886702.050000
890471.850000
1043971.900000
1044139.550000
1072883.300000
1270874.600000
1284250.100000
1491730.150000
1505938.100000
1573932.650000
1656058.800000
1711159.750000
1737716.750000
1739847.900000
1761024.450000
1777949.600000
1820934.000000
1823144.600000
1868995.400000
1900565.650000
2049589.650000
2224612.950000
2230326.450000
2368838.200000
2370492.950000
2370830.800000
2371695.850000
2375703.000000
2376035.500000
2443056.700000
2562133.650000
2684837.650000
2743737.950000
2830354.200000
2994181.500000
2997254.700000
3004375.050000
3040719.750000
3297356.350000
3297618.850000
3297985.850000
3307955.700000
3353478.400000
3505070.250000
3557596.700000
3577047.600000
