1618.600000
2219.400000
2671.700000
3316.700000
3356.550000
3373.850000
5879.850000
5928.500000
8696.750000
10032.150000
10043.750000
10118.350000
11851.950000
12350.400000
12436.650000
12522.350000
12542.400000
12555.100000
13490.950000
13506.300000
13510.600000
13873.900000
13951.250000
13972.350000
17105.400000
17664.300000
19082.600000
20318.350000
22510.950000
25524.300000
27879.650000
28589.500000
30087.600000
30170.700000
30215.250000
30283.900000
30292.300000
30315.700000
32270.100000
33791.850000
36940.100000
36943.950000
37749.800000
38609.900000
38643.850000
39664.500000
39723.000000
39747.600000
40429.000000
41212.550000
41228.850000
41296.700000
42405.150000
43238.500000
44587.650000
44616.100000
45329.700000
45603.900000
49016.250000
49024.000000
50078.350000
50193.100000
51749.850000
59889.850000
60635.650000
61781.750000
62467.000000
62487.350000
62527.350000
64622.350000
65217.450000
71410.950000
71701.100000
75004.150000
75439.750000
79443.850000
81337.550000
81461.400000
82076.950000
82091.300000
82107.850000
83306.250000
83669.400000
84109.900000
84763.700000
86522.500000
86534.100000
88126.800000
88605.800000
89660.150000
89690.250000
90004.550000
91697.600000
91727.000000
92846.550000
94954.800000
95010.650000
96245.250000
96542.100000
97438.550000
97450.500000
97917.550000
98283.800000
98285.850000
98428.750000
99946.500000
103325.650000
103512.150000
104723.750000
104741.100000
104838.650000
105350.950000
105732.700000
106840.750000
107718.200000
107846.400000
108109.550000
108225.250000
108231.450000
108241.800000
108340.700000
109736.300000
109745.650000
112503.750000
117635.200000
118702.750000
119304.750000
119555.450000
119705.900000
120199.300000
121438.200000
125584.450000
128263.700000
129634.300000
130350.850000
130656.950000
130755.150000
131253.450000
133527.250000
134258.750000
137366.050000
139404.350000
139964.250000
141124.100000
142737.050000
143427.600000
143533.550000
145956.750000
146211.500000
146352.700000
147029.350000
150995.900000
153740.400000
153845.150000
161381.450000
161680.750000
162059.650000
162285.200000
163716.400000
164053.100000
164873.000000
165422.900000
166238.550000
166301.150000
166364.750000
166393.950000
167028.500000
167032.700000
167036.300000
167119.250000
167410.850000
167509.000000
167902.850000
168849.700000
168947.850000
170224.700000
171404.700000
173293.850000
173537.200000
175038.150000
175044.050000
175050.850000
175171.050000
175177.650000
175298.750000
175307.850000
175315.900000
175625.550000
175633.950000
175639.300000
175647.900000
175879.650000
176928.900000
176940.400000
176955.800000
177021.950000
177039.500000
177063.000000
177200.350000
177359.550000
177373.550000
177469.800000
177647.300000
177841.700000
177977.450000
178323.650000
178369.050000
178497.950000
178502.100000
178947.600000
179007.400000
179112.400000
179121.500000
179133.750000
179134.950000
179497.200000
179499.550000
180902.700000
180913.250000
181050.000000
181151.850000
181171.900000
181865.700000
182827.300000
183243.850000
188679.200000
189754.950000
189947.400000
189967.800000
191551.200000
193314.200000
194647.150000
194682.650000
194873.050000
195399.550000
197029.500000
197203.200000
197580.650000
197869.000000
199811.050000
200070.850000
202185.650000
203882.300000
204755.350000
204809.800000
204814.450000
206273.600000
207702.400000
209908.350000
211230.450000
211235.050000
211324.500000
212328.150000
212337.450000
212340.800000
212347.350000
212354.850000
212773.350000
213284.600000
213312.600000
215269.050000
215992.900000
216868.750000
218235.450000
221225.800000
221248.200000
221571.900000
224009.600000
224012.150000
224143.800000
227643.750000
227925.550000
228314.000000
230132.200000
230136.950000
232025.300000
235896.050000
236576.050000
237829.200000
238639.100000
239833.900000
242808.000000
242823.300000
245456.900000
247398.300000
248246.650000
248396.900000
248402.900000
248448.450000
249964.400000
250336.850000
252864.250000
253562.000000
254841.500000
257726.600000
257744.050000
257779.750000
260052.500000
262840.800000
264492.450000
264569.750000
265452.650000
265459.550000
265484.500000
265856.900000
265861.550000
267895.750000
268571.950000
268659.950000
269331.050000
270073.750000
271227.500000
272265.150000
272307.700000
272806.750000
274499.600000
274524.400000
275526.300000
275897.350000
277089.450000
277107.350000
277133.500000
277143.600000
277215.750000
277952.100000
279776.500000
280283.200000
282768.650000
283244.350000
284391.450000
286363.300000
286970.850000
287347.350000
289170.400000
289223.450000
289323.050000
289715.900000
291095.050000
291897.000000
291985.250000
291994.250000
292103.900000
292136.200000
292957.650000
293765.950000
293924.650000
294094.500000
294284.600000
294762.850000
294945.000000
295254.200000
295364.350000
295572.400000
295760.550000
296742.200000
296769.450000
297127.700000
297660.800000
297978.050000
298355.400000
299101.700000
299886.400000
300233.200000
300495.900000
300721.650000
301503.450000
301622.200000
301647.450000
301820.000000
302058.450000
302067.750000
302508.850000
302943.700000
303090.650000
303145.100000
303413.650000
303901.200000
303911.300000
304072.750000
304077.700000
304131.750000
304835.650000
305007.150000
305245.550000
305256.250000
305838.400000
305916.750000
306086.800000
306395.000000
306413.300000
306418.250000
306759.800000
306806.050000
307252.550000
307261.250000
307534.100000
307888.350000
310146.400000
310356.250000
311000.350000
311021.700000
311137.150000
311224.100000
311339.250000
311346.500000
311599.800000
311643.800000
311774.950000
312233.850000
312239.900000
312424.900000
312676.450000
312713.700000
312850.650000
312859.700000
312894.100000
312905.900000
312913.800000
312923.200000
312970.000000
312974.650000
312997.100000
313005.400000
313015.750000
313027.200000
313029.250000
313033.000000
313376.250000
313829.250000
313952.300000
314273.350000
314483.800000
314740.150000
315150.800000
315297.500000
315373.450000
315563.700000
315840.950000
315911.400000
315963.150000
316248.850000
316263.050000
316327.450000
316550.400000
316813.450000
317050.950000
317408.800000
317897.000000
317900.650000
317918.850000
317931.700000
318288.850000
318505.250000
318852.300000
319141.550000
319167.050000
319564.050000
319675.550000
320180.400000
320291.300000
320737.650000
320888.050000
321828.300000
322352.900000
322405.400000
322415.650000
322861.150000
322894.100000
322976.350000
323170.500000
324670.350000
324703.550000
324974.450000
325033.000000
326408.600000
326430.800000
326900.250000
327416.000000
329071.500000
331164.150000
331369.050000
331502.650000
331525.350000
332664.200000
333752.700000
334127.600000
334435.250000
335287.100000
335516.200000
335582.550000
335610.400000
337008.450000
337359.200000
337997.500000
338006.350000
338267.800000
338376.750000
338790.750000
338922.100000
339159.950000
340992.950000
341342.100000
341507.750000
342704.200000
343022.100000
343192.900000
343212.950000
343561.050000
343806.950000
343940.350000
344265.550000
344384.850000
344554.700000
345713.150000
345961.600000
346415.300000
346522.600000
346534.700000
346608.400000
346683.250000
346757.700000
347883.300000
349075.500000
350446.350000
350482.350000
351577.700000
351830.800000
351851.500000
352168.700000
352469.650000
352564.450000
353104.800000
353112.000000
353121.400000
353129.450000
353220.850000
353969.500000
354268.800000
354340.250000
354453.100000
354486.850000
354592.850000
354620.200000
354632.300000
354634.050000
354827.350000
355361.950000
355454.550000
355760.250000
355774.000000
355788.800000
355796.300000
356143.700000
356964.350000
358058.450000
358079.350000
358176.450000
358182.350000
358270.500000
358412.100000
358487.500000
359466.700000
359491.300000
360676.350000
361294.100000
361911.000000
363029.950000
364075.350000
364994.350000
365603.000000
365946.600000
366347.950000
367330.900000
367605.450000
367635.600000
368398.800000
369011.700000
369450.000000
369872.350000
369995.850000
370330.250000
370555.850000
370576.250000
370580.850000
370622.800000
371405.050000
371467.350000
372703.400000
372709.350000
373036.650000
373126.400000
373956.750000
374246.350000
374525.350000
375120.450000
376081.950000
376623.450000
376727.400000
377757.200000
377930.750000
378109.600000
378257.450000
378430.350000
379565.700000
379904.150000
380800.800000
381001.250000
381008.500000
381150.700000
381625.800000
381638.300000
381645.300000
381662.900000
382156.900000
383444.300000
383447.450000
383505.200000
383562.000000
383601.500000
383946.650000
383958.850000
384362.450000
384380.600000
384634.050000
384832.400000
384835.350000
385382.000000
385586.500000
385700.000000
385970.550000
386552.050000
386659.750000
386796.850000
386863.250000
387076.800000
387140.350000
387142.450000
387164.900000
387262.050000
387288.600000
387424.950000
387670.700000
388373.150000
388524.100000
388673.750000
389129.500000
389133.800000
389266.800000
389607.250000
389840.950000
390113.600000
390731.800000
390984.450000
391134.300000
391354.150000
391438.050000
391592.350000
391854.450000
393036.000000
393198.100000
394196.950000
395160.550000
395189.200000
395443.700000
396333.800000
396503.300000
397014.450000
397017.600000
397259.350000
397405.150000
397408.300000
398327.750000
398921.100000
399724.200000
399922.150000
400024.450000
400981.100000
401352.950000
401381.500000
401423.650000
401712.150000
401951.400000
402202.500000
404268.300000
404993.450000
405049.750000
405909.000000
406509.800000
407320.450000
408449.900000
408955.100000
410023.800000
410362.650000
410490.800000
410593.750000
410659.100000
410829.550000
411202.450000
411461.300000
411645.850000
412096.550000
412999.300000
413435.350000
414045.950000
415013.550000
415612.700000
416158.400000
416474.000000
417217.350000
418707.400000
418979.950000
419298.150000
419468.600000
419669.950000
419914.850000
421973.350000
423054.600000
424569.050000
426074.000000
426078.150000
426570.500000
428271.800000
428395.950000
428490.800000
434146.600000
434150.850000
434291.600000
434296.650000
434778.200000
435211.800000
436998.250000
437097.800000
438809.750000
440270.300000
440989.550000
441344.850000
441888.100000
442505.800000
444722.850000
444743.600000
445219.150000
446397.100000
446470.050000
446717.100000
446990.300000
447207.950000
447423.100000
447450.950000
447493.750000
448049.200000
448230.950000
449137.650000
449209.150000
449322.850000
449806.850000
451429.500000
452308.300000
452543.400000
455742.950000
455960.100000
456736.450000
456869.250000
457239.650000
457316.650000
459322.850000
459336.150000
460037.150000
460964.900000
463426.650000
463438.150000
464746.800000
466206.750000
466289.900000
466424.350000
466838.350000
466864.600000
466909.800000
467069.600000
467087.350000
467133.550000
467260.100000
467349.050000
468059.550000
468968.800000
468989.000000
469459.700000
471640.900000
472757.450000
473915.800000
473929.750000
474971.950000
475360.750000
475811.850000
476610.650000
476966.800000
478155.300000
479322.750000
480239.400000
481712.900000
482042.500000
482047.500000
482068.800000
483807.450000
485077.100000
486781.750000
486828.150000
487854.250000
487894.000000
488791.400000
490170.800000
490185.550000
490582.200000
490628.900000
490888.600000
491914.550000
493220.600000
493847.500000
495298.800000
496432.700000
496640.400000
496666.300000
496675.700000
497715.950000
497717.300000
498988.550000
499236.850000
499274.550000
500471.900000
500871.700000
503653.300000
503823.800000
503838.650000
504197.900000
505057.100000
505239.550000
505740.750000
506045.250000
506862.900000
506933.800000
506952.300000
506995.950000
507211.250000
507555.700000
507579.350000
507580.500000
508362.750000
508855.000000
509231.100000
509836.750000
509865.050000
510698.400000
510744.800000
512680.300000
513364.300000
513521.850000
513911.150000
514580.700000
514650.400000
514738.200000
514764.850000
514841.750000
515037.200000
516773.100000
516917.150000
516969.700000
517243.050000
517629.150000
518138.250000
518623.100000
519509.100000
520724.450000
521069.650000
521266.650000
522809.100000
524224.300000
524303.150000
525596.650000
525874.100000
526640.900000
527403.300000
528048.750000
528081.650000
528684.600000
528945.600000
529664.200000
530305.300000
531007.050000
532177.100000
533526.750000
533667.650000
533774.100000
533806.200000
534300.950000
534507.800000
534591.850000
534649.350000
534720.850000
534729.600000
534752.600000
534792.950000
535988.000000
536218.000000
536256.650000
536344.950000
536558.650000
536592.350000
536670.400000
537085.850000
537955.800000
538588.500000
538803.300000
539212.400000
539374.750000
539460.950000
541232.600000
541252.000000
541262.100000
541442.400000
541791.650000
542262.650000
542348.300000
542499.700000
542701.850000
542747.650000
543817.500000
545165.950000
545195.550000
546194.000000
546755.850000
548739.150000
549069.250000
550086.250000
550268.050000
550285.400000
550502.950000
550550.100000
550651.400000
552491.250000
553289.200000
553712.900000
554394.900000
555872.850000
556165.000000
556372.250000
557699.450000
557710.150000
557892.400000
559247.900000
559261.300000
559274.750000
559284.100000
560149.700000
560156.850000
560302.650000
560303.950000
560690.950000
561123.450000
562454.800000
562466.000000
562634.550000
563666.200000
563988.300000
566349.700000
566794.350000
566823.600000
566968.050000
567017.400000
567488.750000
568285.300000
569560.600000
569937.850000
569945.900000
570216.500000
571631.400000
571973.250000
571989.650000
572014.300000
572547.000000
572559.350000
572566.150000
572571.050000
572655.900000
572731.850000
573856.950000
574059.400000
574416.400000
574422.100000
575895.200000
576233.600000
576245.850000
576331.850000
576348.500000
576737.900000
577134.350000
577295.200000
577583.150000
577965.700000
578202.950000
578376.350000
578381.950000
578384.550000
578389.550000
579920.150000
580251.100000
581402.950000
582663.850000
582909.800000
583020.750000
583763.600000
584031.100000
584081.750000
584114.250000
584301.600000
584875.450000
584984.850000
585401.100000
585407.650000
586489.350000
586912.100000
586954.350000
587117.950000
587333.500000
587350.600000
587358.450000
587817.900000
588385.050000
589063.100000
589293.600000
589519.800000
589630.700000
590206.750000
590588.150000
591238.550000
591637.500000
591739.050000
592384.400000
592785.600000
593275.650000
593456.250000
593904.700000
594396.650000
594543.850000
594554.150000
594673.800000
594753.000000
594857.200000
594869.750000
594899.050000
594919.450000
595998.000000
596005.600000
596590.850000
596609.900000
596708.050000
596791.050000
596824.750000
597038.400000
597098.700000
597103.650000
597436.550000
597493.950000
598244.750000
598728.450000
599218.700000
601058.900000
602223.550000
602391.300000
603184.900000
604448.750000
604458.350000
604724.600000
605991.500000
606450.100000
607381.150000
608194.150000
608196.300000
608299.600000
608710.550000
608913.950000
609524.950000
609560.050000
609784.050000
610988.000000
611156.050000
611379.400000
611382.500000
612918.450000
613319.750000
613881.000000
613969.650000
614160.150000
614726.500000
614802.000000
614879.700000
615078.950000
616960.100000
617728.800000
617747.000000
617756.000000
617980.500000
618157.650000
618299.050000
619202.050000
620852.600000
620862.200000
621347.250000
622082.550000
622679.500000
622728.100000
622773.200000
623362.350000
623648.600000
623749.150000
623813.250000
623910.100000
623913.650000
624700.750000
624801.450000
624908.400000
625330.700000
625614.400000
625922.750000
625951.550000
626496.800000
626498.450000
626520.300000
626557.300000
627893.500000
628102.550000
628275.150000
628388.850000
628590.300000
628950.750000
629868.950000
630011.500000
630040.600000
630847.350000
631495.500000
631676.400000
631720.650000
632104.500000
632709.600000
632812.350000
633137.150000
633355.600000
633438.350000
634173.100000
634175.000000
634194.450000
634633.600000
634763.150000
634879.050000
635980.100000
636594.400000
636657.250000
636729.400000
636749.600000
637509.800000
639154.500000
639874.950000
640795.350000
640820.050000
640967.650000
641373.950000
642375.100000
643026.800000
643091.100000
644623.700000
644861.850000
645649.100000
646084.950000
646271.000000
646497.200000
647296.050000
647672.350000
647678.700000
648693.650000
649007.400000
650158.850000
651231.300000
651238.650000
652820.200000
652859.500000
652868.800000
653042.650000
653316.150000
653527.750000
653788.550000
653886.500000
653983.650000
653984.950000
654144.600000
654369.650000
654511.900000
654540.300000
654729.500000
655011.700000
655041.300000
655375.450000
655413.100000
655455.250000
655560.350000
655639.350000
655865.400000
656028.200000
656389.600000
656529.200000
656551.000000
656559.450000
659033.150000
659040.700000
659048.150000
659148.550000
659284.200000
659358.000000
659435.200000
660405.150000
660530.000000
660794.050000
660801.650000
661167.900000
661290.350000
661834.900000
661887.000000
662101.300000
662262.700000
662553.300000
662574.300000
662615.700000
662895.550000
662906.350000
663620.850000
664238.150000
664883.450000
664965.050000
664969.000000
664980.000000
665535.650000
665602.450000
665711.050000
665743.900000
665880.600000
666205.550000
667467.250000
668520.850000
668870.100000
668881.350000
669149.750000
669286.200000
669388.100000
670329.300000
670615.000000
671198.100000
671198.650000
671321.250000
671821.350000
671906.800000
672054.450000
672200.850000
672393.600000
672603.700000
672604.450000
672708.050000
673040.250000
674120.150000
674569.650000
674638.300000
674737.700000
674740.550000
675150.300000
675169.250000
675211.500000
675386.050000
675429.700000
676305.700000
676310.200000
676561.100000
676603.750000
676674.750000
676676.950000
676804.300000
677237.550000
677400.850000
677443.500000
677448.800000
677578.950000
678702.550000
678915.750000
679871.850000
680496.100000
680503.950000
681519.200000
681898.500000
682099.900000
683439.450000
683456.200000
683511.450000
683619.950000
683715.600000
683801.550000
684089.500000
684110.600000
684205.650000
684478.300000
685040.400000
685525.700000
686195.450000
686353.800000
686356.400000
686486.950000
686698.900000
686745.900000
686763.600000
686871.200000
686898.300000
688662.800000
689107.600000
690096.600000
690609.700000
690777.300000
691349.850000
691859.300000
691869.100000
692831.050000
692854.200000
693074.050000
693508.450000
693720.650000
694414.850000
694789.150000
695059.500000
695438.500000
696478.350000
697245.350000
697410.900000
697637.600000
698277.250000
698500.850000
699168.100000
699211.150000
699269.800000
699344.800000
699359.750000
699376.300000
700634.350000
701476.900000
701866.700000
702885.300000
703174.800000
703188.300000
703290.450000
703410.600000
704362.050000
704547.800000
704685.700000
705241.200000
705571.200000
705690.550000
705868.600000
705955.300000
706015.250000
706147.950000
706729.600000
706859.600000
707516.800000
707710.100000
708179.750000
708394.200000
708587.100000
708672.600000
708889.250000
709009.650000
709550.800000
709788.900000
710117.950000
710527.350000
710802.400000
710890.200000
711136.950000
711165.100000
711199.450000
711471.550000
711734.950000
712028.200000
712068.350000
712136.100000
712148.250000
712639.700000
712722.650000
712821.400000
713966.000000
713982.500000
714085.450000
714248.400000
714344.100000
714505.800000
714754.850000
716464.750000
716608.000000
716615.500000
716696.700000
717388.350000
718282.300000
719699.250000
720057.550000
721019.000000
723374.100000
723530.100000
724744.500000
725059.950000
725889.100000
726901.500000
727163.800000
727248.750000
727696.900000
727754.050000
727868.650000
727943.900000
728218.600000
728448.500000
730898.600000
730962.800000
732161.450000
732174.700000
732887.500000
732927.800000
733055.000000
733924.250000
734717.550000
734869.600000
735283.500000
736180.950000
736206.900000
736393.200000
736461.950000
736484.000000
737654.800000
737715.350000
737806.000000
737826.100000
737848.500000
738131.850000
738184.350000
738194.050000
738522.500000
738558.650000
738782.050000
738921.000000
739557.650000
739875.650000
741016.100000
741382.400000
742047.000000
742580.550000
742588.100000
742712.600000
742731.300000
742802.550000
742826.600000
742940.450000
743996.900000
744042.750000
744058.200000
744335.700000
745705.300000
747642.050000
748169.650000
748776.150000
749086.800000
749158.650000
749595.300000
749757.950000
749860.300000
750540.600000
750788.950000
750913.900000
751385.200000
751520.350000
751606.300000
752760.000000
752944.850000
753359.000000
754628.450000
754645.050000
755405.000000
755473.900000
756336.250000
756917.300000
757079.850000
757292.300000
757305.850000
757522.700000
757694.400000
758206.500000
758732.100000
758740.100000
758886.850000
759175.550000
760024.050000
760611.150000
761846.550000
762092.150000
763589.300000
765530.750000
766546.150000
767245.400000
767284.250000
768624.000000
770430.500000
770450.750000
772773.450000
772903.800000
773243.850000
773817.950000
775523.700000
775637.300000
775744.350000
775797.150000
775838.550000
776234.300000
779011.500000
779625.700000
780900.050000
783650.200000
784288.400000
785870.350000
785886.050000
785975.150000
786175.150000
787247.250000
787591.800000
787861.300000
787951.700000
787984.250000
788232.650000
788240.900000
788304.700000
788474.650000
788551.350000
788625.250000
788629.200000
788708.400000
788713.650000
788809.600000
788913.850000
788927.500000
789840.050000
791367.900000
791525.950000
791529.800000
791567.850000
791573.900000
792491.750000
793790.950000
793804.500000
793807.050000
793824.100000
793919.050000
793969.850000
795379.900000
795392.250000
795533.250000
795534.750000
795967.200000
795990.950000
796347.750000
796355.400000
796363.250000
798433.400000
798450.400000
799356.950000
799467.450000
800189.250000
800479.450000
800487.850000
800558.550000
800710.450000
801621.250000
801690.950000
802397.350000
802507.200000
802907.450000
803006.250000
804105.250000
804185.400000
804522.350000
804537.450000
804554.250000
805618.300000
806114.300000
806151.450000
807059.550000
807999.450000
808910.250000
809074.700000
809288.800000
809340.800000
810004.450000
810251.850000
810520.150000
810874.350000
811016.000000
811020.200000
811051.050000
811170.100000
811180.100000
811414.450000
811653.550000
811771.300000
812120.200000
812240.900000
812380.650000
812389.300000
812472.750000
812493.900000
812550.150000
812617.500000
813228.400000
813232.900000
813388.000000
813523.050000
813533.350000
813699.750000
813706.800000
813820.050000
815194.000000
815910.200000
816229.800000
816312.150000
816406.300000
816409.000000
817180.600000
817444.850000
817765.050000
817887.800000
818468.350000
818618.950000
818708.150000
820268.450000
820856.250000
820868.650000
820903.350000
822570.700000
823068.150000
823976.700000
824198.100000
825342.150000
825354.100000
825378.900000
825698.350000
826492.900000
827003.350000
827263.400000
829571.550000
829850.950000
830151.650000
830950.750000
831204.900000
831405.050000
831817.850000
831827.150000
832822.850000
833021.450000
833075.350000
833856.200000
834972.950000
835624.700000
836891.500000
837888.250000
838585.900000
840856.650000
841084.400000
841344.800000
841535.300000
841941.900000
841962.150000
842177.700000
842312.800000
842330.200000
842679.750000
842808.000000
842997.800000
843881.600000
844658.200000
844778.950000
845813.500000
846559.900000
847030.150000
847984.250000
848575.500000
849392.700000
849674.600000
849799.150000
850296.600000
851438.950000
851741.200000
852320.500000
852541.600000
852763.850000
853182.400000
855149.300000
856368.150000
856707.850000
856853.250000
857006.750000
857014.300000
857288.200000
857438.000000
858607.400000
858620.450000
858717.200000
859564.500000
859801.050000
859997.950000
861621.750000
861649.650000
862049.800000
862078.750000
862103.900000
863273.800000
863275.450000
863294.600000
864019.700000
865240.850000
867037.850000
868366.250000
869181.150000
869221.200000
873701.050000
875210.050000
875303.200000
875940.650000
876422.150000
877019.750000
877071.250000
877174.650000
877180.700000
879383.600000
879440.450000
880144.700000
880164.600000
880684.400000
881098.450000
882461.400000
882465.400000
883155.950000
883738.900000
885381.250000
885911.850000
888175.050000
889401.250000
889420.950000
890798.950000
891346.950000
891493.250000
891785.100000
891934.450000
891979.450000
892595.600000
892784.450000
893402.350000
893430.400000
893512.500000
894063.850000
894326.200000
896039.300000
896042.450000
896513.450000
897054.150000
897219.600000
898106.850000
898115.650000
898123.350000
898132.650000
899331.800000
899578.450000
900772.300000
901362.050000
901452.050000
902022.400000
903551.700000
905171.550000
905997.850000
908369.800000
908635.350000
910427.450000
910439.450000
910945.250000
913490.800000
913742.650000
913892.400000
914497.600000
915541.550000
916177.900000
916373.400000
917303.450000
918175.300000
918211.700000
920384.100000
920393.800000
920577.800000
920683.600000
920752.450000
925219.150000
926154.000000
926365.250000
927047.550000
927363.650000
928024.400000
928029.550000
928076.200000
928601.550000
928627.650000
928770.150000
929236.400000
929252.750000
929260.600000
929590.900000
929629.100000
929718.400000
929734.000000
930803.650000
932363.550000
932781.300000
932796.050000
933339.250000
933343.400000
933487.150000
935519.150000
936079.900000
936352.150000
936355.100000
937732.450000
938651.300000
938657.850000
939078.450000
939382.700000
939907.750000
940217.150000
940900.350000
941142.400000
941514.350000
946742.100000
949898.300000
950102.300000
950284.250000
950662.650000
950669.750000
950696.650000
952326.050000
952347.750000
952396.400000
954282.000000
954992.650000
956487.600000
957610.800000
959140.250000
960881.850000
961574.800000
962636.250000
965734.600000
966208.550000
966606.250000
966764.750000
968026.050000
968124.450000
969601.950000
969859.550000
975731.850000
978508.600000
979265.100000
979570.100000
980330.600000
983683.600000
984262.350000
984868.400000
985863.600000
985875.150000
985933.450000
986694.950000
987703.400000
987915.100000
987924.400000
987929.350000
988116.250000
988636.150000
988674.850000
988684.650000
989029.150000
989050.450000
989840.200000
989861.350000
989874.050000
989999.300000
990007.600000
991634.350000
992915.250000
992931.900000
995175.100000
996039.850000
996505.600000
996732.450000
1002691.350000
1010242.400000
1010274.850000
1011031.650000
1011038.900000
1011219.500000
1011938.900000
1014157.400000
1014524.000000
1014864.250000
1015933.850000
1016310.500000
1016391.700000
1017347.400000
1019084.200000
1019664.050000
1021119.100000
1023067.100000
1023643.450000
1023691.050000
1023707.850000
1023774.800000
1024095.250000
1028933.000000
1029841.350000
1035062.650000
1035921.100000
1036479.550000
1036514.350000
1037153.100000
1037665.100000
1038354.700000
1038373.700000
1039615.200000
1039836.350000
1040070.500000
1041702.750000
1041912.500000
1042133.850000
1042616.900000
1044009.650000
1044379.700000
1044522.500000
1046182.650000
1046188.050000
1047107.600000
1047292.450000
1047465.200000
1047683.600000
1047797.050000
1048544.600000
1048561.850000
1048849.350000
1048970.650000
1049289.050000
1049290.600000
1049535.150000
1049575.100000
1049992.600000
1050093.650000
1050545.250000
1050669.700000
1050924.250000
1051414.650000
1052266.200000
1053461.550000
1053490.200000
1053513.650000
1053604.850000
1054462.350000
1054549.700000
1054621.500000
1054693.800000
1055449.900000
1055456.700000
1055617.900000
1057067.650000
1057085.200000
1057089.100000
1057730.450000
1058261.250000
1059618.500000
1059968.750000
1059981.000000
1060100.550000
1062331.850000
1064537.700000
1064822.300000
1065803.950000
1066866.650000
1066995.400000
1067506.900000
1069836.200000
1071258.300000
1071332.350000
1072538.250000
1072884.600000
1073570.150000
1074302.950000
1074310.500000
1074606.350000
1074629.650000
1074634.300000
1075011.350000
1075732.100000
1076314.950000
1076724.850000
1077959.700000
1077970.100000
1077973.250000
1078850.150000
1080458.100000
1082897.450000
1084612.950000
1084857.750000
1085085.050000
1085189.700000
1092374.750000
1092391.200000
1096052.650000
1097425.100000
1097459.950000
1098307.900000
1098548.300000
1099607.100000
1099706.600000
1099768.550000
1100870.700000
1101313.200000
1101663.250000
1102066.650000
1102098.050000
1103452.500000
1103928.700000
1103932.300000
1104062.050000
1104488.550000
1104609.500000
1105197.400000
1106849.950000
1107702.050000
1108897.750000
1109726.750000
1111010.800000
1111303.450000
1111463.900000
1111468.900000
1112609.850000
1112628.250000
1113240.000000
1117300.050000
1117757.600000
1117903.450000
1118653.300000
1121137.800000
1121238.900000
1121352.250000
1121358.250000
1121602.400000
1122049.400000
1122081.100000
1122233.650000
1124085.050000
1125543.550000
1125726.150000
1126932.300000
1127251.100000
1128092.750000
1128775.100000
1128778.450000
1128934.800000
1129430.800000
1129438.000000
1129451.200000
1129460.750000
1129464.050000
1130053.900000
1130759.750000
1133303.100000
1133612.400000
1135281.550000
1135401.000000
1135958.150000
1137167.350000
1137404.600000
1139178.500000
1139558.950000
1140706.450000
1140758.450000
1140771.350000
1140776.000000
1140795.100000
1140799.150000
1141548.950000
1141700.750000
1142846.000000
1142847.250000
1142853.900000
1142877.100000
1142900.550000
1143971.550000
1144044.600000
1144055.150000
1144072.250000
1144099.250000
1144504.000000
1144916.300000
1145132.650000
1145320.500000
1145380.750000
1145391.700000
1145492.000000
1145509.700000
1145588.200000
1146322.900000
1149158.100000
1149217.050000
1149358.700000
1149723.600000
1151052.650000
1151450.600000
1157329.950000
1157340.050000
1157514.150000
1157520.650000
1157530.250000
1157534.000000
1157541.600000
1157549.300000
1158121.100000
1160908.700000
1160912.850000
1160928.800000
1161315.400000
1161480.600000
1161889.200000
1164713.150000
1164752.800000
1165606.900000
1165741.900000
1166617.700000
1167043.100000
1167226.350000
1167500.550000
1168048.950000
1168299.550000
1168369.700000
1168400.750000
1168412.000000
1168857.850000
1168888.950000
1169173.900000
1169397.050000
1170642.200000
1171173.250000
1171181.850000
1172374.400000
1173190.300000
1174483.550000
1174737.050000
1174869.050000
1175014.100000
1175028.850000
1175325.400000
1175890.000000
1176333.950000
1176936.150000
1177014.850000
1178081.250000
1178503.250000
1178507.150000
1179498.250000
1179568.100000
1181267.650000
1181397.000000
1183184.450000
1183193.400000
1185428.700000
1185472.800000
1186881.800000
1187158.800000
1187695.800000
1188525.200000
1189885.750000
1190585.000000
1193180.450000
1193626.900000
1193942.650000
1194145.750000
1194189.800000
1194192.700000
1194250.950000
1194252.500000
1194261.500000
1195645.750000
1197883.000000
1199773.400000
1201101.200000
1201618.750000
1203507.950000
1206812.550000
1209145.850000
1209606.700000
1211358.750000
1212159.400000
1212710.500000
1213283.300000
1213306.700000
1214977.450000
1215844.350000
1217421.350000
1221673.350000
1223135.450000
1224283.200000
1224495.550000
1225553.400000
1225790.800000
1225795.150000
1227453.350000
1228758.850000
1230344.500000
1231721.850000
1233238.750000
1233283.400000
1233805.350000
1233918.800000
1236164.400000
1237486.600000
1238424.750000
1238551.100000
1239896.600000
1241009.150000
1241529.900000
1242131.550000
1242656.700000
1243452.150000
1244698.400000
1244985.700000
1245254.300000
1245929.250000
1245960.600000
1250083.100000
1251122.800000
1252369.250000
1252374.700000
1252773.050000
1252798.250000
1252825.500000
1252876.650000
1252882.250000
1254122.600000
1254167.050000
1254179.050000
1254754.050000
1256158.600000
1256697.750000
1257419.100000
1257570.000000
1257717.700000
1258396.950000
1258403.600000
1258872.800000
1258879.950000
1259687.600000
1260814.400000
1261368.650000
1261572.600000
1261578.850000
1262088.900000
1262091.600000
1262101.900000
1264371.800000
1264387.550000
1264461.500000
1264575.400000
1264787.450000
1265307.000000
1265887.600000
1265926.800000
1265939.000000
1266020.350000
1266415.500000
1268497.100000
1268640.850000
1269115.150000
1269345.800000
1269636.000000
1269648.000000
1269672.750000
1270583.800000
1270830.600000
1271059.900000
1271063.700000
1272201.800000
1272365.400000
1273275.450000
1273328.750000
1273364.100000
1273995.250000
1276129.550000
1278384.000000
1279878.150000
1280121.400000
1280348.400000
1280840.000000
1280947.400000
1281785.950000
1282260.900000
1282318.000000
1282887.050000
1283272.350000
1283537.100000
1286475.850000
1286722.950000
1287730.800000
1287742.750000
1288042.950000
1288689.250000
1289305.250000
1290734.350000
1290927.700000
1293332.800000
1293571.650000
1295020.850000
1295657.700000
1296809.100000
1297478.850000
1299504.500000
1300737.950000
1300744.850000
1300751.300000
1300911.150000
1301171.600000
1301591.150000
1301612.900000
1302460.250000
1303102.950000
1305834.200000
1306567.550000
1306731.350000
1306742.850000
1307772.050000
1308332.300000
1308337.200000
1308709.150000
1310194.650000
1311455.100000
1311477.750000
1315759.650000
1315777.200000
1316086.950000
1317497.950000
1317934.400000
1318276.650000
1319328.000000
1319330.950000
1319440.600000
1319534.750000
1319749.300000
1321767.200000
1322502.600000
1323132.150000
1323710.700000
1323733.400000
1324358.600000
1324928.650000
1324939.150000
1325914.250000
1325930.850000
1326854.250000
1326860.550000
1326865.400000
1326872.800000
1326891.700000
1326895.450000
1326898.800000
1326916.200000
1327567.000000
1327893.900000
1329321.850000
1331282.250000
1333316.700000
1335082.700000
1344475.150000
1346762.250000
1346848.700000
1348437.600000
1349174.550000
1349531.900000
1350491.150000
1350507.600000
1350513.100000
1350526.550000
1350532.300000
1350881.400000
1350965.450000
1350975.450000
1351191.200000
1351240.100000
1351527.800000
1351559.100000
1352193.300000
1352196.750000
1352360.000000
1358633.600000
1359539.000000
1359691.600000
1360441.100000
1360628.350000
1360947.600000
1360971.700000
1361112.100000
1361561.100000
1361627.150000
1362386.400000
1362396.050000
1362401.200000
1362422.700000
1362426.600000
1362445.200000
1362449.750000
1363448.700000
1367879.200000
1368915.800000
1369718.450000
1369869.750000
1369885.250000
1370255.300000
1370766.500000
1370928.500000
1372146.150000
1372838.450000
1372908.100000
1373623.550000
1374104.200000
1374259.550000
1374325.400000
1375161.500000
1375545.650000
1375548.150000
1375560.450000
1376622.250000
1376811.800000
1377463.300000
1381520.750000
1381799.850000
1383373.600000
1383513.100000
1383524.300000
1383660.200000
1386396.700000
1387557.950000
1388163.600000
1389411.000000
1390392.200000
1390411.050000
1390511.050000
1390514.250000
1391413.700000
1391427.950000
1392586.100000
1392857.000000
1395796.400000
1395873.700000
1398392.200000
1399313.950000
1399325.300000
1399941.250000
1400754.850000
1402360.150000
1402371.450000
1402926.750000
1403024.150000
1403028.450000
1405870.000000
1405874.250000
1407220.050000
1407661.150000
1407670.350000
1409009.950000
1413183.900000
1415167.150000
1415611.200000
1417187.800000
1421992.250000
1422408.950000
1422449.750000
1422457.450000
1422524.650000
1423270.050000
1423583.250000
1424521.250000
1424558.250000
1428964.100000
1429338.300000
1429358.100000
1429407.850000
1430552.700000
1431034.400000
1431255.150000
1431506.450000
1431560.250000
1432185.550000
1434027.500000
1434275.150000
1434330.750000
1434666.950000
1435467.300000
1436330.750000
1436729.700000
1441371.550000
1442130.850000
1444284.250000
1444901.400000
1445140.350000
1446291.700000
1447811.950000
1448221.850000
1448254.500000
1449016.100000
1451451.800000
1451664.050000
1451677.800000
1452227.900000
1456270.450000
1456563.250000
1459905.050000
1460053.100000
1460604.700000
1460769.650000
1460782.600000
1461151.050000
1461545.150000
1461732.350000
1461744.850000
1461943.600000
1462627.100000
1462838.850000
1463149.250000
1464830.850000
1466189.550000
1467247.550000
1467347.650000
1467979.650000
1468529.800000
1468739.550000
1469127.300000
1470802.750000
1471165.250000
1472826.200000
1472846.400000
1473729.750000
1473804.000000
1474146.900000
1475282.500000
1475316.500000
1478073.350000
1478540.650000
1478676.450000
1480443.000000
1480708.350000
1480987.400000
1481505.150000
1485297.550000
1485848.650000
1488658.300000
1488700.650000
1488834.050000
1489126.650000
1489525.100000
1489614.050000
1489615.400000
1489649.600000
1489749.600000
1489780.950000
1489789.800000
1489925.950000
1489939.450000
1490350.550000
1490527.000000
1490978.250000
1491005.400000
1491248.950000
1491341.150000
1491642.350000
1491660.450000
1492206.200000
1492498.000000
1493547.800000
1493709.000000
1493785.800000
1493818.450000
1493822.350000
1493833.050000
1493964.900000
1495191.250000
1496542.450000
1496618.850000
1496800.400000
1497215.950000
1497222.150000
1497349.300000
1497393.600000
1497522.100000
1497576.100000
1497798.450000
1498113.700000
1498189.200000
1498340.850000
1498344.850000
1498470.500000
1498499.050000
1498657.300000
1498670.700000
1499062.950000
1500618.700000
1501298.200000
1503963.100000
1504333.950000
1505105.150000
1506139.350000
1506426.700000
1507367.300000
1507370.750000
1507385.400000
1507585.850000
1507612.050000
1508868.800000
1509153.250000
1509381.450000
1509825.800000
1510594.350000
1510729.050000
1511231.600000
1512007.000000
1515523.800000
1515533.500000
1516746.650000
1517743.850000
1517886.500000
1518353.700000
1519862.750000
1520906.700000
1522474.100000
1522545.900000
1522778.500000
1523267.300000
1524404.150000
1524424.500000
1524776.350000
1524919.250000
1525223.350000
1525251.150000
1525442.100000
1525557.850000
1525657.300000
1525687.050000
1525760.150000
1525811.500000
1525929.900000
1526066.000000
1526867.900000
1526925.550000
1527049.650000
1527474.100000
1527602.500000
1527908.350000
1527945.150000
1527950.000000
1528206.200000
1528234.400000
1528391.600000
1529051.100000
1529461.350000
1531563.350000
1532209.550000
1532444.350000
1532466.750000
1532481.250000
1532606.100000
1532787.300000
1532807.650000
1535326.050000
1535331.100000
1535399.200000
1535966.700000
1536107.850000
1536120.800000
1536296.550000
1537400.000000
1539494.050000
1542312.350000
1542369.150000
1545223.950000
1545227.250000
1545232.450000
1545245.550000
1547369.000000
1547377.900000
1547429.950000
1549768.850000
1549772.050000
1550507.250000
1551116.900000
1552191.900000
1553074.950000
1553087.250000
1553131.700000
1554055.550000
1554540.600000
1554794.950000
1555232.900000
1556059.350000
1557365.250000
1557508.600000
1557542.900000
1557914.250000
1557918.450000
1558265.650000
1558476.750000
1559130.750000
1559249.800000
1559254.550000
1559371.750000
1560017.400000
1560803.400000
1561387.750000
1561440.500000
1561484.000000
1561564.350000
1562548.900000
1563882.600000
1563916.000000
1564932.100000
1567889.250000
1568288.800000
1568299.000000
1568302.450000
1568753.300000
1568888.950000
1568900.050000
1571198.100000
1571202.850000
1571229.400000
1572007.350000
1574472.400000
1574780.200000
1574884.350000
1575033.300000
1576328.750000
1576968.800000
1577391.150000
1577972.450000
1578057.100000
1578179.650000
1578229.200000
1578471.750000
1578707.950000
1578834.700000
1579248.500000
1579623.300000
1579776.250000
1580063.950000
1580156.900000
1582252.700000
1583381.900000
1584262.050000
1585607.450000
1586095.700000
1586096.450000
1586472.350000
1588050.500000
1588400.850000
1588413.050000
1588788.800000
1589796.100000
1590840.400000
1592187.500000
1593561.600000
1594875.150000
1595230.200000
1597114.700000
1597127.050000
1597276.150000
1597427.850000
1597446.200000
1597598.800000
1597601.650000
1598695.550000
1599262.450000
1599680.100000
1599882.200000
1600158.700000
1600800.450000
1600917.850000
1600945.450000
1601524.250000
1602281.100000
1604694.350000
1606949.900000
1607744.150000
1607884.950000
1608330.450000
1612299.500000
1612991.500000
1614078.300000
1616032.650000
1616139.900000
1616148.450000
1616564.400000
1617694.200000
1617734.250000
1617746.700000
1617750.450000
1618164.350000
1618379.800000
1618387.150000
1618391.000000
1618395.450000
1618403.250000
1618409.050000
1619907.450000
1620535.400000
1620765.250000
1621238.650000
1621784.950000
1622221.750000
1622227.600000
1622255.950000
1623403.100000
1624463.150000
1624468.100000
1626090.250000
1627014.700000
1629137.500000
1629511.500000
1632876.250000
1634015.150000
1634036.600000
1634858.850000
1635811.100000
1638510.250000
1638538.100000
1638550.250000
1638659.000000
1639986.300000
1640000.700000
1640295.350000
1642413.900000
1642696.600000
1644835.900000
1646105.150000
1646112.850000
1646617.450000
1646622.150000
1647375.300000
1650209.150000
1650359.500000
1650619.850000
1652781.700000
1656388.800000
1657041.800000
1657341.600000
1660612.750000
1661220.150000
1661516.650000
1662299.650000
1662314.350000
1662347.800000
1662357.250000
1662474.000000
1662563.850000
1662571.250000
1663921.650000
1664689.500000
1668140.950000
1668833.450000
1668844.100000
1668850.700000
1668858.000000
1668870.900000
1668900.700000
1668907.100000
1668911.900000
1668920.100000
1668922.450000
1668929.850000
1669369.750000
1669661.000000
1669699.700000
1669701.900000
1670683.750000
1671072.250000
1672202.750000
1674509.850000
1674531.450000
1676475.950000
1677106.500000
1677450.500000
1677975.750000
1679064.750000
1679938.850000
1681849.000000
1682322.050000
1683383.550000
1683387.250000
1683771.650000
1683828.800000
1683855.650000
1683876.450000
1683978.800000
1685377.550000
1685424.550000
1687055.150000
1690388.050000
1692693.100000
1693352.750000
1694156.100000
1699218.150000
1702055.450000
1702224.350000
1702446.800000
1702628.900000
1702713.900000
1702738.800000
1702755.250000
1702862.950000
1703029.650000
1703799.150000
1704492.900000
1705949.400000
1706045.450000
1706253.900000
1708113.000000
1708184.650000
1708853.250000
1711163.150000
1711166.650000
1713376.700000
1714096.700000
1714111.950000
1714588.750000
1715210.300000
1715744.250000
1716681.800000
1716948.150000
1717474.850000
1717747.450000
1717760.350000
1719640.000000
1720603.400000
1721239.350000
1721735.250000
1721826.150000
1721992.200000
1722133.700000
1722157.950000
1722225.000000
1723219.250000
1723233.900000
1723259.400000
1723955.800000
1728355.900000
1733452.550000
1733457.850000
1733885.550000
1736399.850000
1738712.350000
1739865.100000
1741123.750000
1741406.400000
1741430.400000
1741441.300000
1741999.900000
1742900.300000
1743858.750000
1745451.050000
1748717.500000
1750317.950000
1750896.050000
1750950.700000
1750955.600000
1750961.350000
1750974.250000
1750988.050000
1751817.150000
1751837.900000
1753364.200000
1756078.650000
1762399.000000
1766173.550000
1766231.100000
1766523.350000
1766917.900000
1767552.900000
1767574.200000
1767988.550000
1768000.950000
1768036.450000
1772673.100000
1772708.000000
1773099.850000
1773104.200000
1773112.650000
1773415.650000
1773423.150000
1773892.850000
1774020.400000
1775573.250000
1777814.800000
1777834.850000
1777936.900000
1779823.750000
1780508.850000
1780980.100000
1781930.300000
1782889.900000
1783883.500000
1783888.350000
1783900.950000
1784406.400000
1790198.150000
1790622.400000
1790729.000000
1790733.700000
1792668.250000
1793082.700000
1793088.250000
1793226.650000
1794206.650000
1794248.600000
1794450.900000
1794975.150000
1795043.450000
1795165.100000
1798309.200000
1803065.950000
1803241.600000
1804192.800000
1804622.950000
1804692.750000
1804701.250000
1804704.050000
1804870.250000
1805183.050000
1809034.850000
1810410.150000
1810413.850000
1810425.050000
1810433.950000
1810737.350000
1810744.300000
1813407.600000
1813534.800000
1816263.050000
1816925.100000
1817177.200000
1817298.050000
1818519.650000
1818675.350000
1818756.300000
1818917.450000
1819087.900000
1819524.900000
1819880.250000
1820166.450000
1820316.050000
1820832.500000
1821271.950000
1821937.350000
1822189.550000
1823539.250000
1823580.300000
1824393.650000
1824491.450000
1825000.450000
1825032.100000
1825208.450000
1825564.100000
1826142.400000
1826192.950000
1829169.050000
1833367.150000
1835778.400000
1836193.950000
1836309.100000
1841606.700000
1841608.200000
1842644.000000
1844184.550000
1849198.200000
1850277.250000
1855393.650000
1855496.200000
1855582.800000
1855633.050000
1855652.100000
1855675.500000
1855689.750000
1855693.700000
1855725.050000
1855737.900000
1855749.750000
1855775.200000
1855957.300000
1856207.850000
1856240.700000
1856242.050000
1856849.050000
1857062.050000
1857077.300000
1857081.800000
1858969.900000
1859102.150000
1859116.150000
1859608.000000
1860135.450000
1861653.600000
1861873.450000
1862223.000000
1864019.300000
1864112.350000
1864127.700000
1864972.700000
1865100.800000
1867288.350000
1867524.300000
1868601.250000
1868993.350000
1868994.400000
1868999.650000
1869103.100000
1869136.950000
1869141.000000
1869156.700000
1870475.400000
1872346.300000
1873755.200000
1873858.500000
1873861.900000
1874032.750000
1876735.150000
1885410.150000
1885415.100000
1887710.350000
1890078.600000
1891899.900000
1892641.950000
1892651.150000
1894096.300000
1894277.100000
1894281.900000
1894290.450000
1894390.700000
1894416.500000
1894495.750000
1894693.750000
1894850.100000
1894866.550000
1896440.350000
1896639.300000
1896980.950000
1898265.750000
1898909.100000
1899207.900000
1899333.650000
1900558.650000
1904189.900000
1907552.150000
1907577.400000
1908188.450000
1908527.750000
1909098.150000
1909964.200000
1912698.150000
1912753.850000
1915802.750000
1920308.800000
1921677.100000
1922420.450000
1923603.100000
1923614.350000
1924479.650000
1924524.100000
1927951.100000
1928449.650000
1928453.900000
1928617.050000
1929448.700000
1929892.050000
1931151.500000
1933173.300000
1937688.850000
1937696.950000
1939015.450000
1940037.600000
1940471.950000
1940509.750000
1940527.850000
1940540.700000
1947034.950000
1947660.300000
1948159.800000
1948240.700000
1948383.150000
1948391.650000
1948846.400000
1948856.150000
1949628.350000
1949819.000000
1951626.700000
1953113.250000
1953588.000000
1953906.850000
1954026.400000
1954330.950000
1954725.700000
1955996.200000
1956004.550000
1956365.000000
1956776.750000
1957772.350000
1957836.650000
1957848.900000
1957950.950000
1957993.450000
1957998.550000
1958212.300000
1958304.750000
1958384.900000
1958388.250000
1958539.650000
1958807.800000
1959321.800000
1959339.850000
1960494.600000
1960579.950000
1961367.750000
1963368.300000
1965124.200000
1965254.750000
1965354.450000
1968361.450000
1973218.450000
1975165.850000
1975845.150000
1976896.750000
1976949.550000
1977275.600000
1978245.950000
1979393.700000
1981006.900000
1982110.850000
1982125.400000
1982740.850000
1982857.850000
1982885.850000
1984237.250000
1986114.250000
1986248.400000
1986687.150000
1987626.950000
1988119.600000
1988201.700000
1988882.900000
1990680.500000
1991767.100000
1991976.900000
1992364.550000
1992383.950000
1992396.750000
1992406.150000
1992500.700000
1992518.600000
1992900.350000
1994023.600000
1994079.750000
1995621.000000
1996024.550000
2001361.450000
2003099.200000
2004057.250000
2004843.550000
2004951.850000
2005035.800000
2005072.700000
2006525.000000
2007072.050000
2007079.700000
2007364.850000
2007518.150000
2007625.150000
2009352.800000
2010385.950000
2011190.450000
2011211.350000
2012731.800000
2012998.850000
2013015.850000
2013150.650000
2013720.500000
2013727.250000
2014047.850000
2015160.150000
2016787.000000
2016791.000000
2017222.750000
2017234.350000
2017285.100000
2017388.000000
2017576.500000
2017582.450000
2018680.700000
2018779.250000
2019910.300000
2021659.000000
2022675.250000
2023450.900000
2024000.050000
2024096.350000
2032877.900000
2034099.500000
2034321.150000
2034570.450000
2035239.250000
2035832.400000
2036127.200000
2036164.000000
2036170.850000
2037382.150000
2037541.100000
2038096.100000
2038950.150000
2038968.700000
2040354.750000
2040693.000000
2040841.050000
2042734.900000
2045207.000000
2045235.500000
2046874.100000
2046877.450000
2046902.650000
2047958.350000
2048360.400000
2048902.850000
2049605.900000
2049636.950000
2053344.900000
2053350.450000
2054094.650000
2054636.300000
2055078.500000
2055864.100000
2055980.500000
2056847.850000
2057197.650000
2059019.450000
2059249.800000
2059319.350000
2060452.750000
2061011.500000
2062337.800000
2062964.700000
2063335.500000
2063348.350000
2063383.550000
2063472.950000
2063606.800000
2063634.450000
2063789.500000
2064430.650000
2064976.000000
2065157.350000
2065338.650000
2065775.600000
2066260.800000
2066601.550000
2067634.050000
2069124.550000
2074401.550000
2077393.200000
2078038.800000
2083238.300000
2083416.100000
2087193.650000
2089063.800000
2089709.150000
2092797.600000
2096296.200000
2096742.300000
2096927.600000
2097046.000000
2097049.350000
2097268.150000
2098201.000000
2099550.800000
2101535.350000
2101785.600000
2102549.200000
2102808.200000
2102854.300000
2103368.000000
2104823.900000
2105589.000000
2105832.700000
2106805.550000
2107118.650000
2107262.550000
2107265.050000
2107272.500000
2107313.650000
2107730.950000
2108154.500000
2109657.950000
2109664.400000
2109809.300000
2110059.600000
2110739.950000
2110798.550000
2112474.100000
2112497.100000
2113176.800000
2113977.000000
2116119.900000
2117028.650000
2120222.300000
2120781.250000
2125426.100000
2128851.250000
2130391.450000
2131118.100000
2132336.800000
2133057.200000
2133384.950000
2135977.800000
2138458.450000
2138908.300000
2139962.550000
2140236.150000
2141066.900000
2142255.550000
2142256.750000
2142717.900000
2143732.800000
2146088.000000
2146203.400000
2147272.500000
2149594.800000
2149996.650000
2150000.900000
2150009.350000
2152133.500000
2152482.550000
2152539.150000
2152805.800000
2154042.350000
2154046.850000
2154495.750000
2154791.600000
2155994.750000
2158635.400000
2158788.400000
2158800.550000
2158808.500000
2158812.100000
2158971.300000
2159519.350000
2160293.700000
2163411.000000
2163535.700000
2164382.600000
2165552.000000
2165833.000000
2166413.400000
2166419.950000
2166754.250000
2167116.300000
2167741.250000
2167835.550000
2168678.700000
2168717.900000
2168720.100000
2168735.900000
2168842.200000
2169408.650000
2169479.700000
2170549.150000
2171043.700000
2171815.300000
2171979.350000
2172402.150000
2173866.600000
2177167.650000
2177349.700000
2178721.500000
2179705.550000
2180200.800000
2182840.750000
2184947.200000
2185961.900000
2186252.700000
2186276.700000
2186371.350000
2186402.800000
2186425.250000
2186430.000000
2187082.400000
2188295.700000
2189254.900000
2189607.450000
2190211.250000
2191220.700000
2191440.000000
2191440.750000
2191459.600000
2191816.850000
2191977.400000
2192021.250000
2194296.300000
2194301.600000
2194821.950000
2194825.350000
2196372.500000
2196387.050000
2196667.050000
2198758.800000
2199279.800000
2200651.950000
2201390.800000
2202161.900000
2202205.550000
2202217.600000
2202222.400000
2204767.550000
2206004.550000
2206357.850000
2208966.450000
2210165.000000
2210356.400000
2211578.150000
2213088.000000
2213692.300000
2214516.150000
2215735.450000
2219259.650000
2219538.200000
2219667.200000
2220213.100000
2221202.650000
2222031.950000
2225364.600000
2226315.800000
2226519.600000
2227836.950000
2228108.400000
2228254.000000
2232106.950000
2232114.300000
2232119.750000
2232134.750000
2233992.250000
2234297.150000
2234588.400000
2234809.900000
2234859.850000
2234863.500000
2234886.850000
2235076.100000
2235309.400000
2235744.300000
2239295.250000
2240248.000000
2240262.150000
2240565.350000
2245009.500000
2245024.150000
2245272.100000
2245278.850000
2245282.800000
2245775.150000
2248068.300000
2248480.950000
2248494.200000
2248526.850000
2248614.950000
2249699.450000
2249731.050000
2251863.100000
2253235.300000
2254563.800000
2256170.900000
2256286.650000
2256490.900000
2257529.750000
2257624.900000
2257824.550000
2258106.950000
2259064.450000
2259160.400000
2259319.050000
2259790.900000
2260608.100000
2261741.250000
2263066.350000
2263158.250000
2264008.700000
2264686.500000
2265865.000000
2269147.100000
2269600.550000
2269616.700000
2269637.450000
2270711.150000
2271866.150000
2272175.400000
2272311.750000
2272703.150000
2272719.600000
2274720.100000
2276164.950000
2276271.350000
2276623.200000
2276753.550000
2277377.350000
2278786.950000
2278793.150000
2278796.400000
2280064.100000
2280165.100000
2280175.800000
2280179.600000
2280183.100000
2280210.250000
2280217.000000
2280567.700000
2281818.700000
2281823.300000
2282372.450000
2282672.300000
2282726.650000
2282731.000000
2282734.200000
2282738.800000
2282777.950000
2284274.800000
2284336.850000
2284936.400000
2285602.500000
2286314.400000
2286636.000000
2286651.350000
2287418.900000
2288003.850000
2288012.500000
2288016.950000
2288029.100000
2288740.000000
2288763.150000
2289744.250000
2291453.750000
2291751.650000
2291977.250000
2293420.050000
2293508.400000
2295130.950000
2295239.650000
2295243.250000
2295264.400000
2297309.900000
2298668.900000
2298854.050000
2299702.100000
2301796.250000
2301905.600000
2302268.300000
2302310.550000
2302316.250000
2303795.600000
2304431.250000
2304704.400000
2304905.100000
2304930.200000
2304992.600000
2305061.800000
2306859.000000
2307257.850000
2310029.500000
2311724.300000
2312171.900000
2312575.250000
2312965.850000
2313005.850000
2313022.850000
2313045.350000
2313053.350000
2313164.500000
2314421.300000
2318004.650000
2318015.800000
2318161.800000
2318565.000000
2318573.050000
2318728.550000
2318745.750000
2319462.350000
2320024.850000
2320283.150000
2320534.000000
2320882.950000
2322084.500000
2322636.650000
2322939.100000
2323127.750000
2323928.100000
2325379.900000
2326962.800000
2327172.400000
2327195.650000
2327569.350000
2328141.500000
2328157.650000
2328786.000000
2329067.100000
2329436.150000
2329873.900000
2330833.650000
2331408.300000
2332060.350000
2332742.800000
2333949.900000
2336931.000000
2337765.050000
2338409.250000
2341619.400000
2342035.200000
2342642.000000
2344115.800000
2345441.600000
2345444.900000
2345642.400000
2345643.400000
2345712.550000
2345949.800000
2347676.800000
2348800.850000
2349773.700000
2350136.350000
2350573.400000
2353480.000000
2353675.900000
2353883.300000
2357271.050000
2358453.750000
2359130.100000
2359470.850000
2360950.400000
2361270.000000
2362747.900000
2363178.400000
2363266.000000
2365031.900000
2365610.550000
2366010.250000
2366016.750000
2366443.400000
2366453.050000
2366658.100000
2367612.950000
2367838.650000
2368176.900000
2368536.000000
2368742.750000
2368846.800000
2369115.850000
2369120.850000
2369230.100000
2369577.850000
2369876.650000
2370276.250000
2370283.050000
2370470.200000
2370499.700000
2370574.250000
2370883.950000
2371107.900000
2371591.650000
2371696.200000
2372077.400000
2372168.450000
2372396.200000
2372801.600000
2373100.200000
2373310.350000
2373537.650000
2373616.100000
2374380.600000
2374647.700000
2375243.800000
2375506.250000
2375666.800000
2375716.400000
2375736.850000
2375816.200000
2376152.650000
2376169.450000
2376311.600000
2376408.350000
2376457.400000
2376519.950000
2376697.550000
2376737.100000
2376737.900000
2377105.850000
2377253.550000
2377588.300000
2378863.750000
2379015.350000
2379041.550000
2379240.550000
2379378.300000
2379467.650000
2380629.250000
2380633.000000
2381341.600000
2382385.400000
2382397.550000
2382532.850000
2384273.900000
2385115.600000
2385487.200000
2387168.950000
2387491.450000
2387800.600000
2387837.650000
2388176.250000
2388464.350000
2389300.800000
2389402.850000
2389426.800000
2389436.250000
2389455.000000
2389689.300000
2390040.600000
2390053.400000
2390058.300000
2390345.700000
2390351.950000
2390357.150000
2390566.350000
2390857.100000
2390927.800000
2391033.750000
2391524.500000
2391773.350000
2392099.350000
2392192.850000
2392330.300000
2394332.000000
2395067.150000
2396078.200000
2396095.450000
2396398.100000
2397146.950000
2397259.150000
2400000.400000
2400196.400000
2401545.000000
2401691.500000
2401948.900000
2402881.800000
2404307.150000
2404553.400000
2406238.600000
2408565.250000
2411731.750000
2412255.600000
2414409.750000
2414886.900000
2415132.600000
2416467.750000
2418497.450000
2418611.300000
2419948.250000
2419978.750000
2426254.700000
2426287.250000
2428443.600000
2431240.800000
2432362.150000
2432667.900000
2433233.600000
2435558.450000
2435711.150000
2436552.350000
2436557.450000
2436599.950000
2436602.900000
2438718.750000
2438753.300000
2438992.400000
2438995.500000
2439220.450000
2439544.200000
2440638.100000
2440646.800000
2440886.650000
2441308.500000
2441453.650000
2443054.550000
2443060.500000
2443071.600000
2443074.200000
2443163.650000
2443254.250000
2443293.250000
2443630.550000
2444054.900000
2444714.700000
2445118.000000
2445446.050000
2445456.850000
2445463.600000
2448226.300000
2448763.550000
2448784.950000
2453465.250000
2453558.550000
2454994.100000
2456406.550000
2456456.550000
2459617.450000
2459625.500000
2460677.700000
2460747.650000
2460896.400000
2461029.800000
2461985.900000
2462480.150000
2464112.000000
2464891.900000
2467777.100000
2467785.300000
2468037.150000
2468272.200000
2468599.400000
2468730.450000
2469515.400000
2470283.650000
2470372.250000
2471496.250000
2471520.000000
2472697.000000
2472880.800000
2473523.100000
2473531.950000
2473537.850000
2473540.500000
2473666.200000
2473969.550000
2473975.650000
2474654.550000
2474951.150000
2475036.150000
2475043.450000
2475049.600000
2475056.750000
2475075.200000
2475080.350000
2475128.200000
2475173.100000
2480512.700000
2481135.900000
2483862.700000
2484645.650000
2484665.350000
2485407.350000
2485432.300000
2485750.000000
2485873.900000
2486246.300000
2487954.700000
2487967.000000
2487980.450000
2489412.900000
2489433.300000
2490792.700000
2491064.750000
2491487.450000
2491781.200000
2492171.150000
2494484.700000
2494534.700000
2494550.200000
2494932.300000
2495163.350000
2495539.200000
2495554.050000
2496197.800000
2496201.650000
2496290.300000
2496500.950000
2497070.350000
2497435.600000
2498624.050000
2503326.300000
2503447.000000
2506492.700000
2510757.550000
2512090.200000
2514387.650000
2515574.850000
2515824.250000
2516427.900000
2517384.300000
2517627.350000
2518078.250000
2518532.400000
2518861.300000
2519964.000000
2519972.000000
2520188.450000
2521137.500000
2522225.200000
2523879.700000
2524279.950000
2524292.650000
2524297.400000
2524411.700000
2525802.150000
2527002.750000
2527241.650000
2527673.800000
2527715.400000
2530001.950000
2530006.800000
2530040.500000
2530047.900000
2530755.800000
2531231.200000
2532485.750000
2534134.250000
2535003.600000
2536346.300000
2536921.700000
2537259.900000
2538109.900000
2539803.300000
2540198.100000
2540872.300000
2541135.250000
2542118.100000
2544112.750000
2546414.450000
2546480.600000
2547156.700000
2550298.550000
2551388.750000
2551661.000000
2551673.850000
2552308.500000
2553289.000000
2553294.600000
2553298.200000
2554036.300000
2555448.750000
2555970.350000
2556103.250000
2556711.550000
2559478.900000
2559484.950000
2559609.750000
2559611.750000
2559656.150000
2559890.850000
2560064.000000
2560988.550000
2560994.300000
2562224.750000
2562694.750000
2563478.550000
2563584.650000
2563791.650000
2565732.750000
2568291.100000
2569403.650000
2570600.550000
2573910.600000
2574369.450000
2574951.800000
2577744.000000
2580129.600000
2581911.850000
2584245.200000
2586214.600000
2586705.350000
2587991.450000
2588636.500000
2589274.200000
2589337.100000
2589655.350000
2590550.800000
2590645.400000
2590989.600000
2591295.650000
2591357.300000
2592411.200000
2593623.350000
2593739.600000
2595828.250000
2596149.150000
2600763.900000
2601098.000000
2601596.800000
2601671.900000
2601858.100000
2601912.300000
2602216.650000
2603686.800000
2604175.900000
2605902.450000
2606182.450000
2606997.750000
2607083.500000
2607102.300000
2608722.850000
2608990.050000
2613697.150000
2614298.900000
2614392.950000
2614404.850000
2617432.000000
2618089.050000
2618225.200000
2619058.200000
2619085.600000
2619737.000000
2620437.750000
2621794.200000
2624412.650000
2625751.650000
2627674.150000
2628682.050000
2633508.500000
2634208.100000
2634398.400000
2634760.850000
2635338.350000
2635345.750000
2635353.900000
2635432.400000
2635446.850000
2635530.350000
2635542.300000
2635551.650000
2635553.700000
2635564.450000
2635579.250000
2635596.200000
2635670.050000
2636205.250000
2636455.800000
2636486.850000
2636697.050000
2636732.700000
2637208.900000
2638130.450000
2639302.750000
2641021.500000
2641347.450000
2641722.150000
2641739.100000
2644116.850000
2644321.750000
2644328.700000
2644578.200000
2644623.850000
2644668.700000
2644672.850000
2644676.600000
2644906.650000
2644917.950000
2644967.300000
2645001.150000
2645033.850000
2645090.600000
2647723.400000
2648418.050000
2648522.900000
2648565.450000
2648618.400000
2649241.350000
2649323.500000
2650103.850000
2650124.100000
2650270.000000
2650969.400000
2650974.750000
2651194.850000
2651315.000000
2651541.700000
2651643.600000
2651768.700000
2652091.150000
2652470.800000
2653725.550000
2653798.800000
2655442.550000
2655635.550000
2655680.350000
2660299.300000
2660493.550000
2661019.250000
2662623.200000
2662999.300000
2664130.450000
2664424.250000
2666953.850000
2667065.000000
2668274.100000
2669366.550000
2670392.900000
2670420.450000
2670702.250000
2671058.050000
2671446.250000
2671463.700000
2671529.100000
2672611.100000
2672808.550000
2672875.600000
2673308.050000
2673491.350000
2673706.450000
2673981.200000
2674104.100000
2674107.350000
2674113.850000
2674208.200000
2674448.050000
2676900.850000
2678335.800000
2678456.550000
2678986.850000
2679014.050000
2679216.100000
2679792.800000
2679796.350000
2679797.400000
2682185.000000
2684175.150000
2684819.850000
2684835.700000
2687894.100000
2689484.600000
2694117.150000
2694423.800000
2694438.800000
2694504.400000
2694622.700000
2694780.450000
2696342.750000
2696993.750000
2697026.550000
2698097.800000
2700435.250000
2700496.300000
2702392.050000
2704076.200000
2706219.250000
2709147.850000
2709900.500000
2710294.450000
2710307.000000
2710321.100000
2710449.100000
2711033.800000
2711563.550000
2713506.200000
2713812.400000
2714020.300000
2714058.150000
2714954.150000
2720567.450000
2720713.300000
2721592.950000
2723894.300000
2724575.700000
2724602.850000
2725707.200000
2726000.600000
2726450.000000
2726467.000000
2726503.700000
2726510.850000
2726974.500000
2727082.450000
2727111.150000
2727141.100000
2727440.700000
2727828.900000
2727942.350000
2728447.900000
2728992.900000
2729975.900000
2730973.500000
2731083.450000
2731602.500000
2731604.150000
2731611.800000
2731615.450000
2732448.800000
2732453.700000
2737420.100000
2739153.400000
2739352.800000
2740390.050000
2741096.700000
2741579.550000
2741867.550000
2741871.800000
2742338.700000
2742354.800000
2743666.150000
2744271.000000
2746009.000000
2747475.500000
2749002.500000
2751233.650000
2751494.100000
2752450.400000
2752470.600000
2753575.500000
2753671.500000
2755398.600000
2755952.450000
2756379.550000
2756384.600000
2756722.150000
2756885.300000
2757115.750000
2758184.650000
2763993.550000
2764001.450000
2767386.200000
2767411.950000
2767423.750000
2768038.700000
2768799.450000
2769208.550000
2770094.000000
2770115.700000
2770962.750000
2772188.050000
2774521.000000
2775012.800000
2775564.750000
2776707.200000
2778500.200000
2779736.100000
2780419.750000
2780511.600000
2780712.400000
2783418.300000
2785357.400000
2785858.200000
2786347.900000
2786931.050000
2787282.550000
2787759.250000
2788080.050000
2788304.950000
2789294.150000
2792659.650000
2795787.300000
2795820.250000
2795830.700000
2795843.850000
2796171.750000
2796306.250000
2797052.500000
2797416.900000
2797743.450000
2797766.450000
2797782.600000
2797835.250000
2798001.550000
2799330.950000
2799340.900000
2800076.450000
2800086.550000
2800145.000000
2801143.350000
2801197.600000
2801212.650000
2801216.850000
2801400.750000
2801778.150000
2802661.500000
2803410.650000
2804540.500000
2805238.300000
2805726.950000
2806367.150000
2806396.250000
2808594.550000
2810758.150000
2811367.850000
2817417.500000
2817991.900000
2818483.550000
2819814.750000
2819828.050000
2820304.800000
2820933.600000
2821090.500000
2821211.400000
2826534.550000
2826556.350000
2826980.400000
2827810.150000
2829154.100000
2830350.300000
2833510.900000
2833518.850000
2833529.850000
2833550.900000
2833556.850000
2833602.500000
2836485.200000
2836609.950000
2836899.900000
2837605.750000
2837953.350000
2839487.400000
2839810.500000
2841172.850000
2841506.350000
2842696.150000
2843252.950000
2844603.150000
2844788.650000
2844806.500000
2846424.250000
2846916.600000
2847304.350000
2847375.300000
2847820.850000
2849369.600000
2849373.300000
2849428.500000
2849704.100000
2849862.450000
2849925.150000
2849953.600000
2849961.750000
2850220.050000
2850229.050000
2850299.700000
2851294.650000
2851336.250000
2851343.050000
2851464.950000
2852143.750000
2852188.450000
2852320.350000
2852323.500000
2852337.500000
2852345.050000
2852354.800000
2852359.550000
2852606.950000
2852618.500000
2852625.000000
2854340.200000
2859025.200000
2859031.250000
2859036.350000
2859228.750000
2859236.500000
2859388.800000
2860344.550000
2860617.000000
2860795.700000
2860812.000000
2860827.550000
2860927.350000
2862129.950000
2862146.900000
2862491.950000
2862656.050000
2863948.000000
2864379.650000
2865260.450000
2865614.200000
2866649.700000
2867484.650000
2867498.300000
2868396.900000
2868731.500000
2869428.300000
2869782.850000
2869986.700000
2870459.750000
2870933.350000
2871593.900000
2873556.350000
2876911.200000
2877846.450000
2877863.700000
2879080.950000
2879119.150000
2880517.150000
2880654.550000
2882363.850000
2883340.800000
2885446.000000
2885447.950000
2886362.700000
2886488.050000
2886905.750000
2887347.500000
2887348.550000
2888504.000000
2888632.900000
2889280.000000
2889841.600000
2889873.100000
2890319.900000
2890469.300000
2890502.750000
2890846.850000
2890878.300000
2893573.800000
2893578.550000
2894181.150000
2895831.150000
2899274.200000
2902071.250000
2902307.800000
2902755.100000
2903216.850000
2904084.500000
2904089.100000
2904216.300000
2905292.000000
2905306.200000
2905432.400000
2908622.550000
2911975.050000
2912470.550000
2913675.400000
2913710.050000
2913836.400000
2914491.750000
2914649.500000
2915198.100000
2915554.550000
2915837.100000
2916465.650000
2916539.050000
2916830.450000
2917169.100000
2917981.500000
2918544.300000
2918691.250000
2919284.100000
2920031.550000
2920039.100000
2920040.400000
2920399.100000
2925024.100000
2925173.600000
2925213.250000
2925988.450000
2926248.150000
2926305.800000
2927823.450000
2927876.050000
2929217.500000
2930278.100000
2930560.100000
2930866.300000
2931652.950000
2931703.000000
2931828.250000
2932345.950000
2933404.450000
2933918.850000
2934963.600000
2935440.450000
2935458.050000
2937748.250000
2937912.150000
2939139.600000
2939938.050000
2940461.000000
2942101.950000
2943464.400000
2946656.300000
2950154.050000
2950377.650000
2950882.400000
2958596.850000
2958792.400000
2959313.300000
2959318.150000
2961029.650000
2961088.150000
2961579.600000
2962302.250000
2962398.100000
2962403.800000
2964926.350000
2965975.700000
2966033.600000
2966099.750000
2966103.950000
2966107.500000
2966112.400000
2966116.600000
2966134.950000
2968229.300000
2969169.300000
2970518.450000
2971944.400000
2974325.550000
2975129.250000
2976475.250000
2977371.200000
2978835.700000
2979802.500000
2979822.350000
2979828.400000
2980138.300000
2981447.150000
2981472.450000
2982383.150000
2984321.950000
2984422.900000
2984462.650000
2985375.000000
2986869.200000
2987482.200000
2988958.100000
2989496.150000
2989622.000000
2991919.050000
2992156.250000
2992213.350000
2993772.550000
2994154.650000
2994538.750000
2994609.650000
2994881.650000
2995071.800000
2995769.750000
2995771.250000
3000405.000000
3004377.300000
3005204.000000
3005608.500000
3005631.400000
3005638.000000
3006286.950000
3007188.300000
3015026.800000
3015032.100000
3019512.600000
3020023.500000
3021367.200000
3024750.650000
3025144.150000
3027787.700000
3028046.450000
3028077.250000
3028110.100000
3028595.850000
3028924.450000
3029839.200000
3030144.750000
3032316.100000
3032321.300000
3032346.600000
3033554.600000
3033985.700000
3034597.450000
3034971.000000
3034996.200000
3035084.850000
3035387.700000
3035561.850000
3035570.200000
3035581.450000
3035614.900000
3036167.100000
3037387.700000
3038063.050000
3038066.200000
3038070.300000
3038083.050000
3038126.600000
3038401.000000
3038516.950000
3038531.100000
3038553.850000
3038563.200000
3038603.250000
3039063.750000
3039661.500000
3039663.000000
3040128.300000
3040311.200000
3040588.900000
3040706.650000
3044316.600000
3047365.750000
3052071.450000
3052092.750000
3052729.950000
3053829.200000
3053834.250000
3053841.350000
3053966.450000
3055868.300000
3056254.350000
3056833.550000
3058147.550000
3058345.250000
3058428.250000
3058445.350000
3058454.850000
3058458.300000
3058469.800000
3062214.500000
3062983.550000
3063958.400000
3064644.050000
3066067.950000
3066117.300000
3066346.300000
3066379.550000
3066385.600000
3066387.250000
3066388.900000
3069122.350000
3069459.000000
3069480.750000
3069488.950000
3069519.250000
3070215.900000
3070441.800000
3071730.500000
3071750.700000
3072474.600000
3072888.550000
3072895.550000
3074865.800000
3075360.550000
3076910.350000
3077116.400000
3078989.950000
3079619.000000
3080397.450000
3081037.650000
3082050.400000
3082790.250000
3082972.350000
3083805.050000
3083879.550000
3084115.600000
3084746.900000
3084916.750000
3084980.800000
3085450.850000
3087484.900000
3093182.200000
3095251.600000
3095274.500000
3095281.450000
3095288.300000
3097874.200000
3097893.400000
3097929.750000
3097994.500000
3098024.450000
3098364.950000
3100075.500000
3106115.450000
3106139.650000
3109356.700000
3111345.950000
3112490.000000
3116012.050000
3119174.350000
3119178.050000
3121258.850000
3122280.400000
3122284.050000
3122440.850000
3122955.500000
3125531.400000
3127251.900000
3127257.450000
3127267.050000
3127276.500000
3127294.450000
3127407.800000
3127536.600000
3128047.600000
3128068.300000
3128546.000000
3128913.800000
3130660.200000
3131650.300000
3132073.400000
3133142.300000
3133356.350000
3134217.750000
3134721.300000
3136153.650000
3136911.850000
3137129.150000
3139402.800000
3139965.950000
3139980.300000
3143348.850000
3145021.700000
3145366.700000
3145521.400000
3146725.350000
3146775.400000
3146827.400000
3147740.350000
3147758.100000
3147904.650000
3147947.350000
3147978.400000
3148074.950000
3148796.250000
3149466.850000
3151014.400000
3151110.350000
3151117.650000
3151193.900000
3151671.550000
3152338.450000
3152440.100000
3153534.650000
3153551.750000
3153560.700000
3154609.550000
3154613.250000
3155037.550000
3155092.600000
3155924.100000
3156642.750000
3156868.700000
3156899.500000
3157522.150000
3161955.350000
3161970.350000
3162960.950000
3163521.200000
3164620.250000
3166046.550000
3166722.000000
3168203.050000
3169785.700000
3169800.200000
3171189.700000
3171660.850000
3171800.250000
3171808.650000
3171812.550000
3171863.400000
3174681.100000
3174957.600000
3175613.600000
3176085.500000
3179590.850000
3179594.650000
3180601.100000
3181822.100000
3182491.950000
3182872.150000
3182879.100000
3183068.650000
3183940.050000
3184602.100000
3185240.750000
3185242.600000
3185724.150000
3185997.150000
3186323.300000
3188897.350000
3188905.350000
3189176.500000
3189305.350000
3189323.750000
3189363.300000
3191464.700000
3192363.150000
3194031.100000
3194157.900000
3194260.400000
3194945.500000
3196015.400000
3196278.650000
3196283.000000
3197609.150000
3200828.900000
3204240.200000
3206132.100000
3206459.950000
3208431.200000
3212178.750000
3213455.200000
3213470.150000
3215013.550000
3215108.100000
3216234.800000
3216679.100000
3216687.200000
3217453.900000
3217592.500000
3217655.600000
3218714.350000
3218798.750000
3219298.350000
3219616.350000
3221539.950000
3225428.850000
3226051.100000
3226458.850000
3227123.800000
3228055.200000
3228846.250000
3232611.000000
3232997.450000
3233010.700000
3233332.550000
3234136.400000
3234141.250000
3234174.550000
3234249.400000
3234254.050000
3234260.350000
3234288.300000
3234463.350000
3234645.800000
3235080.500000
3235209.250000
3235221.150000
3235227.500000
3235232.650000
3235243.350000
3235446.250000
3235455.350000
3235478.150000
3235514.250000
3236296.700000
3242212.200000
3243683.750000
3246626.250000
3246638.050000
3247355.850000
3248388.500000
3248872.800000
3249469.000000
3249869.950000
3249966.550000
3251078.950000
3254341.600000
3254347.000000
3254878.700000
3255658.350000
3259981.050000
3260684.700000
3261167.450000
3262091.350000
3262236.300000
3262257.050000
3263930.950000
3263935.800000
3266535.300000
3267265.600000
3267338.500000
3268472.900000
3268748.100000
3269264.450000
3269812.900000
3270980.850000
3270984.650000
3274267.700000
3275853.450000
3275857.700000
3277457.000000
3278271.750000
3278955.350000
3280128.400000
3280596.000000
3280820.600000
3280961.350000
3281506.050000
3282025.150000
3282030.450000
3282054.600000
3282059.200000
3282062.650000
3282085.200000
3282100.550000
3285883.050000
3286384.150000
3286905.500000
3287127.100000
3287786.800000
3287883.100000
3287958.950000
3288903.700000
3291199.250000
3291412.750000
3292477.600000
3293384.100000
3293557.050000
3294243.450000
3295991.900000
3296284.450000
3296626.800000
3296813.050000
3296977.200000
3297009.400000
3297357.250000
3298883.100000
3299021.050000
3299132.000000
3299199.100000
3300227.750000
3302386.400000
3305833.050000
3309255.150000
3311503.000000
3313220.000000
3313282.200000
3313285.050000
3315875.200000
3315894.200000
3318377.900000
3318908.350000
3324647.500000
3325062.300000
3327351.600000
3327496.250000
3327514.150000
3328508.150000
3330232.500000
3330235.150000
3332514.350000
3333076.450000
3333492.150000
3334105.600000
3334318.550000
3334657.450000
3334929.050000
3335140.300000
3335148.550000
3335174.300000
3335732.550000
3336359.700000
3336863.950000
3336865.800000
3337113.550000
3337860.750000
3338924.250000
3339041.500000
3342254.850000
3342402.200000
3342769.500000
3343058.100000
3344191.700000
3344235.650000
3344389.450000
3345954.750000
3345964.150000
3347135.300000
3347316.550000
3348400.900000
3348423.200000
3351024.350000
3351582.150000
3352216.200000
3353001.400000
3353233.350000
3353489.900000
3353517.100000
3354743.200000
3354916.600000
3356427.250000
3357890.850000
3357955.750000
3358253.750000
3358549.300000
3358563.050000
3359406.800000
3359411.600000
3363657.250000
3364026.850000
3364036.000000
3364461.400000
3365809.750000
3366392.600000
3366393.200000
3366868.600000
3367351.900000
3367706.650000
3367712.350000
3367737.800000
3367820.300000
3368102.650000
3370382.350000
3370405.750000
3370741.850000
3371364.400000
3371469.850000
3372351.200000
3372419.400000
3372425.250000
3372429.950000
3372432.800000
3372457.150000
3372501.000000
3372692.000000
3373517.450000
3373979.050000
3373987.550000
3373995.150000
3374209.500000
3374218.750000
3374645.300000
3375062.200000
3375241.000000
3375314.900000
3375953.250000
3376388.950000
3377346.050000
3379092.150000
3380041.700000
3382816.450000
3384746.700000
3384766.100000
3386593.750000
3388474.600000
3391547.250000
3391603.700000
3392273.800000
3392300.600000
3392371.250000
3396246.050000
3396351.550000
3396386.150000
3397403.100000
3397795.350000
3398006.550000
3398063.550000
3398267.900000
3398277.450000
3398319.700000
3400133.700000
3403431.500000
3403775.300000
3405843.850000
3406838.200000
3408707.050000
3412666.100000
3413321.800000
3413764.650000
3414360.500000
3414767.150000
3414994.700000
3415431.500000
3415946.500000
3416635.150000
3420188.500000
3422045.200000
3422776.750000
3422868.950000
3422891.050000
3423833.500000
3423838.700000
3424315.450000
3424324.350000
3424610.800000
3427029.950000
3427038.750000
3428044.650000
3428187.750000
3428455.850000
3430085.050000
3430964.550000
3431102.500000
3431560.550000
3433279.100000
3435068.450000
3435285.100000
3436872.500000
3437860.150000
3438305.550000
3442119.500000
3443103.400000
3443491.250000
3443782.300000
3445425.000000
3446979.250000
3447261.250000
3447735.100000
3447743.450000
3448097.200000
3448116.100000
3449043.400000
3449073.900000
3449076.750000
3449087.400000
3449835.550000
3449839.150000
3450312.100000
3454696.500000
3455306.600000
3455419.700000
3457265.000000
3459916.650000
3459955.450000
3462613.700000
3462642.150000
3462644.400000
3463292.000000
3464075.350000
3464635.850000
3466350.400000
3467018.850000
3469374.950000
3470003.100000
3470866.600000
3471124.850000
3471359.550000
3471926.800000
3473731.750000
3473941.100000
3475441.950000
3477463.950000
3477626.550000
3479202.600000
3479236.850000
3480606.550000
3483562.200000
3483888.750000
3486549.250000
3487053.350000
3487271.400000
3487315.600000
3490892.000000
3491947.250000
3493081.800000
3493232.950000
3494081.050000
3494910.850000
3494928.200000
3495024.800000
3497520.300000
3498029.200000
3499140.000000
3499480.950000
3499495.950000
3499518.650000
3499831.850000
3499856.650000
3501197.600000
3501283.200000
3501299.350000
3502658.900000
3502661.700000
3502665.700000
3503877.300000
3503887.600000
3504316.800000
3504656.100000
3504769.300000
3505033.700000
3505088.400000
3505864.250000
3506652.700000
3507301.300000
3507883.450000
3509321.100000
3509728.250000
3509761.850000
3510231.050000
3510426.600000
3515482.000000
3515487.550000
3515532.200000
3515624.900000
3515632.600000
3515780.600000
3515907.150000
3517248.700000
3517531.000000
3519281.100000
3520574.350000
3521668.900000
3521822.950000
3521933.200000
3521951.950000
3522265.350000
3522667.500000
3523282.500000
3523734.300000
3524938.500000
3525592.350000
3525728.250000
3525741.850000
3526524.200000
3526527.750000
3526572.400000
3526575.550000
3527342.300000
3530708.950000
3530721.200000
3530724.400000
3531004.550000
3531011.900000
3531608.200000
3533295.200000
3533562.450000
3534038.900000
3534089.150000
3534740.300000
3536060.400000
3537182.550000
3537665.800000
3538562.050000
3539612.250000
3540012.800000
3540455.800000
3540664.850000
3541231.100000
3542325.000000
3542477.250000
3542551.450000
3545362.700000
3547497.050000
3549043.100000
3550922.200000
3551052.300000
3552515.750000
3552556.000000
3552690.500000
3554043.600000
3554060.100000
3554131.700000
3554696.300000
3555930.150000
3556386.400000
3556504.750000
3557600.800000
3557616.700000
3558527.700000
3563503.500000
3564983.450000
3565962.900000
3567592.000000
3567671.150000
3567734.450000
3568124.600000
3568197.650000
3570008.900000
3570836.850000
3571080.700000
3571846.000000
3571883.000000
3572438.250000
3572989.750000
3573117.700000
3574223.800000
3574812.550000
3574815.250000
3575438.000000
3576983.700000
3578644.350000
3579696.350000
3581748.100000
3582283.400000
3583225.000000
3583275.100000
3583682.050000
3583906.550000
3584021.300000
3584070.950000
3584163.700000
3585127.550000
3585340.300000
3587385.450000
3589332.750000
3590008.750000
3593388.950000
3595059.600000
3595065.600000
3595435.000000
3595759.300000
3598530.800000
3598601.150000
3598609.900000
3598898.050000
3599634.350000
