35932.550000
36631.650000
42534.800000
42547.350000
46597.250000
58887.850000
61783.550000
61815.150000
61825.500000
64966.000000
64978.800000
67658.250000
69001.250000
69723.050000
69731.100000
69739.000000
69746.150000
81294.550000
81303.100000
81309.350000
81317.250000
94617.800000
95759.150000
177784.000000
207083.300000
207095.650000
207102.250000
207113.800000
207121.500000
207568.200000
213079.250000
217297.050000
218991.600000
219009.450000
221546.700000
242795.800000
243233.400000
243242.650000
245874.400000
251478.500000
270199.850000
270209.600000
270223.900000
270233.300000
274468.050000
280633.650000
282542.850000
282550.700000
302935.700000
314991.800000
343882.700000
352271.350000
352691.550000
353355.100000
359731.000000
386930.550000
424253.600000
433353.850000
471817.750000
556377.450000
558965.100000
568180.050000
568191.700000
568513.750000
570734.950000
573293.250000
574858.000000
574866.450000
574874.950000
581303.700000
581886.000000
663418.900000
671928.850000
672523.450000
695534.800000
707975.750000
751167.100000
785795.200000
792396.750000
796831.250000
798733.000000
819709.700000
822476.850000
831490.150000
831496.750000
845516.250000
874654.850000
877438.600000
895967.350000
899375.350000
908447.800000
915952.350000
918599.650000
921053.100000
926698.950000
927002.650000
930283.450000
947603.150000
952001.950000
952013.650000
952022.800000
953161.050000
953809.600000
959114.700000
962303.200000
966869.250000
977650.000000
978568.100000
980069.800000
983414.950000
983422.400000
983428.800000
992239.650000
994026.150000
994036.450000
1002599.300000
1007709.700000
1019921.800000
1022104.000000
1029115.300000
1030255.100000
1032559.750000
1045661.600000
1050613.850000
1067900.200000
1085347.200000
1102617.700000
1137866.000000
1141804.750000
1156249.000000
1157520.200000
1162277.050000
1164189.150000
1164203.400000
1164210.300000
1164216.800000
1164223.200000
1176317.200000
1177373.900000
1178273.900000
1179987.450000
1182043.300000
1186826.650000
1186988.950000
1187002.150000
1190938.900000
1201867.100000
1225707.800000
1232516.600000
1232527.400000
1232543.150000
1244030.550000
1248556.150000
1248569.300000
1248582.700000
1261195.500000
1261202.600000
1261209.350000
1261216.300000
1261223.100000
1265458.600000
1266165.250000
1269659.150000
1281671.100000
1295746.600000
1317310.000000
1319634.200000
1325672.750000
1325687.450000
1330141.950000
1330157.650000
1335653.600000
1336701.650000
1344943.300000
1344953.300000
1350524.100000
1352289.550000
1357506.150000
1357541.200000
1360977.050000
1366041.600000
1368545.750000
1368553.050000
1369895.500000
1374602.550000
1384273.000000
1385375.150000
1391178.750000
1394208.300000
1400991.900000
1402247.750000
1402739.300000
1403438.100000
1405853.950000
1405867.500000
1408133.350000
1408134.700000
1416083.850000
1419763.450000
1420035.150000
1420050.950000
1423877.650000
1423890.000000
1423900.950000
1424790.350000
1435290.950000
1441272.300000
1443494.550000
1443865.050000
1446034.550000
1448245.150000
1451443.150000
1525185.850000
1531851.050000
1539354.500000
1546218.800000
1546252.650000
1546259.650000
1546268.800000
1560209.200000
1589967.150000
1589982.450000
1589989.200000
1597436.800000
1597443.400000
1601384.350000
1601398.000000
1611159.050000
1616818.700000
1619772.350000
1622495.050000
1624098.050000
1626416.300000
1627859.050000
1630779.800000
1632713.900000
1636559.350000
1636583.250000
1643045.050000
1645835.900000
1646642.750000
1648468.600000
1651982.100000
1661146.000000
1666478.700000
1672236.950000
1676640.850000
1679092.150000
1682796.100000
1684126.550000
1684186.100000
1684191.250000
1684196.100000
1684201.700000
1684207.200000
1684227.250000
1684234.000000
1685439.950000
1688019.850000
1688027.950000
1699818.350000
1699826.500000
1710321.900000
1714681.750000
1715183.850000
1715368.050000
1717972.750000
1719713.950000
1722666.400000
1736436.050000
1736449.200000
1736456.000000
1741357.450000
1744551.700000
1749908.800000
1754397.950000
1756739.500000
1763912.150000
1770229.100000
1770741.450000
1772712.800000
1776996.300000
1777864.350000
1807089.550000
1808053.550000
1808063.900000
1808076.800000
1809540.600000
1811124.450000
1816892.800000
1820020.400000
1824575.400000
1825717.600000
1839663.900000
1843322.450000
1854452.400000
1858932.600000
1858940.550000
1858947.150000
1862094.550000
1866327.400000
1875119.000000
1876041.100000
1879854.900000
1885155.100000
1889240.100000
1889253.150000
1890476.650000
1892565.850000
1894041.150000
1894408.050000
1895439.350000
1900254.600000
1900265.200000
1922423.550000
1922869.550000
1922894.050000
1925155.500000
1932378.250000
1932388.000000
1934307.500000
1935584.950000
1943253.800000
1947481.900000
1947495.000000
1952702.350000
1957989.450000
1960338.400000
1975931.400000
1985986.600000
1988885.800000
1989244.800000
1991541.550000
1992852.950000
2009354.900000
2012717.650000
2014349.000000
2017562.100000
2019917.050000
2032946.950000
2033687.300000
2034269.550000
2045241.100000
2047585.150000
2049439.900000
2049449.200000
2053341.450000
2053979.200000
2054308.850000
2054418.150000
2060300.850000
2072622.650000
2077687.050000
2078605.300000
2084767.200000
2090665.900000
2104839.450000
2109775.850000
2113630.750000
2117770.650000
2124940.850000
2132331.950000
2132341.900000
2133965.550000
2135529.450000
2135978.000000
2136557.100000
2138877.100000
2138973.100000
2154053.700000
2160407.400000
2164625.500000
2164644.150000
2164651.250000
2172694.450000
2182308.250000
2182323.100000
2182957.850000
2188203.350000
2203239.600000
2221803.000000
2222181.350000
2226935.650000
2232123.200000
2233089.650000
2240871.100000
2241415.200000
2242266.950000
2242846.450000
2246938.000000
2250070.450000
2254426.900000
2264332.050000
2270223.900000
2270321.600000
2281499.950000
2288732.250000
2294799.350000
2300400.350000
2301294.300000
2310805.550000
2312786.850000
2315040.950000
2316928.050000
2319866.850000
2322317.600000
2322326.650000
2335935.700000
2341372.350000
2355819.050000
2366002.750000
2371800.650000
2374808.100000
2375512.100000
2382918.350000
2392033.450000
2398998.200000
2400591.900000
2402651.650000
2402662.050000
2404489.100000
2410593.100000
2414974.600000
2427775.300000
2427791.550000
2431117.300000
2435295.750000
2436835.250000
2438752.200000
2443057.350000
2443984.300000
2457534.950000
2457653.850000
2465136.000000
2465232.350000
2469094.000000
2475069.850000
2475461.650000
2487093.300000
2487913.950000
2487928.050000
2495966.200000
2495992.750000
2501772.900000
2505290.000000
2505693.750000
2510615.800000
2515411.000000
2517601.050000
2524226.700000
2524241.650000
2525147.300000
2533061.800000
2546857.250000
2551057.000000
2561274.450000
2563045.700000
2563060.350000
2563070.150000
2563080.850000
2563630.000000
2577233.600000
2588192.750000
2588203.550000
2590417.550000
2591732.850000
2592637.300000
2604363.950000
2605537.000000
2612509.000000
2620613.800000
2624689.400000
2624701.250000
2647656.350000
2648315.050000
2659607.200000
2665330.050000
2669386.500000
2669391.250000
2669479.400000
2669488.950000
2669496.550000
2673024.100000
2673035.650000
2674909.900000
2675110.950000
2676545.050000
2681277.750000
2686048.950000
2694676.450000
2698431.900000
2700999.100000
2709986.250000
2712684.000000
2713305.300000
2719282.300000
2722889.650000
2727708.600000
2731599.950000
2750589.000000
2757577.000000
2770746.700000
2773752.000000
2787129.350000
2788727.950000
2788738.000000
2792717.750000
2792729.250000
2801357.300000
2802638.150000
2807395.750000
2808147.450000
2808522.850000
2818297.700000
2823655.550000
2824146.200000
2834816.450000
2834832.900000
2853785.650000
2857638.950000
2860622.650000
2875335.150000
2878851.900000
2880650.650000
2881048.100000
2884203.150000
2884539.150000
2884920.850000
2891733.650000
2891984.600000
2892453.700000
2894662.350000
2903510.300000
2903528.500000
2904183.050000
2904191.750000
2907497.850000
2915782.500000
2917182.400000
2918068.100000
2921780.000000
2924727.000000
2925611.700000
2929029.950000
2935065.250000
2946188.400000
2951881.300000
2954177.150000
2957227.500000
2959769.000000
2959774.550000
2960988.100000
2967502.850000
2969441.450000
2977444.800000
2977462.150000
2979315.900000
2982194.250000
2983738.850000
2990375.050000
3001003.400000
3009035.950000
3010603.000000
3011758.550000
3013112.250000
3022073.950000
3022531.350000
3027352.150000
3036096.200000
3040736.100000
3044964.500000
3053004.500000
3055868.400000
3057885.100000
3061000.600000
3061921.400000
3069149.600000
3072601.750000
3085394.850000
3093063.200000
3095152.150000
3103515.550000
3104544.200000
3106594.800000
3106616.000000
3116296.900000
3118453.050000
3123324.750000
3123362.050000
3126636.300000
3128910.750000
3135063.050000
3154285.100000
3157067.000000
3157214.600000
3158488.450000
3159614.650000
3160487.300000
3164944.600000
3166094.000000
3171811.650000
3173982.150000
3174606.800000
3174621.350000
3177147.250000
3177164.750000
3178934.500000
3188559.800000
3191805.400000
3192948.500000
3196171.600000
3196900.900000
3199028.650000
3202038.050000
3220376.900000
3220397.650000
3220413.650000
3230673.350000
3231971.100000
3237306.000000
3240758.050000
3241563.900000
3241685.000000
3241696.950000
3241704.650000
3241712.000000
3241717.950000
3251993.050000
3252008.950000
3257100.800000
3267509.650000
3280928.500000
3281449.300000
3284684.100000
3298867.300000
3317108.750000
3320152.400000
3328963.250000
3329999.650000
3331218.800000
3338030.900000
3341446.200000
3343573.500000
3357520.500000
3360819.550000
3372979.600000
3373417.550000
3375598.700000
3375613.200000
3376824.400000
3385877.300000
3388398.050000
3390975.150000
3391244.550000
3392271.450000
3392347.250000
3395998.350000
3412777.950000
3412789.800000
3412799.800000
3417381.850000
3419489.400000
3422577.650000
3432562.750000
3433481.250000
3433498.700000
3433507.250000
3441404.900000
3442030.950000
3445366.150000
3447953.300000
3450853.500000
3452221.800000
3452855.100000
3458151.200000
3459371.950000
3459677.850000
3464814.800000
3464846.200000
3464854.850000
3464865.200000
3472244.200000
3490950.100000
3502413.450000
3504777.050000
3510999.750000
3513567.250000
3513642.550000
3518389.700000
3518856.700000
3518870.950000
3522257.200000
3522285.750000
3522653.950000
3523097.250000
3528416.950000
3528453.150000
3530674.100000
3533074.400000
3540982.850000
3542102.000000
3544932.400000
3546427.850000
3555746.500000
3556303.250000
3560974.100000
3572386.150000
3580285.950000
3586502.500000
3593239.400000
