434.850000
2955.700000
20303.400000
20315.650000
20839.900000
26180.450000
27242.300000
27570.250000
28165.950000
28171.050000
30807.800000
32403.850000
33940.950000
33946.150000
33952.250000
35941.950000
35946.300000
35951.400000
36237.650000
41918.050000
43604.100000
45560.550000
46538.300000
46587.250000
47392.950000
48032.600000
49674.450000
54470.350000
54989.600000
55317.800000
55814.550000
56447.350000
58924.300000
63099.500000
64175.800000
64245.550000
64593.900000
64977.900000
65206.550000
67208.750000
67777.250000
68996.650000
70393.300000
70695.800000
70738.150000
74757.800000
75209.150000
76948.150000
76958.400000
77599.300000
77647.100000
78513.600000
79858.800000
81308.950000
81871.850000
81883.850000
81918.550000
82968.150000
86678.250000
87829.750000
91317.950000
91335.400000
92370.600000
94882.950000
94967.750000
94980.250000
96434.450000
100757.800000
113242.750000
126245.700000
175029.900000
175560.150000
176740.850000
179112.800000
181697.150000
181721.050000
183646.750000
205348.900000
205362.150000
205366.500000
205372.450000
205864.450000
206124.050000
212897.250000
212918.300000
213798.650000
215289.750000
216007.150000
216011.350000
216136.300000
216145.450000
216309.850000
222081.250000
223677.300000
223682.250000
234653.000000
235077.300000
235550.950000
237988.250000
238000.200000
240310.300000
241805.450000
242597.600000
245794.350000
248380.400000
248386.300000
248389.800000
248428.650000
249134.200000
249160.250000
249177.650000
249818.600000
251036.050000
252710.150000
252854.850000
252891.500000
253862.650000
259041.800000
263792.550000
268055.050000
270176.600000
270188.500000
270193.350000
278617.600000
305900.150000
311016.600000
311101.650000
313032.800000
313377.250000
317902.800000
318873.150000
320176.400000
336645.050000
336778.450000
354965.900000
355365.700000
355434.300000
362844.650000
366667.200000
369914.200000
370599.750000
377974.800000
383520.450000
384667.500000
386906.800000
386911.550000
386926.250000
386943.100000
389928.800000
390000.450000
391965.100000
391972.450000
392104.850000
393181.550000
393440.500000
393444.850000
393459.950000
393495.900000
394195.300000
394222.600000
394232.200000
397108.050000
397131.650000
398700.350000
399024.350000
399987.700000
400443.500000
400466.850000
400471.450000
404380.150000
404509.100000
426386.250000
466696.600000
476247.500000
484454.750000
492839.300000
505150.300000
505157.500000
506334.850000
508464.700000
517220.450000
519506.550000
519844.100000
534350.050000
534647.300000
535273.300000
536335.400000
536478.850000
537034.100000
537038.000000
538072.300000
538078.500000
538082.900000
538169.650000
538315.650000
538859.850000
540136.700000
540182.500000
540257.100000
540704.350000
540726.100000
540732.250000
540917.100000
541894.500000
543315.950000
559273.600000
560121.000000
560125.500000
560128.850000
571043.300000
572568.450000
574314.050000
574388.900000
574729.300000
575975.550000
576237.200000
576438.350000
576475.700000
576486.650000
578380.650000
618971.550000
618980.350000
618983.650000
620357.800000
626066.350000
628374.500000
635184.250000
635188.900000
636724.350000
653027.000000
654416.700000
685784.750000
685818.750000
717458.400000
720047.100000
720068.000000
720072.000000
720077.600000
720399.550000
721174.450000
721261.550000
722497.150000
725848.100000
725920.250000
726190.550000
726502.450000
726558.550000
726701.800000
726778.100000
729024.350000
729093.500000
729110.600000
729121.250000
729846.850000
747432.150000
747458.100000
748709.050000
749079.950000
749116.500000
749142.600000
749831.950000
749863.100000
749868.700000
749928.700000
750367.100000
750550.500000
751287.650000
751320.150000
751385.550000
754592.500000
754597.050000
755083.850000
755269.950000
755496.250000
755503.550000
756807.250000
756821.600000
756827.500000
756866.450000
757241.100000
757579.000000
757944.800000
757955.300000
760722.850000
760733.150000
760746.650000
760877.850000
785896.800000
787625.650000
788520.100000
788551.250000
788557.300000
789329.250000
791571.450000
794457.550000
804130.150000
822668.950000
822710.250000
822967.300000
824523.650000
825322.750000
845108.600000
845509.350000
845957.600000
851197.400000
871445.200000
872566.150000
873620.700000
873625.500000
873629.000000
877171.450000
877182.300000
877208.800000
878252.450000
879372.600000
882986.050000
909873.550000
920080.400000
920328.700000
920352.200000
926994.800000
949121.550000
949126.450000
950358.050000
950788.250000
951617.800000
957260.450000
959053.050000
959059.200000
959062.450000
959466.000000
962279.150000
962983.950000
962992.400000
965138.500000
965144.150000
965364.900000
968511.850000
971741.500000
971755.300000
971766.100000
981661.950000
985510.650000
986662.100000
986667.600000
986670.750000
989033.700000
992572.300000
999164.500000
1001243.600000
1002409.200000
1002597.600000
1007471.600000
1020259.900000
1020765.350000
1020859.550000
1031066.200000
1060352.950000
1060380.750000
1080352.300000
1080356.750000
1088493.850000
1088846.200000
1088871.850000
1088876.450000
1089365.900000
1091031.500000
1091251.000000
1135463.550000
1137635.450000
1139448.000000
1139902.350000
1139905.600000
1140579.250000
1140583.000000
1140779.550000
1140971.400000
1140975.250000
1152111.850000
1156294.750000
1156407.950000
1157539.250000
1157545.550000
1160631.900000
1161363.350000
1163716.350000
1166958.850000
1167995.900000
1168042.050000
1168078.500000
1168296.300000
1168299.900000
1175483.450000
1181155.000000
1183318.650000
1183324.950000
1188864.600000
1189192.850000
1190926.500000
1191273.800000
1193765.850000
1193934.650000
1193955.850000
1194043.700000
1250119.750000
1252669.100000
1253489.600000
1254814.950000
1255095.700000
1256319.350000
1263720.850000
1268418.600000
1269346.500000
1269351.550000
1269355.100000
1269451.050000
1269456.400000
1269495.550000
1271218.100000
1272063.150000
1289313.000000
1289320.650000
1290078.300000
1294882.400000
1295490.950000
1295507.000000
1295660.650000
1296986.150000
1297076.150000
1297087.000000
1300915.650000
1300924.400000
1301059.650000
1302902.050000
1303481.500000
1303489.300000
1303526.500000
1316050.700000
1316065.050000
1320080.750000
1321933.350000
1322057.100000
1322072.800000
1322090.200000
1322582.900000
1322980.550000
1325457.750000
1325811.250000
1325817.300000
1325821.100000
1326873.200000
1326891.800000
1331480.100000
1332312.000000
1332436.400000
1342291.450000
1344365.100000
1345277.450000
1347330.450000
1347360.400000
1347401.750000
1350513.600000
1350617.200000
1351502.100000
1356909.050000
1357309.500000
1357332.950000
1357338.950000
1357925.300000
1358134.750000
1358613.250000
1359200.200000
1360943.650000
1360947.550000
1362354.250000
1362386.750000
1367339.400000
1370628.650000
1370640.900000
1371142.550000
1373150.450000
1377306.700000
1377310.900000
1377315.850000
1377477.750000
1381266.400000
1382361.800000
1382371.650000
1383121.200000
1385095.050000
1388757.300000
1389861.000000
1389951.550000
1389956.600000
1391243.600000
1408451.000000
1408463.400000
1409158.550000
1415927.000000
1415931.650000
1415935.100000
1417819.100000
1417826.400000
1448999.950000
1452324.750000
1452415.050000
1454168.650000
1507445.150000
1538359.900000
1550135.300000
1550560.750000
1550978.200000
1550990.350000
1550995.000000
1550998.850000
1551892.500000
1552338.550000
1557505.550000
1557511.550000
1559064.450000
1559177.950000
1559250.100000
1559254.600000
1560372.250000
1560540.400000
1564531.650000
1565301.950000
1565471.300000
1566212.950000
1589914.600000
1589928.550000
1589932.850000
1589937.900000
1591102.350000
1596113.250000
1596923.900000
1597432.700000
1598321.250000
1598797.850000
1615034.500000
1615325.450000
1615380.750000
1615386.300000
1615899.600000
1622227.100000
1622232.300000
1622236.550000
1629246.500000
1632565.850000
1633247.800000
1633427.050000
1639951.000000
1639996.300000
1640002.700000
1640095.100000
1640105.550000
1648591.550000
1650086.200000
1656151.050000
1656158.550000
1656235.750000
1656708.950000
1656712.900000
1668448.100000
1669661.150000
1669665.400000
1669680.850000
1671184.100000
1672047.650000
1674581.450000
1675417.600000
1676859.300000
1680461.050000
1680958.200000
1681031.500000
1682420.100000
1682441.100000
1682447.450000
1682469.450000
1684296.450000
1685647.300000
1687240.050000
1687571.900000
1687586.250000
1689618.650000
1699625.150000
1720804.700000
1736336.650000
1736386.050000
1736410.800000
1744469.750000
1745697.050000
1745700.850000
1745715.400000
1745718.550000
1746905.950000
1747750.300000
1748057.500000
1749788.700000
1750201.050000
1750962.450000
1751221.800000
1751225.950000
1773419.750000
1783295.800000
1783888.450000
1783895.550000
1783899.550000
1804218.200000
1805496.300000
1833615.050000
1833622.350000
1851299.350000
1851518.250000
1851718.200000
1853123.500000
1853888.250000
1854113.100000
1854540.200000
1854825.350000
1855750.050000
1855754.150000
1857046.400000
1862543.650000
1867530.100000
1868992.600000
1868999.000000
1873632.100000
1873852.900000
1873993.450000
1885553.250000
1889207.700000
1890716.800000
1891485.100000
1895794.700000
1902414.300000
1902994.650000
1916063.050000
1917592.500000
1917620.300000
1919697.650000
1919710.750000
1919716.800000
1925926.950000
1926301.900000
1928025.100000
1928044.900000
1932791.100000
1933588.700000
1936600.450000
1937332.950000
1937621.300000
1938004.500000
1938881.250000
1939824.350000
1940392.350000
1940502.700000
1940512.650000
1940635.700000
1940644.550000
1940866.950000
1940871.050000
1940877.700000
1941631.650000
1941636.350000
1945065.200000
1947606.950000
1947750.550000
1951635.700000
1953067.050000
1953154.700000
1954233.950000
1954281.800000
1954295.800000
1956856.450000
1958387.300000
1958416.100000
1989371.450000
1990900.950000
1992862.350000
1992869.700000
1993578.900000
1994870.400000
1994876.000000
1999499.900000
2002719.300000
2003876.800000
2004339.000000
2004350.900000
2004354.850000
2005351.050000
2006110.800000
2007827.100000
2007832.250000
2007836.000000
2008645.500000
2013115.650000
2014973.650000
2016458.550000
2019424.750000
2021402.950000
2023081.700000
2033234.050000
2034477.850000
2034516.700000
2034520.650000
2034524.750000
2034534.300000
2036330.300000
2036334.900000
2038525.650000
2094693.150000
2094744.550000
2103417.100000
2103650.550000
2103661.750000
2103665.300000
2103670.250000
2109972.500000
2109975.650000
2110553.400000
2113531.100000
2113534.600000
2127200.600000
2127276.550000
2130261.850000
2130297.400000
2134341.100000
2136911.150000
2142575.350000
2142578.700000
2142581.950000
2142585.600000
2154283.700000
2154650.900000
2154910.850000
2157221.500000
2158765.450000
2158770.200000
2160066.400000
2164737.950000
2167591.500000
2167598.650000
2167989.800000
2170872.600000
2172303.350000
2186167.800000
2186258.500000
2186710.050000
2187074.300000
2187082.600000
2187746.400000
2190147.050000
2190152.700000
2190452.150000
2191300.200000
2191340.900000
2191459.450000
2192702.300000
2192710.950000
2192718.200000
2196186.300000
2196194.100000
2196953.050000
2197738.450000
2198098.750000
2198273.600000
2198758.350000
2199256.650000
2201376.800000
2201384.550000
2201388.300000
2202601.400000
2219250.150000
2230066.250000
2232114.750000
2234847.850000
2234851.650000
2234886.400000
2235076.150000
2235106.600000
2242666.750000
2242680.100000
2242685.350000
2242689.100000
2248518.550000
2248736.100000
2249445.500000
2250272.200000
2256512.550000
2256533.250000
2256544.000000
2256548.450000
2257488.450000
2257530.400000
2258695.300000
2261168.650000
2261426.600000
2261473.000000
2263040.100000
2264563.400000
2268025.700000
2268031.850000
2277347.700000
2277625.750000
2277880.550000
2278063.650000
2278446.650000
2278917.550000
2278922.650000
2278925.900000
2278962.950000
2284247.850000
2286280.650000
2286446.650000
2286465.800000
2286469.850000
2287958.100000
2301140.900000
2314243.600000
2321539.550000
2321545.800000
2321549.650000
2321554.100000
2322264.750000
2322267.700000
2322271.400000
2322991.500000
2353072.350000
2375816.650000
2405855.800000
2407585.100000
2429380.000000
2435974.650000
2443053.100000
2443076.500000
2443610.400000
2451748.450000
2454113.000000
2457835.050000
2459729.650000
2460277.200000
2461422.600000
2461429.850000
2467999.700000
2468947.850000
2468969.650000
2470250.800000
2471581.200000
2474302.850000
2474518.950000
2474524.700000
2475086.250000
2475102.200000
2475636.900000
2487202.850000
2489414.600000
2489964.450000
2489973.700000
2489977.800000
2490832.250000
2495371.550000
2495768.400000
2495806.200000
2496208.050000
2502247.400000
2505177.250000
2505205.400000
2505243.150000
2505716.850000
2509701.850000
2510398.500000
2511160.500000
2511225.200000
2511891.850000
2511895.100000
2511900.450000
2518396.100000
2518616.800000
2523267.550000
2523859.450000
2524234.100000
2524538.750000
2524547.850000
2525182.800000
2525188.800000
2528539.350000
2528543.200000
2528944.050000
2528954.650000
2529546.950000
2529553.450000
2530708.950000
2530767.250000
2548858.100000
2548863.300000
2553037.500000
2553224.200000
2556493.100000
2556497.750000
2556501.550000
2560651.050000
2560976.250000
2562169.950000
2563606.700000
2563630.150000
2563638.100000
2565708.300000
2567338.350000
2567342.100000
2567432.250000
2567517.400000
2567520.700000
2568713.000000
2573122.150000
2573674.450000
2575229.250000
2575583.300000
2576023.400000
2576181.250000
2576193.150000
2576970.450000
2577045.400000
2578102.800000
2579762.200000
2579784.800000
2579863.000000
2579871.800000
2581783.200000
2584369.550000
2585531.950000
2585606.900000
2586768.300000
2589273.450000
2589278.850000
2590406.300000
2590426.600000
2593442.300000
2593533.850000
2593542.400000
2593590.700000
2593822.850000
2594667.800000
2594708.650000
2595386.300000
2595419.100000
2595424.100000
2595548.300000
2595942.350000
2595990.750000
2596045.700000
2596239.200000
2596363.300000
2596557.600000
2596827.600000
2597163.550000
2597512.500000
2597642.900000
2598031.950000
2598049.200000
2598365.300000
2598480.450000
2598703.300000
2598938.700000
2599427.900000
2599506.000000
2599570.300000
2600044.100000
2601150.950000
2601190.150000
2601213.550000
2603092.450000
2603103.550000
2605415.450000
2615241.050000
2615535.450000
2617724.200000
2617729.600000
2618294.950000
2622956.700000
2624883.800000
2624940.600000
2625197.750000
2625225.100000
2625233.750000
2626506.300000
2626512.150000
2626842.700000
2627361.900000
2627521.600000
2628051.200000
2628145.350000
2628539.100000
2628636.000000
2628765.650000
2628949.350000
2629204.050000
2629696.450000
2629915.050000
2630529.300000
2630722.250000
2630818.500000
2630825.250000
2631097.650000
2631160.100000
2631202.050000
2631325.500000
2631355.150000
2631516.650000
2632186.500000
2635328.950000
2636482.900000
2636486.850000
2637950.900000
2637962.150000
2637974.150000
2638222.900000
2639364.850000
2640846.700000
2645486.900000
2650913.650000
2651686.150000
2652496.650000
2653719.350000
2653725.550000
2656785.250000
2657013.150000
2657108.550000
2657145.950000
2657277.650000
2657324.550000
2657362.500000
2659664.350000
2659669.250000
2663848.200000
2672508.100000
2672713.200000
2674715.900000
2677645.100000
2677657.950000
2681915.900000
2681921.100000
2682843.500000
2682893.150000
2683424.450000
2684113.250000
2686793.350000
2687087.600000
2687118.750000
2687236.050000
2687323.700000
2687423.900000
2687488.550000
2687567.950000
2687647.700000
2687662.700000
2688042.300000
2688196.800000
2693716.050000
2693994.500000
2694474.250000
2696396.450000
2696721.350000
2696737.500000
2696744.950000
2696763.300000
2697081.100000
2697907.950000
2698067.950000
2698085.300000
2698118.850000
2698238.550000
2698434.450000
2698717.650000
2699269.150000
2701970.600000
2701994.950000
2702426.350000
2702489.900000
2702518.500000
2702758.350000
2703958.050000
2704377.550000
2704385.600000
2704512.500000
2704743.350000
2704749.400000
2704782.500000
2705518.000000
2705601.900000
2708189.850000
2708217.350000
2709051.150000
2709223.350000
2709262.250000
2709278.750000
2709375.200000
2711257.250000
2711272.050000
2713146.150000
2713806.500000
2713812.250000
2714931.100000
2714954.900000
2715024.100000
2715038.100000
2715882.650000
2716407.650000
2716446.450000
2716657.600000
2718553.100000
2719361.900000
2720880.050000
2720884.000000
2720902.550000
2720929.450000
2721418.800000
2723230.850000
2724923.950000
2726180.400000
2726365.800000
2728140.100000
2730942.250000
2730974.700000
2738683.050000
2738767.850000
2738783.400000
2738787.400000
2738981.850000
2739035.300000
2739047.400000
2739349.700000
2739951.450000
2740083.800000
2740106.800000
2740237.950000
2740483.350000
2740916.750000
2740924.100000
2740932.400000
2743604.050000
2743634.400000
2743646.150000
2743652.450000
2743986.550000
2744109.000000
2744140.500000
2744914.650000
2744932.500000
2745239.700000
2745297.800000
2745320.700000
2745375.300000
2745517.050000
2746383.000000
2746388.650000
2750669.150000
2750684.200000
2750688.350000
2750730.150000
2751089.450000
2751134.300000
2751376.550000
2759517.050000
2759670.550000
2759893.900000
2760002.500000
2760012.700000
2760067.050000
2760130.500000
2760155.400000
2760163.250000
2761204.150000
2761833.150000
2762058.750000
2762088.800000
2766507.950000
2767386.800000
2782409.900000
2782430.050000
2782609.200000
2782647.250000
2782768.300000
2782776.500000
2782828.500000
2782975.050000
2783145.500000
2783222.200000
2783472.400000
2784053.400000
2784062.250000
2784485.000000
2788982.650000
2789067.450000
2789093.850000
2789101.100000
2789301.800000
2791498.900000
2791530.400000
2791590.500000
2791596.900000
2791608.900000
2791717.150000
2801065.200000
2805240.200000
2809334.850000
2809565.650000
2809575.850000
2809837.150000
2809871.450000
2809881.000000
2810112.750000
2810223.050000
2811042.400000
2811614.200000
2811751.600000
2812023.600000
2812232.700000
2812259.300000
2812860.300000
2812884.800000
2813576.600000
2813582.200000
2813598.350000
2814272.800000
2815707.700000
2815960.950000
2815970.550000
2815977.150000
2815991.500000
2816344.500000
2816425.150000
2820756.350000
2820764.400000
2820931.900000
2820971.900000
2821342.800000
2828777.950000
2828848.900000
2828913.800000
2830265.900000
2830270.100000
2830837.950000
2833519.650000
2833524.150000
2833539.100000
2836346.950000
2836355.150000
2836403.950000
2836409.550000
2836453.350000
2836458.350000
2836664.850000
2836720.450000
2836796.750000
2843775.300000
2843809.050000
2853019.450000
2853025.500000
2853028.650000
2853033.950000
2854206.250000
2857713.000000
2858531.700000
2860595.550000
2862022.750000
2862459.800000
2862465.900000
2863874.600000
2863886.550000
2863978.250000
2864238.450000
2864257.350000
2864385.300000
2865092.200000
2865612.100000
2865624.800000
2865942.600000
2866154.450000
2866241.750000
2866280.150000
2866704.450000
2874549.300000
2875286.850000
2875554.650000
2876067.900000
2876126.200000
2876697.200000
2877734.250000
2877739.600000
2877745.500000
2878509.800000
2878515.500000
2878612.300000
2878912.650000
2879772.550000
2880047.950000
2881671.950000
2881804.700000
2881887.400000
2881906.500000
2882056.800000
2882345.850000
2882584.450000
2882884.850000
2885067.250000
2885071.100000
2886362.150000
2886376.450000
2886397.050000
2886480.000000
2886885.800000
2886906.250000
2888093.150000
2888650.500000
2890783.550000
2890792.200000
2890810.850000
2891817.150000
2891825.850000
2892446.850000
2895820.050000
2895830.800000
2896237.100000
2896316.350000
2896325.050000
2896374.850000
2896387.250000
2896397.050000
2896727.300000
2896767.150000
2899645.750000
2902071.350000
2902102.700000
2902107.750000
2902116.950000
2902759.150000
2903217.200000
2903506.850000
2905282.650000
2905408.750000
2907658.300000
2920854.650000
2920859.650000
2922130.700000
2923024.100000
2925206.800000
2925245.750000
2925647.050000
2926664.950000
2926778.250000
2926795.500000
2926803.850000
2926862.050000
2926869.250000
2926888.350000
2933151.100000
2933258.350000
2934940.900000
2935206.350000
2935581.350000
2936300.350000
2937689.650000
2938412.500000
2938651.300000
2938666.450000
2939907.150000
2939939.250000
2940635.800000
2940644.550000
2941764.150000
2941773.000000
2942016.250000
2942270.450000
2942593.900000
2942603.650000
2942845.900000
2942885.150000
2943138.450000
2944574.550000
2947652.950000
2947870.650000
2947883.500000
2948168.000000
2949540.750000
2949568.400000
2949592.800000
2949657.200000
2949678.350000
2950478.950000
2950504.800000
2952974.700000
2952981.650000
2952988.000000
2953039.950000
2953117.250000
2953422.950000
2953475.300000
2953653.200000
2953819.750000
2955012.850000
2955050.600000
2955123.200000
2955310.400000
2955332.600000
2959524.550000
2959778.400000
2960065.200000
2960079.000000
2960107.400000
2960164.900000
2960188.600000
2960795.550000
2960811.800000
2962188.750000
2962198.000000
2962210.550000
2964830.800000
2967176.600000
2971868.650000
2971891.300000
2971908.500000
2971915.350000
2971926.350000
2972081.050000
2973196.900000
2974297.200000
2974306.050000
2974313.500000
2974320.650000
2974476.450000
2974492.200000
2979798.400000
2979802.700000
2979828.500000
2985934.400000
2986908.300000
2986926.450000
2987257.050000
2987275.550000
2987289.450000
2987299.500000
2993421.600000
2994525.400000
2994534.900000
2996212.850000
2996282.650000
2996294.150000
2996759.650000
2996876.750000
2997790.650000
2997801.000000
2998222.250000
2998715.300000
2998773.650000
2998780.450000
2999266.700000
3000015.050000
3000025.100000
3000053.700000
3000071.050000
3002113.500000
3002824.450000
3002840.050000
3003539.700000
3003548.500000
3003561.300000
3003579.600000
3005480.800000
3005764.550000
3005844.500000
3005863.400000
3006588.550000
3006604.800000
3007250.600000
3007306.450000
3007333.850000
3009056.550000
3009067.800000
3010664.200000
3011445.200000
3011611.300000
3011628.300000
3011639.100000
3011670.950000
3014466.250000
3014475.400000
3014493.800000
3015891.000000
3015903.200000
3015912.800000
3015938.400000
3015977.950000
3016329.300000
3016909.000000
3017280.150000
3018006.650000
3018015.250000
3018088.300000
3018150.550000
3018160.400000
3018974.100000
3019250.150000
3019860.250000
3020750.900000
3021645.500000
3021966.950000
3022316.750000
3022339.150000
3022557.650000
3022607.300000
3022813.250000
3024078.350000
3025790.950000
3026118.400000
3026445.200000
3028174.700000
3028184.500000
3028242.750000
3028285.550000
3030531.700000
3034231.250000
3035950.300000
3038059.900000
3038070.900000
3038088.050000
3038216.700000
3041721.300000
3041725.850000
3041747.550000
3041758.150000
3041768.400000
3041836.150000
3042286.450000
3042971.900000
3043723.150000
3043729.050000
3044621.200000
3045291.350000
3045328.500000
3045364.500000
3046014.950000
3046035.000000
3046234.100000
3046264.950000
3052071.950000
3054227.100000
3055396.100000
3055401.300000
3057476.950000
3057516.600000
3058197.750000
3058272.150000
3058290.100000
3060287.450000
3060299.550000
3060537.750000
3060550.300000
3062768.100000
3064516.000000
3064560.600000
3064928.750000
3064934.000000
3064996.850000
3065024.850000
3066371.900000
3066376.300000
3074300.000000
3074314.550000
3075991.550000
3076005.000000
3076472.800000
3076769.500000
3076780.700000
3076870.950000
3076892.250000
3076899.350000
3076948.350000
3085994.450000
3086814.600000
3086822.450000
3087658.000000
3088448.500000
3090330.550000
3090351.450000
3090363.300000
3091339.200000
3091712.250000
3092222.950000
3092228.950000
3092255.600000
3092781.250000
3093496.550000
3093515.000000
3095960.000000
3095969.150000
3096242.700000
3098880.100000
3098952.650000
3098962.050000
3100430.350000
3100435.900000
3101995.850000
3102397.250000
3102523.200000
3102532.500000
3102573.400000
3102658.100000
3103081.700000
3104985.200000
3104999.850000
3105217.800000
3105225.500000
3105265.000000
3107045.300000
3107102.600000
3108013.850000
3108023.600000
3108331.400000
3108346.300000
3108681.450000
3108711.000000
3109048.200000
3109068.100000
3109081.950000
3109119.500000
3109486.600000
3110240.000000
3110661.800000
3112460.900000
3112494.250000
3112846.200000
3114093.650000
3115967.750000
3116129.300000
3116307.450000
3119613.250000
3119804.450000
3119829.100000
3119840.600000
3119866.000000
3124092.550000
3124182.350000
3124191.450000
3124251.900000
3124614.450000
3124673.900000
3124701.450000
3127290.950000
3127818.150000
3130092.650000
3130099.200000
3132062.250000
3136152.550000
3136159.500000
3136728.850000
3136858.100000
3136877.550000
3137019.550000
3137040.100000
3139676.250000
3139953.050000
3139966.650000
3141507.950000
3141530.100000
3141573.750000
3141578.350000
3143328.650000
3145043.900000
3145070.800000
3145159.650000
3151384.000000
3151392.600000
3159320.750000
3159328.850000
3160974.400000
3160990.600000
3161286.550000
3161432.850000
3161775.000000
3161780.300000
3161800.750000
3162056.900000
3162801.800000
3162842.100000
3163137.050000
3165339.300000
3165378.050000
3165451.800000
3165507.900000
3166542.000000
3166743.850000
3166760.300000
3182161.800000
3182178.300000
3184678.600000
3185624.200000
3185642.750000
3188546.600000
3188555.150000
3189643.050000
3189653.150000
3190324.950000
3190333.550000
3192175.950000
3197021.200000
3202245.850000
3202252.200000
3202274.450000
3202331.700000
3202338.900000
3203015.300000
3203103.900000
3203145.300000
3204025.100000
3205170.400000
3205183.900000
3205192.450000
3205667.250000
3205673.100000
3205681.750000
3206970.850000
3206979.850000
3207185.200000
3207224.650000
3207545.800000
3216910.850000
3217053.800000
3217081.800000
3217091.300000
3217101.800000
3218151.050000
3226689.000000
3226906.100000
3226911.650000
3226963.150000
3226976.250000
3227302.550000
3229380.000000
3235220.450000
3246640.250000
3246653.300000
3251209.900000
3251961.700000
3251969.350000
3252489.950000
3252538.950000
3258910.800000
3258916.400000
3259364.950000
3259386.700000
3259433.550000
3259450.900000
3271192.900000
3271794.300000
3272369.900000
3274338.400000
3274539.150000
3274941.800000
3274971.850000
3276475.050000
3278669.350000
3278708.550000
3279556.900000
3283258.050000
3283313.100000
3283384.650000
3283646.400000
3284340.200000
3284912.450000
3287601.900000
3287628.950000
3287637.000000
3295839.200000
3298302.100000
3298311.100000
3298331.550000
3299550.900000
3300281.500000
3301409.250000
3303150.600000
3303414.000000
3303431.300000
3306002.650000
3306007.750000
3306018.650000
3307182.950000
3307191.800000
3307837.150000
3309339.800000
3310810.900000
3310868.750000
3310888.850000
3311214.100000
3311493.450000
3312909.250000
3312920.850000
3312929.350000
3314291.200000
3314562.600000
3314582.800000
3317221.850000
3317228.450000
3317607.300000
3317634.700000
3317642.900000
3325375.100000
3325454.350000
3326630.450000
3328628.100000
3329026.000000
3329623.250000
3329627.600000
3330434.200000
3331879.900000
3331944.050000
3333079.800000
3333376.550000
3335884.600000
3335907.700000
3335989.700000
3336015.150000
3336041.050000
3337110.050000
3343028.850000
3343780.200000
3343833.650000
3343853.400000
3344248.300000
3344669.550000
3344674.300000
3347698.950000
3347737.350000
3355374.700000
3358527.400000
3358545.800000
3358555.300000
3358954.450000
3359313.900000
3359454.450000
3359466.550000
3361117.100000
3361856.700000
3363157.000000
3363428.850000
3364273.400000
3364477.950000
3364545.600000
3364909.550000
3364979.850000
3365809.550000
3366862.400000
3368864.650000
3368931.350000
3368942.100000
3368965.550000
3368976.900000
3371365.000000
3371469.750000
3371473.000000
3371750.150000
3371772.350000
3372439.650000
3373883.450000
3373896.600000
3374708.950000
3375317.000000
3377374.700000
3377389.050000
3377407.500000
3377440.550000
3377476.400000
3386343.200000
3386702.050000
3386974.000000
3388901.900000
3392252.850000
3392257.050000
3393384.300000
3393395.850000
3394517.200000
3400829.400000
3400923.100000
3403525.700000
3405632.800000
3405656.700000
3405673.950000
3405800.900000
3405811.350000
3407518.600000
3407915.750000
3407966.900000
3408578.900000
3408876.250000
3409596.300000
3413056.300000
3413070.400000
3413149.350000
3413190.750000
3413437.250000
3415832.550000
3415919.700000
3427991.400000
3428023.950000
3428048.650000
3428055.400000
3429720.950000
3430429.450000
3430694.700000
3430967.400000
3431005.550000
3431187.100000
3431851.450000
3435374.250000
3437063.400000
3437769.950000
3437815.700000
3438011.050000
3440761.050000
3442172.650000
3446974.400000
3446979.850000
3447290.100000
3449038.150000
3449043.550000
3454723.200000
3459575.800000
3459584.250000
3461338.250000
3461359.950000
3461779.450000
3461796.300000
3461801.350000
3462142.800000
3462163.450000
3463264.600000
3463270.200000
3468482.400000
3468492.600000
3468520.450000
3468586.850000
3468656.750000
3479061.800000
3481559.950000
3482330.450000
3482694.650000
3484062.650000
3484234.650000
3484803.500000
3485860.550000
3485869.150000
3486252.400000
3486261.850000
3489289.000000
3490195.550000
3490207.550000
3490366.600000
3491233.500000
3491949.100000
3491954.700000
3492683.050000
3493145.550000
3493150.950000
3494910.600000
3495625.650000
3495648.900000
3497742.200000
3497757.500000
3497892.200000
3498053.650000
3501830.200000
3504313.500000
3504755.450000
3504764.000000
3506438.000000
3506452.550000
3506461.500000
3515482.000000
3516996.750000
3525007.700000
3528676.650000
3528958.950000
3528975.350000
3528984.600000
3529270.150000
3530324.900000
3533201.400000
3533233.650000
3533253.900000
3536292.650000
3538829.850000
3538838.700000
3539938.300000
3539958.800000
3539988.700000
3541143.900000
3543050.300000
3543446.550000
3543540.400000
3552846.700000
3556996.850000
3561236.100000
3563133.650000
3563138.850000
3563253.600000
3565999.400000
3567248.550000
3567503.150000
3567512.200000
3567694.300000
3568044.600000
3568287.200000
3568464.250000
3570409.850000
3570585.700000
3571773.750000
3572532.550000
3573418.850000
3574561.200000
3574677.450000
3574692.250000
3575404.100000
3575411.800000
3579731.800000
3579756.950000
3582125.600000
3583273.900000
3583417.350000
3583442.750000
3587719.550000
3587725.750000
3588894.400000
3588931.350000
3588938.300000
3589594.600000
3589827.400000
3590833.300000
3596447.750000
3596592.300000
3599756.150000
