752.900000
758.250000
1568.200000
1613.400000
1618.200000
1628.150000
3371.750000
3406.800000
4377.250000
4384.200000
5365.650000
7187.550000
25445.550000
30137.350000
34775.650000
60168.750000
64472.350000
72418.850000
72456.550000
84678.500000
85541.150000
86517.800000
86526.600000
86533.500000
86541.500000
99020.900000
101857.800000
103512.650000
105957.900000
107293.050000
110235.050000
111137.950000
113554.250000
113786.800000
113856.050000
113868.250000
114559.450000
116614.750000
116628.450000
118550.400000
119100.150000
119221.150000
129195.900000
131096.950000
134478.800000
139159.450000
144605.450000
147203.000000
151198.150000
155006.900000
161444.650000
182583.750000
182596.700000
182609.200000
184353.550000
185842.450000
204930.700000
206961.250000
212759.100000
214980.450000
221804.450000
221826.400000
221829.700000
221832.950000
223013.100000
223962.850000
223970.000000
223973.550000
223979.000000
223982.600000
223998.050000
224011.800000
224021.200000
234739.350000
235189.350000
236072.950000
245587.600000
251809.200000
251819.200000
251823.500000
251850.200000
251854.400000
251859.900000
251866.000000
251872.600000
268769.450000
268774.150000
268778.250000
268817.350000
274212.700000
275612.950000
280887.450000
281373.800000
281379.150000
281780.050000
281790.150000
281794.000000
281798.300000
281802.600000
281863.850000
306292.550000
312421.250000
324745.600000
324756.700000
324759.550000
324763.600000
325524.300000
330902.650000
340962.900000
349761.050000
353019.650000
381678.750000
381815.050000
381953.150000
382069.000000
382088.250000
385499.400000
392877.900000
393661.950000
398022.150000
402470.300000
405096.850000
466096.150000
507576.150000
507841.550000
507986.550000
508053.400000
510077.400000
514630.450000
514915.850000
516394.250000
516990.000000
519192.050000
521198.900000
529434.450000
529573.350000
533789.450000
533802.150000
533805.300000
533825.750000
533831.400000
533834.900000
534617.150000
537107.900000
543496.400000
545926.000000
548699.800000
567631.800000
572558.550000
576592.250000
579687.700000
583198.750000
624585.300000
626005.800000
629803.150000
631847.700000
632827.000000
633157.100000
633968.450000
633988.450000
638129.550000
647994.300000
653159.650000
653852.550000
662280.950000
672643.700000
675452.100000
682671.050000
683559.950000
689801.400000
711795.400000
810567.400000
811324.850000
813817.950000
815267.550000
821087.550000
826288.150000
829263.750000
831606.100000
834063.050000
834074.600000
836926.800000
839669.300000
843400.600000
846799.150000
848869.450000
854661.800000
867956.500000
867969.000000
868384.000000
868665.650000
878938.100000
878945.050000
878951.950000
891979.100000
896096.650000
899528.900000
900175.650000
912428.900000
913576.050000
916158.150000
917351.550000
918669.750000
925313.150000
925333.450000
936529.000000
941550.150000
941556.550000
941560.750000
945781.550000
945961.250000
945967.750000
946726.050000
946734.800000
946740.200000
946759.500000
954568.750000
954576.450000
954596.300000
956080.500000
957513.550000
959666.500000
960028.800000
961104.600000
968116.750000
973933.350000
974470.900000
975624.450000
976133.100000
976207.050000
976231.300000
976684.000000
977758.600000
979337.500000
980623.200000
982337.250000
982423.050000
982628.700000
982654.750000
982660.950000
982668.750000
982673.250000
983012.150000
983037.950000
984455.400000
984848.000000
994869.450000
995815.150000
995831.250000
1011036.400000
1011910.550000
1012212.700000
1013553.200000
1014037.150000
1014087.650000
1014274.300000
1036920.800000
1045901.050000
1045910.250000
1052965.700000
1053926.100000
1057873.950000
1072819.550000
1074011.100000
1080642.450000
1081631.300000
1081636.400000
1085082.350000
1095873.400000
1099489.300000
1103453.700000
1103470.300000
1114001.600000
1116127.700000
1121821.200000
1129269.900000
1134588.300000
1134600.200000
1134613.450000
1145398.850000
1148517.650000
1148770.100000
1149632.300000
1167075.300000
1167084.550000
1186618.800000
1186621.400000
1195877.250000
1201531.600000
1208144.400000
1222571.150000
1228803.850000
1267452.600000
1281091.750000
1287483.750000
1288172.550000
1292403.350000
1308734.400000
1310265.950000
1320182.550000
1327582.800000
1331325.900000
1354820.450000
1365898.900000
1376469.000000
1376478.600000
1378055.650000
1378060.500000
1379023.600000
1379246.350000
1379289.550000
1379297.250000
1379301.400000
1379305.700000
1379351.200000
1379526.800000
1380185.550000
1380453.400000
1380485.200000
1380536.300000
1380547.250000
1380558.350000
1380564.650000
1380580.150000
1392323.150000
1392618.550000
1393131.700000
1393228.400000
1393257.700000
1393406.800000
1394123.700000
1395050.250000
1395069.200000
1395436.950000
1395457.100000
1403701.700000
1403870.350000
1404834.000000
1404845.100000
1404860.050000
1405646.300000
1406684.400000
1407512.800000
1410952.650000
1410986.100000
1411142.650000
1411193.500000
1411725.150000
1411732.550000
1413034.550000
1413048.650000
1413116.600000
1413354.600000
1421465.800000
1421637.000000
1422083.400000
1424665.350000
1424788.000000
1424839.700000
1425560.200000
1426075.850000
1426307.950000
1426315.200000
1426322.550000
1427703.300000
1436729.550000
1439054.500000
1439385.650000
1451464.050000
1452480.550000
1459769.850000
1466557.400000
1525253.850000
1525600.000000
1525607.450000
1525615.300000
1525624.700000
1525698.200000
1525707.850000
1526989.000000
1528100.750000
1533006.750000
1533338.400000
1533347.100000
1533351.100000
1533363.000000
1534007.050000
1535213.850000
1535844.900000
1536096.050000
1536101.900000
1536106.000000
1537412.300000
1539073.050000
1539078.650000
1554818.250000
1554836.100000
1555089.300000
1555302.800000
1555319.100000
1555323.450000
1556114.850000
1556130.300000
1556618.350000
1556649.450000
1557064.100000
1557901.300000
1557921.300000
1557926.200000
1557931.550000
1557945.100000
1559280.800000
1561531.350000
1567759.500000
1570275.550000
1571870.450000
1571905.300000
1576321.150000
1579764.550000
1579768.550000
1579774.050000
1582247.600000
1582858.150000
1583391.550000
1583457.650000
1584693.600000
1595099.700000
1595147.900000
1595171.050000
1602928.250000
1625002.100000
1625045.450000
1631727.150000
1637915.000000
1637921.550000
1641339.000000
1645303.400000
1659280.000000
1659877.550000
1660178.600000
1660223.800000
1661843.750000
1661972.950000
1661998.950000
1662487.200000
1662503.850000
1662514.300000
1662540.300000
1663852.800000
1673074.700000
1677418.500000
1682257.950000
1682755.650000
1685085.800000
1690699.550000
1690830.050000
1690915.100000
1690938.300000
1690959.000000
1690975.650000
1690983.350000
1691374.950000
1692332.600000
1692355.150000
1692705.900000
1692731.550000
1692792.550000
1692796.800000
1692829.200000
1692871.550000
1693879.300000
1693888.950000
1693904.850000
1697267.350000
1697360.150000
1697399.600000
1697410.450000
1700890.100000
1704960.350000
1705039.350000
1706383.650000
1706388.750000
1706408.100000
1706411.950000
1706415.950000
1706653.400000
1707470.050000
1707528.900000
1707534.750000
1707923.150000
1708188.700000
1708605.750000
1708669.850000
1710907.050000
1711732.350000
1719053.800000
1722695.150000
1726333.850000
1726361.700000
1726863.600000
1726886.000000
1726894.300000
1726906.050000
1726938.250000
1727773.400000
1727826.200000
1728299.850000
1728694.050000
1729019.950000
1729795.800000
1729826.550000
1730770.900000
1730775.750000
1730958.650000
1731047.200000
1732142.750000
1733513.500000
1733564.700000
1733577.550000
1735028.100000
1735128.800000
1735170.950000
1735932.550000
1737463.400000
1737467.500000
1738192.800000
1738200.350000
1738210.200000
1751521.750000
1751540.000000
1751549.450000
1751962.450000
1752002.450000
1752023.400000
1752248.100000
1752424.750000
1752806.050000
1752866.600000
1753434.400000
1753872.400000
1753892.800000
1753913.200000
1753919.000000
1755408.800000
1755587.400000
1757589.050000
1759068.750000
1759365.900000
1759635.200000
1759718.550000
1759762.450000
1759848.050000
1759863.550000
1759898.700000
1760147.700000
1760202.650000
1760209.550000
1760216.550000
1762172.850000
1762895.900000
1762968.150000
1763046.650000
1763401.500000
1764569.100000
1765526.650000
1768306.050000
1768322.850000
1768515.350000
1770320.700000
1770348.500000
1770374.400000
1776048.400000
1776282.600000
1776297.300000
1778157.750000
1783183.000000
1785541.900000
1786488.100000
1786690.750000
1787020.150000
1787345.850000
1789316.700000
1789339.550000
1789963.500000
1790002.850000
1790738.300000
1790742.300000
1790750.500000
1790912.750000
1791819.300000
1791931.800000
1792254.550000
1792617.150000
1793133.900000
1793138.450000
1793142.950000
1793337.450000
1793867.500000
1794231.000000
1799280.750000
1800705.800000
1803068.050000
1803264.950000
1803317.700000
1803498.550000
1803510.700000
1803514.650000
1804070.400000
1804359.250000
1805055.550000
1805060.050000
1807246.400000
1807254.100000
1807258.800000
1808190.550000
1811308.950000
1811917.950000
1811922.200000
1811942.600000
1811954.800000
1811961.700000
1812359.050000
1821130.950000
1821908.550000
1822254.350000
1827326.300000
1827330.750000
1827356.100000
1827604.400000
1827621.650000
1827625.900000
1827630.050000
1827637.600000
1827971.600000
1828306.600000
1828544.200000
1828562.150000
1828682.600000
1831538.100000
1831547.100000
1831553.350000
1831562.450000
1832387.100000
1832398.300000
1832444.700000
1832452.650000
1837548.700000
1838856.500000
1846769.850000
1846788.650000
1846792.750000
1854946.850000
1859607.200000
1861153.900000
1865626.550000
1868430.500000
1870275.300000
1872701.300000
1878081.700000
1879469.000000
1882565.300000
1884410.600000
1886189.500000
1886215.900000
1891836.800000
1896779.900000
1898115.050000
1898148.550000
1898259.650000
1903418.400000
1909722.700000
1909730.250000
1922509.550000
1924501.900000
1932797.100000
1935680.600000
1941822.600000
1942394.650000
1943902.800000
1943907.950000
1944489.700000
1944502.550000
1944507.200000
1944513.550000
1944517.850000
1946095.250000
1946505.700000
1946527.000000
1946534.500000
1960579.650000
1961286.050000
1961310.000000
1963233.550000
1964031.450000
1964066.150000
1964080.150000
1964543.000000
1965236.500000
1974984.750000
1975036.650000
1979390.750000
1982594.650000
1986012.550000
1990246.950000
1996165.500000
1996182.800000
1996292.800000
1996306.800000
1996311.500000
1997048.200000
1999665.450000
2000673.800000
2001004.600000
2005155.650000
2005163.850000
2007697.600000
2007792.750000
2010327.850000
2010522.900000
2010544.300000
2011060.500000
2011112.650000
2012758.650000
2012770.450000
2016562.200000
2019843.850000
2021681.350000
2023319.250000
2025298.000000
2025329.050000
2025683.800000
2025776.100000
2026926.000000
2027019.750000
2027045.150000
2027869.500000
2027900.450000
2028834.050000
2030296.100000
2030423.600000
2034113.600000
2042471.700000
2042503.250000
2042533.250000
2042544.850000
2042549.950000
2042553.600000
2042874.550000
2042883.700000
2042895.250000
2042901.050000
2043634.100000
2043672.300000
2043710.000000
2043721.000000
2043739.450000
2043767.700000
2043782.100000
2043818.200000
2043845.200000
2043861.700000
2044412.400000
2049646.400000
2051544.800000
2051570.750000
2051742.700000
2051935.350000
2051944.300000
2052149.800000
2052171.600000
2052182.900000
2052904.250000
2052917.300000
2052954.450000
2052975.600000
2053049.800000
2053059.550000
2053098.750000
2053104.050000
2053344.350000
2053349.800000
2058127.900000
2061514.700000
2061529.450000
2062519.200000
2066564.100000
2073534.550000
2075125.750000
2084926.000000
2084931.050000
2084943.700000
2086989.150000
2089206.400000
2089228.850000
2094074.800000
2094093.850000
2094097.750000
2096894.200000
2096898.150000
2096908.700000
2096913.500000
2096918.400000
2096923.800000
2096930.700000
2096937.900000
2099054.250000
2099066.000000
2100037.700000
2100050.950000
2100124.450000
2101077.050000
2111779.450000
2112412.700000
2112448.450000
2112457.150000
2112463.600000
2115000.250000
2115055.100000
2115065.550000
2119623.050000
2121982.800000
2122913.200000
2125806.900000
2127939.250000
2128321.050000
2129008.800000
2131569.300000
2132981.650000
2146102.100000
2146114.750000
2146119.650000
2146129.250000
2146136.600000
2147396.050000
2147774.500000
2147978.600000
2147998.150000
2149278.550000
2149289.300000
2149293.800000
2149906.750000
2150046.650000
2150081.650000
2150123.200000
2152056.750000
2152153.450000
2152573.500000
2152590.550000
2153287.400000
2155891.750000
2155895.600000
2157256.050000
2158739.500000
2160779.200000
2161196.400000
2161213.100000
2163542.600000
2165734.150000
2167847.850000
2167850.800000
2173324.750000
2173452.500000
2173457.000000
2173460.600000
2173469.900000
2173791.600000
2173947.650000
2173983.550000
2174166.550000
2174607.100000
2174622.850000
2174634.150000
2174640.350000
2174721.200000
2175137.100000
2175150.500000
2180483.200000
2180533.500000
2181255.300000
2182728.500000
2182757.050000
2183219.050000
2183231.300000
2206280.250000
2206586.300000
2207169.550000
2207585.200000
2207592.000000
2208346.000000
2208371.650000
2210132.050000
2211530.900000
2211668.250000
2211832.800000
2211985.500000
2212709.950000
2213144.700000
2213163.200000
2213185.500000
2213192.200000
2216267.700000
2216275.700000
2216598.450000
2218082.650000
2218100.350000
2218331.050000
2218380.950000
2218486.950000
2218492.600000
2219008.600000
2220440.550000
2220718.900000
2220830.700000
2223376.850000
2223466.000000
2223647.400000
2224050.000000
2224913.750000
2225749.700000
2226168.900000
2227146.100000
2228392.450000
2228492.800000
2229030.550000
2229064.750000
2229074.850000
2229113.900000
2229128.900000
2229147.550000
2229231.150000
2229256.250000
2229366.600000
2229617.650000
2229676.650000
2229941.250000
2238638.550000
2239135.850000
2239833.000000
2240525.250000
2240538.200000
2241230.700000
2241239.150000
2241243.150000
2241605.950000
2241614.500000
2244018.950000
2245283.900000
2245385.600000
2248737.250000
2251422.500000
2251491.400000
2251517.700000
2251600.400000
2252043.800000
2252144.700000
2252172.950000
2262787.050000
2264224.350000
2264232.400000
2264235.400000
2267331.150000
2267636.650000
2267654.450000
2267885.450000
2268319.450000
2268334.850000
2268348.200000
2268719.900000
2268752.350000
2268757.700000
2268766.400000
2268856.750000
2268867.800000
2276480.700000
2281054.900000
2290085.950000
2290207.650000
2290240.150000
2290254.800000
2290379.200000
2290460.900000
2290636.050000
2290669.900000
2290727.000000
2290757.800000
2290970.750000
2291080.200000
2291175.000000
2291237.850000
2291340.850000
2291346.350000
2291636.600000
2291658.550000
2291666.750000
2291672.450000
2291791.450000
2291868.400000
2291978.500000
2292004.350000
2292113.750000
2292124.450000
2292145.450000
2292221.550000
2292247.900000
2292390.650000
2292688.750000
2292712.950000
2293352.450000
2293410.800000
2293484.350000
2293523.300000
2293564.400000
2293571.350000
2293581.450000
2293600.600000
2295068.950000
2295101.050000
2295116.800000
2295431.200000
2296545.050000
2296765.650000
2296777.550000
2296859.500000
2299380.950000
2299394.350000
2307692.000000
2307701.600000
2307711.000000
2308235.250000
2308294.850000
2308465.550000
2308483.650000
2308496.900000
2308513.650000
2308714.950000
2309135.450000
2309141.550000
2309969.150000
2310714.800000
2310721.050000
2311298.850000
2311442.750000
2312356.050000
2312744.700000
2315477.500000
2315940.950000
2316494.300000
2316523.100000
2316532.950000
2323226.300000
2323250.400000
2326748.050000
2327224.400000
2327775.900000
2328068.000000
2328450.800000
2328961.250000
2328967.700000
2329317.100000
2329338.450000
2330662.700000
2333977.300000
2334149.450000
2334166.400000
2336009.550000
2336081.200000
2336087.050000
2336093.800000
2336883.150000
2336960.450000
2336969.300000
2337523.450000
2337931.850000
2338265.750000
2338639.150000
2340756.550000
2342319.550000
2342849.050000
2343898.700000
2344737.450000
2344812.750000
2348166.200000
2348731.500000
2350871.850000
2350909.450000
2352111.900000
2353275.050000
2356423.400000
2358107.500000
2359256.350000
2361824.600000
2388261.350000
2390314.500000
2390317.850000
2390324.700000
2390337.600000
2390353.550000
2390361.300000
2390442.300000
2390449.800000
2390493.050000
2390502.400000
2390517.300000
2390531.650000
2390901.400000
2390982.450000
2391184.050000
2391405.050000
2391486.300000
2391491.800000
2391587.050000
2391593.500000
2391682.550000
2391743.650000
2391831.500000
2392899.150000
2394218.500000
2394510.900000
2395456.350000
2396006.000000
2396024.800000
2396053.500000
2396096.600000
2396169.950000
2396173.200000
2396176.600000
2397068.550000
2397105.650000
2397111.150000
2397165.150000
2397461.750000
2397466.200000
2397469.550000
2397498.500000
2397501.650000
2397509.850000
2397519.300000
2397558.050000
2397905.700000
2397922.200000
2397927.350000
2398126.450000
2398145.400000
2398298.900000
2398304.600000
2398473.050000
2399764.850000
2400132.550000
2400141.250000
2401009.200000
2405818.000000
2406428.900000
2406465.800000
2406859.000000
2406873.750000
2406893.550000
2407093.000000
2407098.300000
2407109.300000
2408791.850000
2409712.100000
2409721.400000
2409938.300000
2409943.200000
2409947.550000
2409978.200000
2410382.400000
2411432.900000
2411982.100000
2413239.950000
2413900.100000
2413908.800000
2413918.550000
2413923.300000
2414383.350000
2414387.200000
2414400.100000
2414407.850000
2418575.700000
2419612.750000
2421498.650000
2422264.900000
2423408.750000
2423416.750000
2424927.600000
2426206.050000
2426288.200000
2426636.550000
2426660.900000
2426673.550000
2426677.900000
2426687.600000
2426693.150000
2426700.800000
2426707.100000
2434454.000000
2434548.050000
2438276.250000
2439693.750000
2439699.550000
2446343.050000
2450368.650000
2451905.850000
2451914.900000
2456196.900000
2462267.550000
2462270.900000
2462360.350000
2463177.600000
2464648.100000
2476672.500000
2477377.650000
2477414.400000
2478075.400000
2478466.000000
2478479.800000
2478514.200000
2479217.250000
2479632.150000
2479920.250000
2479942.250000
2480005.900000
2480013.800000
2480805.850000
2480911.900000
2481026.750000
2481033.850000
2481038.600000
2481044.200000
2482444.100000
2482693.450000
2486922.300000
2486969.100000
2493028.900000
2495512.700000
2499221.150000
2499389.850000
2499491.750000
2500131.550000
2500183.650000
2500221.450000
2500255.250000
2500263.600000
2500647.300000
2501808.400000
2503536.900000
2503740.500000
2503744.700000
2503968.600000
2503985.700000
2504084.500000
2504089.600000
2504454.200000
2504503.750000
2504515.250000
2504564.650000
2504572.950000
2504594.300000
2506916.600000
2520862.300000
2520883.600000
2520890.050000
2520900.000000
2520908.750000
2520914.600000
2521266.250000
2521816.750000
2522463.150000
2522539.050000
2522552.700000
2523316.150000
2523692.950000
2523696.950000
2533773.350000
2533834.350000
2533843.100000
2534268.550000
2534280.900000
2534336.850000
2534365.300000
2534802.250000
2534841.950000
2534846.500000
2535882.000000
2538088.950000
2538508.450000
2538546.050000
2540038.250000
2541168.500000
2541215.950000
2541220.100000
2541753.200000
2541769.550000
2542002.200000
2542331.250000
2543236.400000
2543285.800000
2543684.500000
2544070.450000
2546309.200000
2546321.550000
2546450.300000
2547086.400000
2547125.950000
2547134.800000
2547139.050000
2547145.400000
2548494.150000
2548506.000000
2548641.400000
2549198.200000
2549954.500000
2550345.050000
2551666.000000
2555084.800000
2555092.350000
2557993.950000
2558742.900000
2558773.500000
2558932.500000
2558939.450000
2558949.100000
2558957.250000
2558969.150000
2567394.550000
2567432.750000
2567949.850000
2568782.400000
2568800.900000
2568990.800000
2569335.650000
2569396.750000
2569853.850000
2570259.300000
2570337.100000
2570702.150000
2571055.100000
2571310.650000
2571373.300000
2571761.550000
2571773.200000
2572516.800000
2572529.150000
2572823.900000
2573689.700000
2574124.250000
2575485.300000
2578991.000000
2579811.050000
2579830.750000
2580412.050000
2580717.500000
2581140.250000
2581639.700000
2581645.850000
2581728.700000
2585427.450000
2585809.600000
2585866.000000
2586365.650000
2586372.900000
2586378.200000
2586381.950000
2586393.950000
2586405.800000
2593515.950000
2593582.100000
2594104.900000
2594283.050000
2594289.450000
2594293.000000
2594714.700000
2595186.600000
2595380.000000
2595493.550000
2595991.300000
2598096.200000
2598111.950000
2601228.300000
2604325.300000
2608248.150000
2608264.350000
2608554.650000
2608569.200000
2608589.800000
2609635.300000
2609962.450000
2609988.950000
2609998.150000
2610053.250000
2610064.650000
2610076.800000
2610082.350000
2610735.050000
2611322.050000
2613348.900000
2613408.500000
2615440.250000
2615446.350000
2615459.250000
2616867.150000
2617266.400000
2617567.050000
2617584.550000
2618736.400000
2619492.650000
2620262.100000
2620268.700000
2620274.700000
2620280.750000
2620291.600000
2620301.350000
2620305.200000
2620343.800000
2620353.150000
2625146.650000
2625644.300000
2625654.800000
2625661.600000
2628681.650000
2629614.900000
2630046.150000
2630495.550000
2630859.900000
2631241.900000
2631652.250000
2632512.350000
2632534.900000
2632561.300000
2638060.150000
2638302.050000
2638335.000000
2638352.850000
2639077.900000
2639082.900000
2639259.400000
2640729.950000
2641413.900000
2641433.900000
2642152.000000
2645095.750000
2645176.300000
2645183.200000
2645769.300000
2646430.000000
2652054.100000
2652058.950000
2657238.350000
2657324.800000
2657558.850000
2679369.300000
2679509.950000
2679524.900000
2679888.000000
2679893.200000
2681353.400000
2681554.000000
2681616.100000
2681648.850000
2681692.300000
2681704.250000
2681771.250000
2681776.500000
2681849.000000
2681960.200000
2682578.450000
2682644.200000
2682656.500000
2682801.600000
2682955.100000
2682973.950000
2683191.750000
2683196.000000
2683247.800000
2683724.150000
2684205.400000
2684229.850000
2684266.900000
2684294.650000
2684319.050000
2684324.850000
2684609.950000
2684838.050000
2693225.700000
2694182.800000
2695630.900000
2697614.650000
2697629.550000
2697702.350000
2699853.600000
2700122.100000
2702440.700000
2702447.050000
2702648.450000
2702971.350000
2703391.300000
2703412.800000
2703422.200000
2703427.650000
2703863.700000
2705642.400000
2705961.300000
2706483.350000
2706974.850000
2708872.900000
2710164.550000
2710288.700000
2710298.400000
2710305.200000
2710725.700000
2716074.900000
2716397.200000
2716722.400000
2717260.400000
2717558.350000
2717738.600000
2718001.650000
2718048.900000
2718057.250000
2718446.250000
2718918.200000
2718927.650000
2720929.950000
2727159.400000
2738470.350000
2738842.950000
2738960.650000
2739040.300000
2739085.400000
2740462.550000
2741377.050000
2743118.850000
2743279.100000
2743814.250000
2743830.450000
2743835.750000
2743840.200000
2744219.000000
2744345.850000
2744949.300000
2744968.150000
2744974.700000
2744979.350000
2745262.650000
2745401.100000
2745412.250000
2745713.650000
2745722.300000
2745748.550000
2745867.600000
2750080.400000
2751079.250000
2751118.550000
2751421.100000
2754322.450000
2754372.200000
2759393.750000
2759541.800000
2759590.700000
2759595.000000
2759758.550000
2759929.800000
2759934.250000
2759945.700000
2760730.050000
2760819.650000
2760869.400000
2760901.050000
2760913.150000
2760963.700000
2761526.200000
2762281.650000
2781070.150000
2782605.300000
2782663.400000
2782689.550000
2782696.900000
2782701.650000
2782705.200000
2782710.950000
2782717.900000
2782736.400000
2783278.600000
2783286.700000
2783391.600000
2783989.650000
2784002.450000
2784051.250000
2784558.250000
2785001.700000
2785020.850000
2785037.550000
2785063.200000
2785576.750000
2785584.650000
2785906.650000
2786053.950000
2786118.450000
2786360.700000
2786369.850000
2787478.300000
2787924.600000
2788601.700000
2788847.150000
2788875.750000
2788916.150000
2788921.200000
2789065.650000
2790648.150000
2791263.100000
2791357.150000
2791407.800000
2799657.100000
2803294.350000
2809649.300000
2809680.050000
2810065.950000
2810520.250000
2810526.400000
2811006.250000
2811476.950000
2811499.200000
2811512.800000
2811633.950000
2812243.500000
2813566.600000
2816386.550000
2816570.850000
2819896.500000
2819902.500000
2820310.250000
2820974.050000
2821005.900000
2836325.850000
2836388.700000
2837215.600000
2838158.850000
2838164.350000
2838555.300000
2838900.850000
2838942.900000
2839361.800000
2839378.600000
2840488.300000
2840911.150000
2841594.250000
2841638.350000
2842114.850000
2842130.900000
2843450.400000
2843480.650000
2843491.300000
2843496.050000
2843898.400000
2844428.450000
2863732.700000
2863949.050000
2864209.400000
2864223.200000
2864678.450000
2864739.150000
2864749.650000
2864754.750000
2865092.800000
2865110.550000
2865173.100000
2865360.250000
2865365.450000
2865369.200000
2865380.650000
2865952.050000
2865957.050000
2867534.850000
2868035.400000
2869899.250000
2870406.850000
2870968.600000
2871006.050000
2871228.100000
2871500.200000
2871638.000000
2871650.200000
2872127.500000
2872138.650000
2872154.050000
2872409.350000
2872497.100000
2872532.450000
2872605.250000
2872777.500000
2872816.700000
2873725.950000
2877732.050000
2878025.600000
2878649.450000
2878937.950000
2879493.200000
2879781.000000
2879801.900000
2881672.300000
2881767.850000
2882558.900000
2882737.100000
2883080.900000
2890921.700000
2891303.200000
2895190.050000
2895200.450000
2896229.350000
2896253.150000
2896412.800000
2896911.800000
2897852.750000
2897918.950000
2898211.850000
2899015.550000
2899026.100000
2910972.100000
2920014.200000
2920795.800000
2921939.050000
2922881.450000
2922887.500000
2922891.650000
2923388.400000
2926664.100000
2927272.800000
2928103.700000
2928656.550000
2929102.750000
2931555.400000
2932332.600000
2936233.900000
2936245.850000
2939132.450000
2941971.700000
2942842.700000
2943152.500000
2943159.900000
2944231.050000
2944438.950000
2949619.550000
2950475.900000
2950976.600000
2950981.050000
2950984.950000
2950989.450000
2950995.850000
2951660.300000
2951672.050000
2951678.350000
2952946.600000
2953186.900000
2953328.450000
2953355.600000
2953390.100000
2953394.900000
2953409.050000
2955003.950000
2955308.200000
2960125.000000
2960339.650000
2960772.950000
2960818.000000
2962136.350000
2971951.100000
2971961.900000
2971969.600000
2972068.500000
2972076.500000
2972357.950000
2972507.750000
2972543.550000
2972553.850000
2972693.400000
2973121.500000
2973149.150000
2973161.150000
2973165.350000
2973380.400000
2973406.350000
2973480.000000
2973680.900000
2974279.250000
2974402.900000
2974422.150000
2974434.900000
2974970.100000
2975011.050000
2975786.900000
2975818.050000
2975879.100000
2979369.300000
2987344.800000
2987495.350000
2987756.750000
2988092.850000
2990907.300000
2996674.600000
2999354.500000
3002007.550000
3002400.000000
3002409.300000
3005860.150000
3006551.400000
3007324.950000
3007619.200000
3007904.300000
3008796.400000
3009231.600000
3009301.650000
3009632.150000
3010689.800000
3016070.550000
3016337.050000
3016434.750000
3019808.450000
3020022.450000
3021523.000000
3028183.700000
3038512.050000
3042002.300000
3043086.800000
3046369.000000
3046512.650000
3047123.550000
3047949.500000
3048780.400000
3048837.450000
3049885.750000
3049900.200000
3055736.300000
3060484.200000
3060733.750000
3060746.350000
3060788.700000
3060854.900000
3061321.400000
3061345.900000
3061355.850000
3061361.200000
3061736.350000
3062212.100000
3062219.450000
3064913.400000
3065211.250000
3071582.150000
3077696.700000
3077748.000000
3081035.350000
3090556.950000
3090712.550000
3090718.100000
3090726.150000
3091150.250000
3091157.550000
3091165.250000
3100118.150000
3121194.550000
3124598.150000
3126106.800000
3132065.100000
3133622.800000
3133626.750000
3134910.150000
3134940.650000
3138831.100000
3140095.600000
3141862.100000
3150857.350000
3150861.750000
3161147.900000
3161161.400000
3161165.150000
3161207.400000
3161222.950000
3161238.100000
3162101.500000
3162147.800000
3162158.050000
3162755.200000
3162762.500000
3163121.650000
3163135.600000
3163195.750000
3164228.700000
3164256.350000
3165528.800000
3165880.600000
3165890.950000
3165926.650000
3165936.500000
3166389.450000
3166460.100000
3166481.550000
3166499.050000
3177968.250000
3189782.100000
3192673.450000
3202099.050000
3202752.900000
3202760.700000
3202803.350000
3202809.400000
3203064.000000
3203918.100000
3204890.800000
3205003.800000
3205130.600000
3205134.900000
3205142.600000
3205148.300000
3205381.100000
3206515.300000
3206844.150000
3206848.800000
3206921.400000
3207048.450000
3207056.350000
3207157.350000
3207187.800000
3207499.000000
3207504.100000
3210197.300000
3210499.300000
3210607.600000
3216866.050000
3216905.250000
3216911.200000
3217623.150000
3217628.400000
3217758.250000
3217770.050000
3218178.550000
3225524.650000
3226688.400000
3227179.800000
3227189.250000
3227217.550000
3227327.400000
3227373.350000
3227396.950000
3228306.850000
3228529.800000
3229337.800000
3232118.250000
3232496.150000
3233090.150000
3233094.800000
3233110.400000
3233115.200000
3233121.750000
3233592.400000
3233612.450000
3235228.300000
3238215.450000
3241575.050000
3253437.650000
3255323.550000
3259868.150000
3259874.700000
3260745.150000
3260909.050000
3261417.850000
3261814.650000
3264023.250000
3264775.550000
3265846.450000
3267156.700000
3269199.300000
3272423.350000
3274390.200000
3274858.100000
3283227.750000
3283322.600000
3284372.400000
3284435.350000
3284838.350000
3284873.450000
3284891.250000
3286615.050000
3287821.750000
3292742.650000
3293450.300000
3293635.550000
3298344.550000
3300292.000000
3300568.900000
3303248.100000
3303252.700000
3303259.350000
3304948.750000
3305300.600000
3305316.000000
3305830.800000
3305850.700000
3306554.100000
3307568.850000
3314961.150000
3314973.400000
3315605.500000
3315944.950000
3322365.600000
3326675.750000
3326708.100000
3330434.900000
3331876.650000
3331938.150000
3331965.550000
3332419.850000
3334116.400000
3335987.400000
3342757.400000
3344011.550000
3344861.050000
3348227.150000
3348234.350000
3350323.150000
3351524.550000
3352938.850000
3352945.800000
3352956.100000
3354034.950000
3354729.000000
3354761.550000
3354767.350000
3359620.750000
3361780.000000
3363255.750000
3370439.500000
3371763.450000
3377776.950000
3377783.150000
3382289.850000
3382948.550000
3383232.800000
3383636.500000
3384657.300000
3386981.150000
3389315.450000
3389384.100000
3401500.200000
3401507.050000
3405406.200000
3405633.000000
3406788.150000
3407263.100000
3407516.200000
3413055.600000
3414125.250000
3414176.600000
3415139.050000
3415551.550000
3415778.500000
3415800.700000
3415904.150000
3416535.350000
3416963.750000
3417023.050000
3417036.500000
3417043.950000
3417497.450000
3428483.900000
3428526.100000
3428570.550000
3428591.550000
3428616.050000
3429643.150000
3430348.550000
3430913.150000
3430980.200000
3431318.600000
3431490.300000
3431879.900000
3431891.100000
3431901.750000
3438605.100000
3439509.050000
3440795.300000
3448541.800000
3450741.500000
3461360.300000
3461394.650000
3461398.550000
3462062.350000
3462102.650000
3462110.850000
3462306.450000
3462437.300000
3462736.300000
3462746.800000
3462948.350000
3462955.600000
3463239.250000
3463319.050000
3463591.400000
3463756.250000
3464451.750000
3468693.500000
3468723.700000
3470833.100000
3472985.750000
3478347.250000
3478352.700000
3478362.400000
3478371.400000
3478861.350000
3478886.850000
3479136.800000
3483189.550000
3484143.500000
3486488.000000
3486987.150000
3486989.850000
3486994.550000
3486998.550000
3487521.450000
3493479.400000
3493633.350000
3493684.950000
3494093.650000
3496566.450000
3499321.900000
3499331.050000
3500777.100000
3501057.900000
3501101.500000
3502751.350000
3506503.300000
3507095.100000
3507143.000000
3507382.050000
3507893.950000
3507912.300000
3507916.300000
3509474.500000
3509484.850000
3514625.400000
3516831.200000
3525833.350000
3525844.800000
3528587.450000
3529032.100000
3529928.050000
3530980.550000
3531668.550000
3531690.850000
3531698.600000
3531746.500000
3532813.350000
3532816.800000
3532819.750000
3533171.350000
3533201.650000
3533540.600000
3534232.350000
3534476.700000
3534490.600000
3534517.950000
3535697.200000
3535729.700000
3536290.800000
3537200.400000
3538241.750000
3538245.350000
3538249.750000
3538757.050000
3538763.900000
3539816.100000
3539827.750000
3540199.950000
3543383.950000
3543410.000000
3543648.400000
3548440.350000
3562885.700000
3563246.050000
3563473.100000
3563695.550000
3563704.650000
3564238.550000
3564584.100000
3564718.500000
3564725.050000
3565916.050000
3565943.350000
3567501.750000
3567792.750000
3568004.000000
3568016.000000
3568055.350000
3568368.500000
3568378.450000
3568390.500000
3569331.000000
3569365.750000
3570338.900000
3574561.650000
3574611.500000
3574632.600000
3574639.200000
3574732.400000
3574788.300000
3574795.950000
3574803.100000
3574812.050000
3574893.250000
3574994.700000
3577234.750000
3577607.600000
3582057.350000
3583244.500000
3583258.850000
3583806.500000
3583862.850000
3584092.450000
3584200.500000
3584466.850000
3584474.400000
3584504.100000
3584510.850000
3584620.000000
3584740.700000
3584774.900000
3585947.150000
3589093.850000
3589576.300000
3589592.200000
3589908.400000
3589942.300000
3590276.200000
3590617.650000
3590651.950000
3590748.700000
3590761.150000
3596337.400000
3596352.600000
3596875.250000
3596924.450000
3596954.100000
3597149.050000
3597271.400000
3597280.200000
3597297.300000
3597697.200000
3597708.650000
3598177.250000
3598196.350000
3598240.250000
3598246.750000
