919.100000
1063.200000
1478.650000
1595.500000
2215.700000
2219.000000
2771.700000
3194.900000
3199.400000
3232.750000
3254.350000
3316.200000
3826.100000
3835.350000
3840.150000
3979.550000
3985.300000
3992.500000
4001.200000
4364.100000
4561.850000
4582.150000
4924.700000
5002.000000
5087.650000
5468.000000
5473.150000
5723.450000
5730.550000
6647.750000
6656.850000
6729.250000
6740.650000
6745.750000
6762.150000
8409.450000
8419.350000
8423.650000
8432.600000
8553.000000
8569.550000
8578.500000
8714.900000
8783.300000
9270.900000
9286.100000
9393.200000
9400.750000
12671.500000
12803.450000
12810.400000
12836.000000
30339.350000
30345.150000
30351.650000
34639.200000
45264.200000
82107.500000
82112.450000
82117.600000
82126.650000
82142.650000
86522.350000
86528.450000
91710.000000
91715.750000
91719.950000
97831.200000
97843.150000
99732.950000
119616.550000
119636.150000
123788.700000
123795.150000
123803.250000
128300.750000
128813.950000
129083.450000
129186.950000
129244.900000
129274.050000
129390.900000
129508.650000
130123.000000
130191.000000
130254.150000
130258.550000
130262.500000
132660.400000
133117.950000
139089.200000
139320.200000
141232.050000
141484.050000
141632.250000
142234.700000
142311.600000
160388.950000
160600.250000
161809.100000
161814.700000
161899.250000
163085.500000
163260.050000
163492.750000
166209.100000
175785.450000
176379.400000
181493.750000
181593.400000
181866.050000
181874.700000
181894.550000
183255.800000
204890.650000
212760.700000
217502.100000
248062.350000
248065.850000
265465.950000
265473.500000
265487.250000
280283.500000
287773.150000
295685.400000
295729.550000
295753.500000
312310.550000
312319.350000
312323.700000
312328.000000
312722.700000
314554.550000
314557.850000
314594.800000
316494.550000
317026.800000
320303.950000
320314.450000
320322.250000
321310.000000
321343.450000
322408.950000
322416.000000
323127.650000
323335.900000
325535.550000
327559.150000
327571.300000
334434.250000
334444.250000
337667.350000
342213.950000
342583.800000
343009.300000
343247.000000
343595.800000
343603.800000
344527.100000
345242.700000
346817.550000
354093.900000
355145.250000
374118.750000
378417.100000
378429.850000
378442.650000
379862.500000
379882.800000
379896.550000
379915.550000
380983.750000
380991.600000
381007.300000
381159.200000
381531.050000
381803.550000
382074.150000
382082.700000
384358.100000
385014.750000
385169.800000
385183.300000
388014.650000
388031.400000
391312.550000
392071.600000
392307.700000
392318.950000
392335.300000
397291.250000
397569.300000
398020.150000
398024.550000
400073.300000
400325.150000
405171.350000
407894.900000
407925.750000
407943.700000
407994.950000
407999.350000
408092.800000
408101.400000
408107.400000
408111.000000
408116.550000
408123.850000
408133.850000
408142.150000
408148.750000
408261.900000
408349.500000
408372.450000
408932.650000
408937.350000
408941.750000
408954.650000
409121.200000
409135.950000
410057.550000
410066.200000
411831.700000
411882.150000
430037.600000
433296.350000
434624.600000
434642.650000
438711.050000
472898.450000
473084.600000
505774.550000
505779.250000
506776.650000
507893.000000
507896.500000
508377.300000
508393.200000
509135.000000
509527.100000
510078.550000
510113.100000
510564.350000
510747.350000
512011.850000
512018.100000
512443.100000
512459.300000
513087.450000
513114.950000
513123.300000
513348.750000
513997.350000
514672.300000
514875.050000
514882.150000
514900.800000
514914.100000
515524.750000
515840.050000
516844.250000
520659.050000
520666.050000
520674.250000
520677.850000
520681.900000
520691.400000
520696.200000
520700.850000
520742.050000
520761.750000
520768.200000
520809.400000
521068.800000
521587.250000
521593.250000
521597.750000
521602.350000
521606.250000
524405.450000
524414.500000
525273.500000
525313.850000
525401.450000
525405.500000
525409.450000
525492.800000
525497.250000
525508.400000
525512.800000
525517.850000
525522.300000
525527.700000
526214.600000
526225.450000
526345.050000
526355.450000
526640.150000
526876.300000
526896.850000
529570.300000
537572.150000
543460.250000
543475.400000
543498.300000
551518.500000
562455.450000
562460.550000
562463.500000
562469.700000
562473.600000
562478.250000
562486.500000
571656.700000
571667.450000
571673.100000
574931.400000
580857.800000
584466.250000
587528.100000
587613.600000
589168.250000
590565.350000
593900.000000
599294.750000
603105.150000
603116.700000
603477.650000
603481.100000
606238.100000
614559.450000
615243.550000
617344.450000
617959.500000
618303.150000
619493.250000
619497.200000
623910.650000
623931.600000
624443.850000
627972.850000
627980.200000
627988.100000
627992.350000
630011.950000
630305.600000
630479.750000
630906.150000
630911.950000
630916.650000
630933.600000
632908.600000
632925.050000
633202.050000
633209.900000
633213.350000
635234.000000
642683.600000
648598.850000
648841.500000
648881.850000
649009.850000
649045.500000
649053.900000
649348.700000
650595.900000
651723.750000
651765.850000
651770.100000
652044.400000
652151.400000
652200.350000
652294.400000
652347.400000
653720.500000
653776.750000
654042.550000
654056.450000
654062.400000
655040.750000
655078.700000
655175.900000
655522.400000
655532.700000
657336.750000
662232.250000
663149.100000
663507.400000
663728.400000
666746.500000
669020.650000
669786.450000
670198.450000
670236.600000
670242.550000
670473.100000
670478.450000
670516.550000
672910.400000
674090.500000
674572.450000
674577.300000
677040.550000
677059.650000
677291.550000
678569.750000
681076.550000
681487.250000
682238.250000
682246.050000
683691.950000
685033.900000
686059.800000
687242.200000
690544.000000
690558.150000
701502.750000
706593.050000
716047.750000
740533.850000
740542.550000
740545.650000
746575.200000
746582.050000
746589.200000
746595.400000
746604.900000
783404.050000
806791.550000
806806.350000
806822.150000
807292.550000
807414.600000
811932.300000
813401.000000
813422.300000
813467.050000
813484.550000
813540.850000
813631.250000
813635.000000
813668.750000
813691.400000
813705.300000
813714.500000
813721.400000
813817.250000
813891.200000
813897.700000
813905.050000
813909.050000
814021.700000
814027.050000
814030.350000
814034.400000
814041.350000
814048.400000
814746.150000
815171.150000
815225.900000
815238.600000
816141.950000
816208.100000
816507.450000
816725.950000
816738.900000
816746.050000
817032.050000
817045.200000
817804.750000
818425.600000
818455.300000
818543.200000
818555.150000
819928.000000
819932.400000
820584.300000
820595.750000
820605.800000
821056.500000
821067.200000
821087.600000
821097.850000
821102.800000
821107.250000
821114.500000
821124.800000
822578.950000
822587.950000
822591.700000
822596.600000
822604.300000
824261.900000
824551.450000
825539.800000
825560.200000
825563.100000
825566.300000
825569.850000
827413.850000
827435.400000
827442.100000
827447.450000
827460.600000
827665.400000
828664.700000
834820.900000
835125.250000
835561.100000
835601.800000
835607.500000
835611.600000
836906.400000
836912.550000
836922.350000
837684.250000
838203.050000
848557.850000
849449.650000
852040.450000
852517.500000
852527.600000
856536.900000
861455.600000
861459.300000
861467.700000
871398.900000
871407.350000
871689.950000
880159.850000
889212.100000
903635.100000
905585.450000
926388.150000
946732.750000
946744.250000
946752.050000
968111.000000
968116.450000
968120.500000
968127.800000
968131.950000
971312.700000
971324.250000
985933.200000
1001667.750000
1049695.000000
1049710.600000
1049722.400000
1050371.300000
1052275.100000
1053617.750000
1053640.700000
1053648.350000
1056190.450000
1056203.350000
1056223.300000
1068117.250000
1070155.750000
1076776.500000
1076866.000000
1076939.600000
1077119.650000
1077940.700000
1081598.750000
1081605.700000
1082174.250000
1082287.850000
1085106.850000
1085734.500000
1085761.600000
1086040.850000
1092391.550000
1102779.400000
1104444.850000
1104524.500000
1112944.450000
1113331.950000
1120890.550000
1121374.050000
1143424.500000
1147710.700000
1147852.800000
1147856.750000
1147860.850000
1147863.700000
1147867.350000
1147871.550000
1147878.450000
1155083.100000
1155088.950000
1155103.150000
1167020.050000
1167039.100000
1167043.850000
1167048.050000
1167051.450000
1167054.250000
1167058.100000
1167064.600000
1167069.400000
1167225.850000
1167229.950000
1167234.550000
1169816.800000
1171670.550000
1183324.950000
1191626.500000
1194033.550000
1234690.750000
1236714.950000
1242934.950000
1242959.250000
1243190.300000
1244022.250000
1244542.800000
1244547.300000
1244550.750000
1244559.100000
1250873.800000
1254316.150000
1256551.350000
1256565.300000
1256571.150000
1257853.000000
1259578.750000
1259672.300000
1259679.400000
1259685.500000
1259688.750000
1259693.000000
1272410.650000
1301087.500000
1301102.600000
1320113.100000
1320117.050000
1349080.750000
1351543.250000
1351571.350000
1359950.600000
1361554.200000
1361563.200000
1361567.600000
1361574.500000
1369388.950000
1370918.650000
1370958.000000
1372907.650000
1375533.100000
1401070.800000
1401082.900000
1401807.850000
1402192.000000
1409917.600000
1416641.300000
1422079.200000
1422083.300000
1422089.450000
1423396.150000
1448206.600000
1448213.950000
1451922.850000
1451931.250000
1460705.950000
1479024.000000
1479459.850000
1490722.350000
1490898.600000
1492793.400000
1492797.550000
1493973.700000
1503067.050000
1523506.300000
1524162.250000
1530620.000000
1532751.650000
1532778.050000
1533570.500000
1533602.200000
1533605.500000
1533609.850000
1533634.250000
1533645.900000
1533653.950000
1534223.900000
1534229.450000
1534236.400000
1534239.500000
1534243.250000
1536079.500000
1536086.500000
1536096.050000
1538064.400000
1545401.150000
1545462.750000
1548109.950000
1548148.500000
1550737.600000
1552040.250000
1553131.200000
1557885.950000
1557905.100000
1557913.050000
1557919.050000
1564826.100000
1571643.950000
1572014.400000
1576693.950000
1583547.900000
1590143.600000
1590880.050000
1594945.000000
1598231.650000
1598239.950000
1598243.450000
1598249.900000
1598256.700000
1601995.950000
1602505.000000
1602538.900000
1610714.250000
1622723.500000
1622742.850000
1622749.300000
1622752.050000
1622765.450000
1622769.800000
1642834.100000
1671546.050000
1677927.200000
1690178.550000
1693335.400000
1717466.500000
1723425.900000
1738211.000000
1738219.700000
1739847.650000
1751002.000000
1769165.250000
1770153.000000
1770465.400000
1779282.750000
1779290.750000
1779296.150000
1779303.300000
1779316.750000
1779852.650000
1802172.000000
1808190.250000
1810884.150000
1810890.050000
1825449.550000
1832328.800000
1832442.250000
1832487.500000
1834271.100000
1834717.300000
1834745.200000
1834755.250000
1834760.400000
1834809.250000
1835786.350000
1837506.900000
1837529.900000
1837537.350000
1837544.600000
1837551.550000
1837994.500000
1838550.400000
1838553.600000
1838889.850000
1839510.050000
1839775.600000
1840391.550000
1841372.750000
1841614.800000
1849184.400000
1849188.700000
1849697.550000
1849703.150000
1849714.300000
1849718.800000
1849723.250000
1849728.600000
1860363.900000
1861140.700000
1861145.050000
1861148.550000
1861152.800000
1861159.900000
1869874.650000
1869883.100000
1869895.700000
1870360.350000
1870371.200000
1870422.550000
1870445.100000
1870448.800000
1870452.150000
1870456.650000
1870461.600000
1870467.900000
1870478.450000
1885815.600000
1889823.150000
1891471.150000
1897956.850000
1900558.250000
1900565.850000
1930879.050000
1933081.300000
1933163.100000
1933169.150000
1933173.150000
1933177.850000
1933184.350000
1933190.600000
1936945.650000
1936950.900000
1936960.750000
1936993.850000
1937004.100000
1944886.300000
1960337.450000
1960380.200000
1986000.050000
1986005.650000
1986011.600000
2011323.400000
2011334.600000
2012742.350000
2012953.850000
2021638.450000
2022305.050000
2022319.400000
2046343.700000
2046358.450000
2046362.500000
2046366.200000
2046370.800000
2048713.600000
2049609.750000
2049614.350000
2049618.650000
2049622.750000
2049637.300000
2053344.100000
2096416.100000
2096940.500000
2113588.050000
2114043.900000
2114057.900000
2114066.550000
2114152.600000
2114157.550000
2114162.350000
2114166.950000
2114174.200000
2114180.700000
2131484.450000
2132709.150000
2140361.300000
2140365.600000
2140369.750000
2140373.300000
2140378.000000
2140383.250000
2163522.850000
2163534.350000
2163539.300000
2168726.350000
2168729.850000
2168828.750000
2168852.750000
2168864.050000
2168876.300000
2168882.450000
2185060.050000
2185063.850000
2185075.200000
2185083.100000
2185089.100000
2188411.350000
2188416.250000
2188423.650000
2194284.400000
2194290.000000
2194295.400000
2194302.000000
2222040.500000
2227136.850000
2227143.700000
2227150.250000
2233808.150000
2233815.750000
2245257.700000
2245267.300000
2245272.350000
2245277.400000
2272689.850000
2287712.400000
2288476.500000
2309669.850000
2313786.400000
2313798.100000
2314365.650000
2314410.550000
2314416.200000
2319297.800000
2319304.900000
2322019.800000
2322023.950000
2325286.000000
2345628.200000
2345634.000000
2345638.100000
2345642.400000
2345649.200000
2352972.650000
2368752.600000
2385420.300000
2387824.700000
2387827.900000
2397639.250000
2415141.550000
2440324.700000
2440329.900000
2440342.700000
2440649.400000
2442600.600000
2442606.750000
2442624.500000
2445089.050000
2445126.650000
2460664.150000
2469869.900000
2488172.200000
2488179.550000
2488184.850000
2488193.100000
2488197.050000
2488207.300000
2488218.800000
2489895.600000
2496212.850000
2496224.100000
2496237.200000
2497423.750000
2497426.650000
2497435.300000
2533056.850000
2533061.050000
2533078.200000
2533123.000000
2555473.250000
2580865.850000
2589325.650000
2589332.950000
2589337.650000
2651258.300000
2651267.150000
2651277.350000
2651281.150000
2651285.500000
2652022.200000
2652042.350000
2662775.250000
2662781.050000
2662786.600000
2677320.850000
2684837.350000
2684847.650000
2710324.900000
2710332.150000
2713700.950000
2713716.500000
2714482.300000
2714502.950000
2714506.600000
2714510.750000
2714683.600000
2714689.400000
2714694.550000
2714701.050000
2714713.950000
2714719.250000
2720407.800000
2721147.400000
2722224.800000
2733205.700000
2733219.700000
2741506.900000
2763143.250000
2796296.700000
2796300.350000
2796305.550000
2796311.300000
2796321.600000
2797955.600000
2797962.650000
2797969.450000
2802640.750000
2803805.350000
2803809.600000
2803818.700000
2804227.700000
2804913.850000
2822761.150000
2834482.550000
2847841.000000
2855461.900000
2855527.450000
2855572.550000
2858949.450000
2904595.300000
2920036.450000
2920041.250000
2940615.200000
2950383.000000
2950389.400000
2950393.250000
2951430.750000
2963808.050000
3062219.250000
3062230.750000
3095297.950000
3103837.850000
3103844.350000
3103853.000000
3103861.750000
3103866.400000
3103871.100000
3103874.850000
3103880.100000
3103885.300000
3107169.850000
3123777.900000
3130757.250000
3130761.800000
3130773.200000
3134196.250000
3141208.950000
3141214.650000
3141219.350000
3141224.300000
3141229.450000
3141236.300000
3145430.400000
3151694.550000
3151756.100000
3172618.700000
3181515.850000
3184941.350000
3212171.850000
3212178.200000
3212182.100000
3212186.200000
3212190.900000
3212197.250000
3234424.750000
3234428.550000
3234433.200000
3234439.000000
3249471.800000
3249476.250000
3249479.650000
3249483.800000
3249492.050000
3282369.500000
3297784.000000
3316041.650000
3316801.700000
3316819.750000
3325749.350000
3333084.900000
3333738.600000
3333748.700000
3340478.400000
3340488.650000
3376682.200000
3376690.900000
3433260.600000
3433268.400000
3433278.600000
3433286.850000
3440986.700000
3464057.700000
3489759.750000
3489940.800000
3489954.650000
3489961.650000
3491818.050000
3497183.350000
3509420.850000
3509432.100000
3509438.550000
3509443.500000
3509448.250000
3509453.500000
3509461.300000
3509467.250000
3509474.500000
3521681.200000
3522251.150000
3522255.700000
3522266.550000
3522280.250000
3532655.250000
3532666.000000
3532686.500000
3539397.350000
3540966.700000
3540971.900000
3540999.450000
3548186.750000
3553870.600000
3560469.550000
3587661.650000
3587697.700000
3591617.800000
