2209.050000
2894.700000
3146.000000
5164.700000
5258.600000
5393.950000
5777.800000
5873.150000
5884.950000
7340.750000
8096.750000
8245.950000
8361.350000
8880.350000
8900.850000
9581.250000
10901.900000
10909.500000
11090.400000
11423.050000
12512.400000
13286.500000
13724.600000
26558.850000
26571.450000
32121.800000
32454.600000
32478.500000
33557.200000
34776.150000
36968.050000
39231.000000
45555.450000
45891.350000
49172.800000
51918.600000
52136.100000
52293.750000
52638.100000
61205.950000
63517.050000
63875.600000
66280.550000
91853.100000
99656.800000
100737.700000
104907.500000
105000.650000
105137.350000
105717.800000
105963.450000
105969.000000
105974.550000
106106.550000
106270.800000
106605.400000
106646.400000
106795.750000
107144.750000
109671.950000
109715.700000
109753.150000
109758.950000
110562.250000
112739.900000
112808.100000
112840.950000
113807.500000
115074.850000
115742.000000
116314.500000
118030.500000
118268.850000
118793.750000
118818.750000
118917.050000
119071.350000
119137.200000
119201.050000
119260.400000
119265.800000
119303.100000
119832.650000
120767.450000
122149.850000
122188.200000
122862.200000
122929.950000
123467.300000
124052.700000
124278.550000
124902.300000
125782.800000
125790.750000
126593.150000
126608.900000
126890.000000
127029.000000
127375.750000
127850.600000
128283.950000
128581.800000
129616.800000
129886.050000
130416.850000
131314.450000
131967.150000
132753.600000
133293.450000
133567.300000
133733.050000
133989.750000
134724.150000
135820.450000
136337.850000
136352.650000
137229.450000
137762.450000
139499.000000
140252.700000
140438.700000
140538.350000
140701.800000
140962.000000
141306.050000
141576.250000
142059.200000
142123.950000
142297.050000
143063.100000
143256.500000
146344.100000
146373.400000
148427.950000
148432.050000
148546.550000
149091.500000
149902.250000
153297.500000
153871.850000
156222.100000
156669.900000
156803.950000
160140.200000
160307.500000
160732.850000
160737.900000
160777.900000
161008.650000
161114.050000
161133.250000
162044.350000
165556.200000
165674.850000
165952.350000
170379.000000
172356.400000
172363.350000
172380.650000
174234.750000
174290.950000
174463.100000
175255.150000
175265.150000
175268.550000
175391.500000
175404.200000
175419.700000
175521.400000
175533.800000
175552.400000
175559.300000
175673.100000
175752.000000
175865.850000
175871.350000
175938.550000
175959.050000
175960.700000
176125.100000
176200.200000
176296.150000
176622.650000
176651.500000
176669.650000
176748.750000
176912.450000
177042.650000
177318.450000
177340.700000
177346.300000
177358.500000
177613.500000
177626.050000
177694.350000
177709.050000
177730.100000
177824.150000
177928.050000
178077.700000
178211.800000
178678.950000
178797.950000
178813.550000
178839.550000
178947.750000
178963.650000
178985.950000
179000.150000
179229.950000
179256.250000
179263.650000
179300.350000
179349.150000
189908.500000
189955.350000
196855.450000
197038.150000
199638.700000
203891.300000
203906.300000
203911.000000
205864.650000
212577.750000
220698.050000
220712.250000
222599.700000
226588.950000
226601.500000
227227.700000
236523.100000
237051.500000
237875.950000
238554.700000
244368.200000
245582.400000
252117.500000
257897.800000
257908.650000
257912.250000
258175.600000
266916.850000
271360.800000
271380.450000
273946.200000
273958.950000
274310.500000
277921.050000
277925.700000
277943.100000
277981.200000
277985.950000
277996.700000
278020.100000
283876.500000
285401.600000
287954.050000
287967.750000
287973.400000
288220.150000
288236.000000
288349.850000
293907.000000
294757.000000
299360.850000
300607.200000
300829.250000
300867.400000
301465.900000
301748.000000
301853.200000
301905.600000
301934.900000
302009.100000
302049.700000
302054.600000
302290.750000
302502.200000
302535.650000
302631.000000
302645.250000
303890.100000
303998.800000
304129.400000
304136.450000
304239.700000
305251.900000
306184.050000
306222.550000
306226.650000
306318.600000
306409.350000
306499.850000
306510.400000
306560.100000
306691.900000
306827.550000
306926.650000
307037.600000
307269.950000
307279.150000
307426.750000
307463.350000
307790.200000
307866.850000
308384.300000
308963.650000
309224.650000
310149.550000
310247.000000
310354.750000
310888.300000
311603.150000
311634.850000
312360.150000
312401.350000
312528.750000
312572.350000
312596.300000
312601.450000
312651.300000
312726.550000
312747.800000
312753.700000
313225.400000
313248.450000
313329.250000
313760.300000
313777.850000
313794.550000
313811.800000
313815.550000
313837.000000
314167.300000
314232.150000
314239.900000
314246.100000
314318.200000
314359.350000
314393.900000
314489.700000
314603.500000
314717.100000
314723.100000
314807.100000
314840.400000
314955.350000
314984.750000
315115.600000
315139.850000
315234.150000
315242.650000
315246.350000
315266.900000
315361.000000
315364.900000
315369.900000
315497.250000
315548.700000
315756.350000
315784.200000
315803.100000
315909.450000
315914.050000
315929.850000
315949.100000
316009.050000
316189.050000
316252.900000
316554.350000
316607.500000
316631.550000
316641.750000
316703.050000
316734.750000
316741.100000
316752.150000
316837.250000
316956.550000
316985.050000
317105.450000
317117.700000
317267.350000
317400.400000
317429.950000
317463.450000
317471.300000
317535.550000
317561.950000
317579.800000
317631.650000
318045.250000
319354.650000
320118.550000
320223.150000
320243.450000
320638.200000
320915.700000
320986.800000
321016.050000
323475.500000
327082.300000
327196.200000
327613.150000
328576.400000
331918.400000
333711.000000
333801.850000
333913.500000
334554.650000
334559.200000
334565.200000
334703.350000
334939.850000
335995.500000
336018.700000
336339.150000
337010.900000
337129.350000
337988.250000
338238.550000
338640.550000
340967.600000
341143.100000
341415.350000
342509.250000
342944.900000
343346.100000
343663.750000
343705.300000
343885.500000
343930.550000
344800.900000
346098.000000
346184.200000
346274.900000
346631.850000
346760.300000
347004.000000
347119.450000
347135.100000
347543.100000
347565.200000
347678.700000
347686.450000
347704.100000
347778.900000
347971.750000
348055.550000
348340.700000
348348.400000
348365.750000
348480.750000
348484.800000
348495.400000
348503.300000
348564.500000
348592.600000
348675.150000
348837.650000
348937.900000
349185.150000
349190.900000
349284.300000
349336.750000
349353.450000
349444.300000
349668.150000
349792.250000
349816.250000
349841.550000
349884.300000
349951.350000
350020.450000
350074.150000
350088.700000
350093.600000
350164.350000
350343.200000
350408.550000
350441.150000
350537.100000
350559.000000
350691.050000
350956.050000
350974.950000
351112.300000
351242.450000
351443.350000
352558.250000
352784.100000
352794.300000
352809.550000
352880.850000
353019.600000
353076.250000
353208.300000
353315.450000
353331.000000
353461.950000
353568.800000
353758.100000
353845.950000
353850.700000
353904.300000
354009.250000
354015.050000
354147.400000
354161.400000
354193.550000
354229.050000
354298.100000
354312.750000
354328.450000
354393.350000
354417.100000
354449.350000
354583.550000
354703.200000
354707.400000
354723.150000
354733.900000
354813.300000
354854.300000
355030.650000
355067.750000
355080.950000
355112.700000
359432.650000
367992.650000
368401.500000
368502.450000
368573.350000
368866.150000
369228.750000
370141.350000
377913.600000
379366.250000
379425.500000
381521.800000
386860.700000
396273.950000
402714.750000
404879.350000
405395.750000
405495.250000
412243.100000
438993.200000
440092.700000
442163.600000
444315.250000
449292.550000
449769.650000
451915.300000
454677.250000
455985.900000
459360.800000
469626.000000
469658.950000
469665.000000
491101.750000
493507.950000
494337.450000
495447.100000
496510.950000
499315.650000
502122.850000
502183.600000
504506.550000
514997.500000
515995.100000
517663.300000
531454.300000
531749.250000
542612.800000
544272.100000
544479.750000
545155.500000
545160.700000
545165.050000
545784.400000
545922.300000
545964.450000
546295.000000
550565.400000
551062.100000
551111.700000
551371.800000
551601.550000
557264.450000
573781.450000
578380.400000
583364.900000
583730.900000
584265.000000
586412.500000
590346.300000
590916.150000
591053.100000
596566.000000
604037.100000
606643.100000
609494.200000
609507.900000
609898.100000
609923.250000
609927.300000
612169.500000
613966.800000
614588.200000
617756.450000
619843.750000
631046.350000
640146.200000
644386.000000
651810.550000
654161.250000
655208.000000
656880.450000
660209.300000
660384.100000
660460.000000
661289.550000
661527.650000
662713.150000
663882.400000
670333.100000
670439.200000
672781.250000
672958.700000
684363.050000
684468.900000
684678.150000
684749.150000
684891.850000
684909.400000
685201.200000
685208.350000
685212.350000
685216.350000
685230.450000
685265.550000
685327.900000
685346.700000
685350.750000
685376.550000
685518.450000
685652.800000
685868.650000
685889.900000
686032.250000
686078.600000
686256.050000
686314.600000
686321.100000
686336.400000
686343.450000
686505.500000
686542.000000
686549.850000
686617.300000
687057.000000
687141.800000
687304.850000
687315.850000
687322.900000
687443.400000
687558.600000
687622.500000
687714.400000
687738.750000
687745.250000
687750.750000
687851.950000
688099.950000
688131.900000
689398.250000
689411.200000
689474.450000
691234.500000
691537.050000
692603.900000
692698.350000
700563.900000
702852.950000
703010.250000
703405.050000
704960.600000
705868.300000
707335.400000
707571.500000
707586.100000
707590.300000
707733.650000
708080.350000
708565.700000
708607.200000
708961.900000
709099.500000
709165.600000
710124.450000
710529.850000
711019.150000
711044.200000
711124.750000
711132.300000
711175.450000
711336.500000
711444.100000
711795.100000
711835.100000
711853.500000
712297.700000
712302.200000
712465.050000
712530.150000
712585.650000
712595.000000
712833.650000
712852.650000
712983.000000
713261.150000
713959.400000
714262.450000
714491.850000
714793.150000
714798.600000
715192.900000
715789.200000
717142.750000
722313.900000
724684.900000
726673.400000
732284.050000
732288.750000
732388.300000
734756.750000
735470.600000
735479.150000
736092.750000
736187.750000
736289.850000
736304.950000
736324.500000
736749.400000
736851.800000
737234.850000
738060.000000
738168.700000
738173.200000
738185.350000
738263.950000
738301.300000
742786.300000
742903.800000
742921.700000
742928.100000
743010.450000
743029.700000
745238.650000
747350.600000
754839.000000
755341.350000
758079.450000
761370.900000
762145.350000
783540.550000
790660.350000
793815.850000
793879.900000
793885.650000
793891.300000
794149.600000
795141.550000
796432.000000
797380.850000
797569.850000
797696.250000
798405.200000
800411.200000
803143.950000
803257.900000
803740.800000
805709.500000
815321.900000
823785.350000
826216.800000
832935.650000
833442.600000
839502.400000
853731.500000
863941.600000
874934.950000
885756.100000
886464.250000
886516.550000
887942.500000
889033.150000
889531.150000
896616.100000
896713.400000
913660.750000
914014.750000
929600.350000
929620.900000
939690.200000
939701.150000
965448.100000
968407.200000
968422.050000
968426.700000
968430.450000
968433.500000
968439.200000
971748.350000
979557.100000
992554.250000
994575.850000
1011915.650000
1012664.800000
1013304.200000
1014783.400000
1016076.100000
1017360.050000
1023541.050000
1024726.400000
1025027.500000
1027087.350000
1033624.150000
1034953.350000
1039805.750000
1039911.200000
1040828.900000
1042682.850000
1042698.450000
1042841.200000
1042964.100000
1043085.900000
1043305.200000
1043440.800000
1043523.050000
1043543.500000
1043558.900000
1043648.050000
1044093.700000
1044151.150000
1044194.550000
1044236.900000
1044395.500000
1044603.200000
1044616.350000
1044640.150000
1044784.700000
1044908.100000
1044958.450000
1045118.400000
1045126.850000
1045245.150000
1045471.350000
1051029.600000
1053562.750000
1057851.600000
1059240.700000
1069832.750000
1070832.700000
1072696.350000
1073281.900000
1073827.000000
1076260.350000
1076335.950000
1077561.450000
1087181.050000
1090383.000000
1090388.950000
1090735.250000
1090772.800000
1091606.750000
1093448.750000
1094185.950000
1094197.700000
1094606.750000
1100321.700000
1101114.800000
1124453.750000
1124875.500000
1125593.300000
1140779.200000
1141787.850000
1161976.650000
1168882.850000
1170006.850000
1170432.400000
1174446.150000
1175223.900000
1175833.100000
1176185.000000
1176854.550000
1176862.900000
1177422.900000
1191597.700000
1195447.850000
1202561.500000
1207671.850000
1210575.850000
1224256.650000
1225322.200000
1233241.900000
1246170.650000
1259970.650000
1265393.900000
1266302.000000
1268369.450000
1269062.450000
1271536.400000
1274667.350000
1278841.650000
1280855.350000
1284558.200000
1299788.100000
1313064.450000
1320419.650000
1326152.750000
1327745.700000
1328244.050000
1335348.050000
1336429.000000
1343901.950000
1345471.450000
1351951.100000
1355674.100000
1360313.150000
1360579.050000
1360587.250000
1360590.700000
1360594.100000
1360599.950000
1360611.250000
1360617.800000
1368757.650000
1376688.150000
1382698.600000
1383513.850000
1385094.800000
1393206.350000
1394745.900000
1395139.700000
1403584.100000
1409991.550000
1419126.700000
1423799.050000
1423837.950000
1426609.000000
1427701.400000
1446493.000000
1446515.200000
1453923.600000
1453966.050000
1453975.300000
1453980.150000
1461001.250000
1465923.950000
1485397.800000
1488325.900000
1493624.250000
1500129.400000
1504478.450000
1504531.700000
1522753.500000
1541239.650000
1544366.100000
1544641.350000
1545131.450000
1550649.850000
1551359.200000
1559260.800000
1560179.250000
1560636.950000
1560876.850000
1564360.150000
1564367.950000
1564374.500000
1564378.350000
1564381.650000
1593725.150000
1593765.350000
1598232.950000
1601183.150000
1601240.100000
1617479.800000
1632566.050000
1634334.600000
1634380.050000
1634415.950000
1634420.950000
1634429.700000
1634460.900000
1635230.000000
1635523.100000
1636050.600000
1636096.850000
1636465.400000
1636598.950000
1636633.700000
1637008.150000
1637924.450000
1649405.450000
1649434.550000
1649828.250000
1681834.500000
1687718.750000
1687726.050000
1687729.000000
1694563.650000
1694596.400000
1694951.500000
1695004.800000
1695149.300000
1695238.800000
1695367.650000
1695478.050000
1697471.400000
1703312.450000
1705917.350000
1711391.100000
1711598.950000
1712951.750000
1716073.650000
1716636.550000
1718480.350000
1723086.500000
1726461.800000
1726468.000000
1726500.950000
1727007.100000
1727025.250000
1730803.800000
1732974.050000
1733618.950000
1735091.000000
1736782.800000
1738364.350000
1743077.000000
1745087.900000
1747211.650000
1747525.100000
1752692.500000
1755079.200000
1755544.550000
1755554.600000
1755714.650000
1756396.600000
1756739.200000
1757276.000000
1758186.400000
1758465.200000
1759001.900000
1760657.250000
1760904.800000
1765827.200000
1765836.250000
1766570.450000
1768399.600000
1768483.900000
1768491.500000
1772715.800000
1775852.500000
1777335.600000
1780509.100000
1781199.650000
1785405.100000
1785494.850000
1785594.600000
1785612.500000
1785771.750000
1785851.250000
1785992.300000
1786156.750000
1786535.600000
1786685.700000
1787342.550000
1787836.950000
1788825.800000
1788831.000000
1789298.700000
1798187.100000
1798194.100000
1798199.000000
1798314.950000
1798469.600000
1799466.050000
1809554.800000
1810595.150000
1811366.600000
1811735.850000
1813923.200000
1814475.950000
1814628.450000
1814692.600000
1815083.050000
1815133.550000
1816676.350000
1816831.800000
1817008.150000
1819492.150000
1823396.100000
1823862.200000
1823880.600000
1844593.100000
1845503.800000
1854479.850000
1855636.400000
1855694.050000
1855749.950000
1860720.250000
1867280.700000
1869444.150000
1870338.150000
1876117.750000
1876160.250000
1886588.550000
1886592.550000
1886597.750000
1890206.800000
1895651.950000
1895656.800000
1895660.650000
1904899.050000
1904931.950000
1904969.650000
1904974.350000
1905376.050000
1905599.100000
1917579.500000
1917585.600000
1917589.650000
1923166.350000
1928301.450000
1930700.350000
1934850.500000
1940289.000000
1944881.000000
1950769.200000
1955798.300000
1958779.150000
1966119.000000
1966905.050000
1966942.600000
1967548.950000
1973143.600000
1981835.400000
1983136.900000
1983383.750000
1984938.500000
1984951.350000
1991147.950000
1995148.350000
1995190.950000
1995463.650000
1995474.800000
1995482.300000
2001601.750000
2003582.850000
2007329.250000
2018589.750000
2020446.300000
2021460.450000
2022535.100000
2023762.500000
2033647.350000
2036762.550000
2036775.250000
2036779.250000
2039341.300000
2042521.050000
2048787.450000
2050239.400000
2050259.600000
2050268.500000
2050272.300000
2050276.050000
2050280.600000
2050964.200000
2050977.450000
2060956.100000
2061719.450000
2062701.350000
2065214.600000
2070647.600000
2077947.300000
2094360.900000
2094940.700000
2094948.700000
2095431.400000
2095932.550000
2096165.150000
2103269.450000
2113531.000000
2114684.700000
2123561.300000
2129843.000000
2131886.400000
2131891.950000
2134509.500000
2134800.250000
2134813.500000
2134818.350000
2134825.050000
2134829.950000
2135317.250000
2135345.100000
2135363.800000
2136080.950000
2136091.750000
2144579.850000
2156711.400000
2157358.150000
2158129.000000
2159746.000000
2176511.650000
2178653.450000
2179123.700000
2179641.550000
2186024.050000
2186028.950000
2186032.900000
2186036.650000
2186041.450000
2188365.800000
2189607.200000
2189617.050000
2196950.050000
2226795.100000
2234863.700000
2237578.250000
2247661.250000
2249474.850000
2253467.600000
2254828.400000
2265489.500000
2272945.150000
2273151.450000
2275115.800000
2277326.400000
2278773.200000
2283929.200000
2285067.900000
2286618.600000
2287407.850000
2289592.250000
2289599.750000
2292014.050000
2294652.600000
2298176.400000
2298185.300000
2299082.300000
2301716.850000
2304767.250000
2314243.850000
2314755.500000
2321945.600000
2350193.150000
2350354.950000
2352167.500000
2352205.600000
2361504.150000
2362768.750000
2362871.900000
2363758.700000
2367962.000000
2368970.650000
2369198.300000
2369458.950000
2369570.350000
2369679.200000
2369695.050000
2369798.050000
2370401.650000
2370622.250000
2370633.200000
2370652.450000
2370755.300000
2370759.850000
2370873.700000
2370881.100000
2371001.000000
2371131.600000
2371152.050000
2371547.650000
2371588.250000
2371709.750000
2371854.050000
2371981.100000
2372050.500000
2372616.750000
2372781.550000
2372901.650000
2372924.350000
2372998.800000
2373123.350000
2373275.550000
2373327.200000
2373350.500000
2373374.800000
2373661.250000
2373666.850000
2374294.000000
2374371.450000
2374403.250000
2374856.100000
2375113.300000
2375121.450000
2375221.400000
2375248.350000
2375322.600000
2375540.700000
2375789.550000
2375799.750000
2375880.050000
2375903.400000
2376272.250000
2376280.000000
2376317.950000
2385230.200000
2412439.900000
2416829.600000
2419399.300000
2423450.700000
2424107.250000
2436826.800000
2443511.050000
2443592.300000
2457659.800000
2460780.300000
2462217.100000
2464783.700000
2467829.950000
2468001.100000
2483887.100000
2489142.450000
2493522.700000
2495458.100000
2498736.550000
2508864.200000
2509896.650000
2515461.500000
2519440.500000
2520371.200000
2531957.900000
2533380.550000
2535036.000000
2536049.450000
2537743.050000
2538003.550000
2539242.200000
2544928.550000
2550188.150000
2551203.950000
2552710.250000
2554241.200000
2554654.700000
2556157.450000
2562693.300000
2563761.000000
2563970.500000
2566535.900000
2569913.250000
2587169.250000
2587190.200000
2588561.200000
2588744.650000
2590083.150000
2590087.650000
2614233.100000
2618991.450000
2619841.900000
2620610.100000
2620629.100000
2626425.750000
2626607.250000
2626984.100000
2635635.200000
2636538.850000
2637686.050000
2644157.150000
2644170.350000
2644173.900000
2644177.150000
2644212.850000
2644241.900000
2644506.150000
2644514.200000
2653719.250000
2655372.650000
2660736.700000
2668074.450000
2668085.300000
2673028.650000
2673040.900000
2676135.850000
2679470.550000
2679490.200000
2686117.000000
2686125.250000
2686128.900000
2686132.150000
2686136.050000
2686141.500000
2686146.600000
2686172.400000
2686179.250000
2686680.100000
2686864.850000
2686991.800000
2687003.600000
2687767.900000
2687824.100000
2687894.900000
2687905.650000
2695380.600000
2703886.800000
2708818.250000
2713487.000000
2727721.500000
2739063.700000
2747418.650000
2747876.300000
2749741.300000
2752436.750000
2753215.600000
2755945.350000
2758243.950000
2764674.850000
2775558.400000
2781495.800000
2786577.450000
2786625.050000
2807497.200000
2826633.200000
2834856.000000
2837598.750000
2838757.400000
2847816.450000
2854156.950000
2854593.750000
2858107.700000
2858113.700000
2858118.250000
2860577.300000
2860588.300000
2875084.950000
2877850.350000
2878165.800000
2880601.600000
2881226.250000
2881231.300000
2881239.400000
2881242.750000
2885491.200000
2890456.600000
2890491.050000
2890495.500000
2896277.750000
2899960.900000
2900060.000000
2900255.300000
2900364.700000
2903217.100000
2903220.700000
2904514.450000
2905368.300000
2909295.550000
2919952.750000
2921899.950000
2940211.300000
2940219.100000
2940298.850000
2952520.300000
2952526.950000
2959963.850000
2962429.500000
2965072.800000
2968009.550000
2968725.700000
2977616.800000
2979842.100000
2986668.150000
2999348.150000
3003168.450000
3005446.100000
3018966.500000
3032039.150000
3036369.550000
3037263.550000
3038094.250000
3039655.500000
3042216.850000
3043308.150000
3057697.950000
3058928.200000
3062605.650000
3066375.900000
3068472.500000
3076816.200000
3077860.700000
3097833.550000
3097844.850000
3107311.250000
3115088.150000
3122043.600000
3122052.600000
3122057.700000
3122062.550000
3127311.750000
3127958.100000
3139980.250000
3143549.250000
3146784.200000
3151401.000000
3152861.600000
3153015.100000
3156339.600000
3156349.400000
3156547.550000
3157693.100000
3162435.900000
3162444.200000
3162448.750000
3162452.450000
3162457.050000
3168151.350000
3171748.150000
3173488.350000
3178562.700000
3178568.950000
3182969.200000
3196078.600000
3196086.400000
3196181.000000
3204581.100000
3213467.350000
3226256.400000
3230672.450000
3236040.300000
3236972.550000
3239923.000000
3240685.050000
3241529.600000
3241543.800000
3241592.700000
3241968.900000
3242832.200000
3244792.600000
3254403.400000
3254416.550000
3254621.000000
3254982.800000
3255482.650000
3257368.150000
3258688.750000
3266120.300000
3274749.900000
3274760.500000
3275324.850000
3278125.050000
3282903.400000
3284299.250000
3288553.150000
3288563.150000
3293934.150000
3296429.350000
3302267.250000
3307522.500000
3323976.550000
3328121.600000
3333906.550000
3334664.800000
3334750.000000
3338835.500000
3339517.350000
3339810.700000
3344398.700000
3346331.500000
3347410.050000
3359473.700000
3359482.850000
3365127.550000
3366872.050000
3367025.200000
3375632.750000
3381660.650000
3391409.000000
3392344.550000
3399732.000000
3411632.650000
3411643.900000
3417826.000000
3418082.300000
3418139.600000
3421168.950000
3421319.450000
3422905.200000
3425999.150000
3427932.300000
3432517.950000
3434939.850000
3435341.950000
3442440.150000
3443658.450000
3443745.250000
3443750.050000
3445447.850000
3447473.750000
3447581.750000
3458946.900000
3467924.750000
3467941.850000
3467947.750000
3467952.050000
3467955.850000
3468332.300000
3468380.200000
3468435.650000
3486410.700000
3490097.550000
3494935.100000
3512931.250000
3514193.600000
3525328.150000
3528834.750000
3539797.500000
3548089.850000
3569431.500000
3571773.600000
3571782.650000
3572570.600000
3577570.550000
3577978.050000
3579532.800000
3581065.700000
3587916.800000
3588273.000000
3591405.700000
3591540.950000
3595315.250000
3596287.900000
