1644.500000
4940.250000
5043.400000
5423.850000
8126.750000
8637.500000
9276.450000
9335.700000
9347.850000
12684.450000
13081.600000
13928.600000
14989.800000
15554.950000
15599.050000
18925.700000
23473.800000
32261.950000
51825.700000
77234.950000
81440.600000
83700.700000
86525.050000
87767.600000
89130.150000
90792.450000
90818.350000
91692.650000
91701.900000
91750.000000
92141.250000
96758.050000
103516.250000
119626.200000
122639.200000
123800.650000
124584.800000
127926.950000
128046.100000
128325.600000
128780.350000
128829.300000
128852.700000
129540.550000
130438.550000
130445.900000
130476.550000
131233.950000
132528.400000
133342.000000
139047.750000
139091.450000
139313.900000
140879.850000
141035.400000
141056.650000
141058.400000
141101.050000
141597.800000
141794.150000
142094.450000
145841.650000
149353.300000
149357.550000
149439.900000
156069.850000
156090.550000
156268.950000
157002.850000
157008.500000
158662.600000
158689.250000
158885.900000
159529.150000
160565.750000
160646.400000
161343.600000
161628.650000
161815.650000
161820.250000
163076.750000
175933.150000
177460.000000
177470.900000
177486.350000
182626.600000
183403.500000
192999.800000
204898.850000
212730.600000
223997.450000
224003.900000
224006.250000
230339.500000
231961.550000
235092.700000
243663.800000
244966.400000
270025.250000
270186.900000
270454.500000
270459.000000
270471.200000
272641.600000
277456.250000
299366.600000
300596.200000
300610.150000
301929.900000
302618.750000
305172.250000
310148.050000
311236.150000
311331.250000
316754.100000
317881.600000
318849.450000
319329.050000
319456.750000
319475.150000
319561.050000
319571.500000
319576.500000
319584.600000
319696.750000
319701.500000
319709.550000
319820.600000
319825.900000
321020.600000
328426.200000
341416.800000
347140.150000
349203.550000
350826.200000
351629.450000
355310.550000
355753.850000
355792.750000
355801.750000
361920.700000
362657.150000
367991.700000
368499.250000
368733.750000
381666.400000
384361.050000
387181.300000
388456.300000
388515.400000
393357.700000
394014.950000
394069.700000
394421.100000
397286.250000
398207.100000
398260.700000
399172.000000
400069.750000
400380.950000
400464.500000
400499.600000
402493.550000
409324.800000
434645.300000
440622.600000
445513.000000
469736.400000
490656.800000
490750.200000
490754.150000
490758.100000
490768.250000
507583.550000
512006.150000
512033.100000
512034.550000
512466.200000
513099.800000
513284.450000
513355.200000
513420.700000
513803.150000
514550.000000
514554.400000
515404.050000
516373.050000
518514.900000
520090.550000
521178.700000
521784.600000
522268.500000
527388.900000
527403.600000
527488.450000
528634.150000
529588.000000
530221.650000
532562.800000
533735.250000
533787.650000
534098.800000
534300.600000
534312.800000
534769.450000
536286.650000
536931.250000
536969.350000
537502.450000
537973.950000
539207.850000
540411.000000
540427.000000
543715.850000
543723.750000
545264.550000
545298.800000
545302.350000
545942.700000
546025.950000
546338.900000
546805.250000
547566.100000
547754.750000
548671.600000
548679.850000
550159.250000
551459.650000
551528.200000
552229.150000
559094.550000
563081.650000
574902.350000
583090.800000
585126.200000
586653.750000
589312.450000
599020.900000
599025.200000
602211.500000
613485.900000
624560.800000
628077.850000
628332.750000
630025.450000
630029.950000
630930.450000
631418.500000
631820.600000
632523.200000
633079.650000
634005.800000
634756.950000
634908.650000
635037.150000
635142.450000
638387.600000
638978.600000
639377.600000
640818.800000
642990.950000
642995.850000
643778.000000
643956.450000
645274.250000
650051.800000
650873.600000
652219.450000
653879.650000
654616.100000
654646.450000
654676.550000
654962.950000
655454.750000
655644.350000
655653.400000
658081.000000
659204.500000
659320.800000
660077.100000
660758.850000
662210.150000
662558.100000
662747.050000
662953.150000
662961.300000
663134.400000
663403.150000
664261.000000
664303.050000
666060.450000
666434.400000
667001.650000
667395.050000
667451.350000
667515.500000
668143.950000
668171.850000
668476.500000
668590.250000
668938.100000
668942.400000
669159.400000
672646.050000
673893.700000
674412.850000
675000.100000
675441.600000
676550.150000
679457.350000
679471.650000
680043.100000
680472.200000
683802.900000
684635.050000
687177.350000
688224.500000
688551.200000
688586.750000
688695.300000
690511.650000
691258.850000
692496.150000
692546.800000
692934.950000
693065.850000
696257.950000
698237.750000
706747.550000
707495.950000
707601.050000
707859.950000
707889.600000
711178.000000
711947.100000
712125.000000
713535.650000
713595.700000
713978.200000
715420.100000
715788.500000
720556.450000
729154.700000
732240.150000
732288.100000
733111.250000
735988.550000
736917.450000
737263.900000
743386.500000
743681.850000
744904.150000
745405.200000
745636.500000
751121.350000
761713.550000
761784.250000
761789.000000
761796.650000
769247.400000
769252.800000
780062.550000
780243.300000
780247.450000
780413.900000
780511.650000
780527.450000
780539.600000
780545.100000
780675.100000
782779.200000
783803.700000
783870.200000
783891.450000
784221.850000
784246.700000
784258.300000
784325.150000
784363.600000
785378.500000
785878.000000
785881.650000
786693.600000
786710.650000
786734.650000
787211.600000
787290.950000
787365.950000
787518.000000
787604.700000
787616.650000
787930.450000
787950.250000
787966.050000
788010.200000
788705.650000
788821.800000
788831.300000
788838.850000
788893.050000
789034.000000
791378.450000
791493.450000
791516.850000
791632.450000
791840.300000
792688.450000
793554.300000
794693.950000
800179.950000
800554.200000
802361.050000
802546.250000
803501.500000
811019.350000
811294.250000
813405.400000
813810.550000
813815.750000
813829.100000
815202.500000
816096.600000
816147.650000
816253.500000
816651.250000
816710.700000
816765.350000
816884.950000
817675.900000
821077.650000
821108.000000
821118.850000
826333.750000
826523.750000
826612.300000
826616.700000
827139.700000
827448.450000
829022.250000
829089.850000
831552.950000
831565.850000
833664.150000
833956.950000
834015.450000
834067.450000
834167.000000
834343.550000
834723.900000
835112.950000
835323.100000
836630.300000
836647.050000
838590.100000
838769.800000
838772.250000
839487.700000
839710.800000
840059.800000
844800.550000
845608.100000
846826.500000
848750.950000
849474.200000
851727.600000
851942.550000
852198.600000
852219.350000
852660.550000
852733.000000
854095.850000
854687.500000
855810.700000
856643.700000
856989.200000
857131.850000
857141.400000
857187.600000
857569.400000
858189.650000
858209.850000
858620.400000
858631.550000
859212.950000
860932.500000
860940.650000
860949.750000
861926.150000
861948.300000
867947.700000
868389.500000
869165.300000
869169.650000
871343.550000
872649.800000
874019.050000
875852.700000
877658.450000
877930.200000
878895.750000
880043.300000
880555.050000
882927.450000
885271.100000
886457.000000
886799.500000
888652.300000
891603.900000
891630.700000
892004.200000
896544.750000
897758.600000
897992.150000
898936.700000
898966.550000
899486.250000
899506.700000
899535.100000
900757.700000
901229.200000
907981.950000
909286.000000
909460.500000
912003.450000
912316.700000
912583.900000
913621.150000
913790.550000
915097.500000
918638.350000
920578.450000
923684.450000
924463.900000
925307.350000
928949.200000
929596.000000
936534.300000
936562.600000
938526.300000
939388.850000
939393.500000
941536.250000
944238.500000
944248.550000
946725.400000
950376.900000
966900.200000
968016.050000
971316.000000
988606.950000
1001653.750000
1002115.900000
1011576.350000
1014751.250000
1019537.650000
1022442.900000
1022446.450000
1022455.350000
1022458.000000
1022465.100000
1022647.900000
1022654.450000
1024526.050000
1025533.900000
1028130.400000
1032757.050000
1033712.950000
1037044.650000
1042575.850000
1044240.800000
1045266.500000
1045347.950000
1045491.000000
1045670.300000
1045717.500000
1049466.000000
1052256.700000
1052976.500000
1054173.100000
1054182.200000
1054242.650000
1054714.750000
1055075.100000
1056178.800000
1056201.000000
1056230.500000
1056335.950000
1056588.550000
1056616.700000
1056807.000000
1057256.600000
1060188.550000
1060493.500000
1060908.550000
1062119.000000
1063232.750000
1066936.500000
1067031.350000
1067459.900000
1067526.300000
1067740.500000
1069369.200000
1069628.100000
1071919.950000
1073290.150000
1075686.250000
1076512.100000
1079228.500000
1079577.700000
1081632.800000
1082794.350000
1082841.750000
1084104.050000
1084141.750000
1084256.700000
1085109.250000
1085113.100000
1085741.750000
1087307.750000
1088095.950000
1089975.250000
1090825.150000
1092028.750000
1092384.600000
1093175.750000
1093205.100000
1093212.550000
1094629.450000
1095055.450000
1095314.100000
1095707.600000
1097368.050000
1097640.100000
1099178.550000
1099393.400000
1099495.600000
1099653.500000
1100565.050000
1100582.650000
1100790.150000
1100957.650000
1101458.600000
1101853.650000
1103413.850000
1103705.850000
1109032.600000
1109844.150000
1109964.700000
1112635.950000
1113298.600000
1113979.350000
1115743.700000
1116139.500000
1116140.700000
1116938.400000
1116943.800000
1116948.450000
1117215.950000
1117941.700000
1118249.700000
1118398.950000
1120564.000000
1121087.550000
1121168.900000
1122226.050000
1122531.750000
1123192.950000
1124605.700000
1124856.950000
1124864.100000
1127598.450000
1129295.650000
1129832.800000
1130406.400000
1130427.150000
1131110.000000
1131115.700000
1133282.150000
1133986.850000
1134523.350000
1134572.850000
1136267.700000
1139263.500000
1140792.850000
1142829.850000
1142890.400000
1143929.050000
1145515.850000
1147523.800000
1148041.350000
1148049.700000
1148506.900000
1148891.900000
1149436.400000
1149442.800000
1151404.300000
1151475.300000
1154607.600000
1154699.350000
1154822.000000
1157711.250000
1158065.900000
1159539.600000
1160299.950000
1161271.750000
1161777.100000
1162231.350000
1162597.900000
1166222.300000
1168163.850000
1169719.100000
1171187.800000
1171665.650000
1173047.950000
1175892.050000
1176645.600000
1179981.000000
1180955.450000
1182727.600000
1185298.850000
1187841.300000
1188426.300000
1190096.850000
1190928.200000
1191097.900000
1191379.250000
1193004.050000
1193011.600000
1193018.850000
1193368.600000
1194169.050000
1196457.300000
1197082.650000
1197164.000000
1197633.050000
1201062.950000
1201082.600000
1201372.850000
1201769.450000
1201804.600000
1202248.250000
1202297.000000
1203440.300000
1205768.700000
1206970.100000
1207777.200000
1207782.950000
1208155.700000
1208236.350000
1208979.750000
1209497.850000
1209604.350000
1210847.500000
1210889.800000
1211862.200000
1213364.300000
1213747.900000
1215189.150000
1215428.650000
1216121.650000
1217066.950000
1218771.250000
1219268.100000
1220352.300000
1223344.000000
1223744.450000
1224169.900000
1224246.100000
1224260.800000
1224339.400000
1225598.650000
1226096.050000
1228505.100000
1231124.600000
1234319.450000
1234671.000000
1234674.000000
1234687.450000
1234778.400000
1236700.750000
1237435.200000
1242152.750000
1243219.950000
1243946.150000
1244406.850000
1244553.600000
1244919.300000
1245469.300000
1250070.300000
1250817.400000
1250825.600000
1251860.650000
1253943.750000
1255957.050000
1258877.400000
1259789.350000
1262969.000000
1264458.050000
1265917.450000
1268051.900000
1270696.300000
1270711.550000
1270718.600000
1270776.250000
1270782.150000
1270782.700000
1270789.050000
1270796.300000
1270800.350000
1270805.500000
1270829.050000
1270841.850000
1270962.850000
1270966.000000
1270969.450000
1270975.350000
1271028.100000
1271041.850000
1271046.050000
1271054.550000
1271060.900000
1271071.500000
1271083.150000
1272438.500000
1272453.550000
1277976.250000
1278013.050000
1279949.750000
1281098.550000
1281202.900000
1281219.000000
1284398.550000
1285404.700000
1287677.800000
1288780.900000
1290752.500000
1290755.500000
1290758.750000
1290765.500000
1292523.250000
1293832.400000
1297256.900000
1298982.800000
1300313.450000
1303194.800000
1306674.350000
1306733.250000
1307673.850000
1308743.500000
1308748.750000
1309318.900000
1310210.750000
1313000.150000
1313773.000000
1314968.350000
1316464.800000
1320066.950000
1320148.950000
1320172.600000
1321478.450000
1323212.350000
1327275.700000
1327813.150000
1327818.100000
1327821.300000
1327836.300000
1327842.400000
1327856.550000
1327872.050000
1328938.600000
1328955.150000
1331125.150000
1331295.250000
1331306.100000
1331339.950000
1339348.100000
1345361.700000
1349307.550000
1350791.700000
1351546.150000
1353329.950000
1359315.450000
1360398.600000
1360811.750000
1360814.650000
1360944.550000
1363167.800000
1367344.150000
1368636.700000
1369393.950000
1376626.600000
1380673.200000
1383023.200000
1401086.100000
1407259.300000
1411560.600000
1412693.600000
1412707.550000
1413133.850000
1418327.000000
1418331.500000
1418338.300000
1419578.900000
1421637.900000
1429296.900000
1429407.600000
1430364.450000
1430516.400000
1433141.300000
1433188.150000
1434025.100000
1434902.050000
1436707.200000
1436714.550000
1439392.500000
1439421.900000
1440669.150000
1440674.500000
1444286.200000
1445898.900000
1448201.150000
1451927.450000
1452843.300000
1458912.700000
1459093.250000
1459099.650000
1460547.650000
1460690.450000
1460691.000000
1461950.100000
1462434.950000
1462443.950000
1463140.500000
1463200.550000
1463450.000000
1464858.950000
1465778.150000
1467278.750000
1467556.350000
1468091.650000
1469018.250000
1470183.700000
1474164.650000
1474176.700000
1474643.600000
1474765.100000
1478516.000000
1478530.800000
1478626.250000
1480472.850000
1481006.700000
1481133.800000
1483001.700000
1484319.700000
1485661.900000
1487486.350000
1487805.450000
1487815.650000
1489084.150000
1490780.900000
1490801.750000
1491573.500000
1492119.900000
1502060.050000
1502113.100000
1502155.850000
1502189.200000
1502201.600000
1504153.450000
1505612.050000
1506460.450000
1518666.100000
1521094.800000
1523177.850000
1523513.700000
1524013.700000
1524190.250000
1524536.400000
1525238.500000
1525773.950000
1526354.300000
1532003.650000
1532393.400000
1532590.450000
1532598.400000
1532614.500000
1533379.300000
1533612.500000
1533862.800000
1534188.950000
1534761.000000
1535069.600000
1535450.600000
1535958.950000
1536026.750000
1537399.300000
1538028.750000
1539075.850000
1540052.500000
1540165.000000
1540179.550000
1542130.850000
1542132.000000
1545298.850000
1545596.300000
1546295.800000
1550722.200000
1551924.200000
1554834.600000
1555220.100000
1555716.200000
1556138.450000
1556198.950000
1557849.850000
1557862.600000
1557891.650000
1559256.850000
1559892.400000
1561539.900000
1563467.400000
1566417.000000
1569283.200000
1569291.150000
1570719.550000
1570723.450000
1570737.750000
1572758.650000
1572765.600000
1577874.000000
1577980.150000
1578004.500000
1578715.250000
1579117.550000
1579496.150000
1579706.550000
1580456.650000
1581552.250000
1581711.450000
1581787.100000
1581796.500000
1582196.500000
1582373.750000
1583447.200000
1587458.400000
1588533.600000
1590094.950000
1590103.050000
1590841.600000
1590861.900000
1590865.450000
1593796.400000
1594919.250000
1594923.200000
1594932.150000
1594935.300000
1596524.900000
1600947.400000
1601685.650000
1601690.650000
1601695.250000
1605975.800000
1612527.100000
1612635.400000
1612963.900000
1615064.500000
1616164.050000
1616986.200000
1618680.100000
1621208.550000
1625216.550000
1626616.700000
1635782.000000
1635791.250000
1639982.550000
1642179.450000
1642182.800000
1644269.250000
1646655.050000
1650802.500000
1651975.500000
1651979.550000
1658549.550000
1670327.350000
1670372.450000
1671371.050000
1671377.250000
1673300.550000
1673311.500000
1677157.150000
1677964.550000
1681426.900000
1685666.050000
1685669.500000
1686667.950000
1689006.500000
1691564.000000
1692643.250000
1695567.550000
1697756.050000
1697779.400000
1701127.450000
1704472.450000
1704931.100000
1706235.750000
1706824.350000
1709095.250000
1709363.250000
1710894.350000
1711683.100000
1717170.500000
1719050.150000
1724901.800000
1733889.950000
1734561.050000
1737713.400000
1737753.100000
1738143.650000
1738169.100000
1738187.250000
1738204.600000
1741046.050000
1741957.900000
1741967.750000
1744156.500000
1746705.850000
1748935.150000
1751809.050000
1759141.400000
1759476.500000
1762376.500000
1762385.500000
1762400.300000
1763156.500000
1764562.300000
1768876.500000
1768888.000000
1768907.900000
1769041.450000
1771990.400000
1772028.600000
1774695.400000
1775569.450000
1776363.600000
1777415.500000
1777420.200000
1777435.600000
1779815.750000
1780848.100000
1780854.500000
1780859.700000
1783193.100000
1783203.550000
1783204.750000
1783881.450000
1789545.750000
1789573.800000
1789671.750000
1789939.300000
1790070.800000
1790720.400000
1791306.200000
1792972.500000
1793254.500000
1793822.950000
1794850.100000
1794867.450000
1800015.450000
1806911.350000
1808158.600000
1808166.100000
1808169.250000
1808184.850000
1808206.700000
1808774.700000
1809036.800000
1810860.550000
1810878.350000
1813266.600000
1817184.750000
1817193.700000
1817352.000000
1817361.750000
1817700.400000
1817854.700000
1819544.500000
1819885.100000
1820960.450000
1820978.600000
1821957.500000
1821962.850000
1822231.600000
1823010.250000
1823228.000000
1823512.400000
1823521.300000
1824899.500000
1824939.550000
1824945.350000
1825455.850000
1826148.550000
1827310.200000
1827318.650000
1828987.550000
1830401.000000
1831278.200000
1831362.150000
1831382.450000
1831712.000000
1831723.150000
1831902.950000
1831983.300000
1832477.500000
1832489.600000
1834674.900000
1836698.800000
1837523.500000
1837685.200000
1839768.850000
1840374.800000
1841334.650000
1841347.950000
1842214.100000
1842645.200000
1842685.650000
1843474.450000
1843483.250000
1846782.350000
1846793.050000
1846801.850000
1849169.450000
1852957.100000
1853833.350000
1853849.650000
1855755.350000
1857048.850000
1858747.250000
1859365.000000
1859564.000000
1859568.950000
1859602.150000
1859635.600000
1861104.350000
1861118.600000
1861133.200000
1862047.600000
1866547.850000
1868624.400000
1868866.650000
1868899.700000
1870955.250000
1871977.900000
1872985.050000
1874629.100000
1874927.000000
1874952.150000
1875263.900000
1875405.250000
1875537.850000
1875633.600000
1875668.450000
1875713.200000
1875724.300000
1875988.200000
1876111.200000
1876911.350000
1876962.100000
1877219.700000
1877493.800000
1877648.650000
1878005.700000
1878300.250000
1879040.350000
1880357.400000
1880759.450000
1881477.100000
1881874.400000
1882016.000000
1882120.050000
1882273.200000
1883100.100000
1883424.650000
1883480.000000
1883660.850000
1883788.150000
1883811.850000
1884176.800000
1884212.100000
1884349.350000
1884393.550000
1884997.800000
1885585.800000
1885613.900000
1885672.400000
1885859.450000
1886121.450000
1886150.050000
1886320.900000
1886534.900000
1887346.150000
1887975.900000
1888428.450000
1888683.200000
1888759.500000
1888784.900000
1889862.900000
1890006.400000
1890075.750000
1890140.850000
1890161.800000
1890233.200000
1890524.650000
1890530.400000
1891271.200000
1891390.700000
1891919.250000
1892070.850000
1894890.800000
1894895.400000
1895520.800000
1895591.550000
1895606.100000
1896456.000000
1896459.900000
1896610.750000
1896626.200000
1896769.850000
1896914.950000
1897043.000000
1897389.700000
1897554.450000
1897966.900000
1898054.750000
1898547.750000
1898845.850000
1899358.750000
1899980.000000
1900483.100000
1900702.800000
1900855.300000
1900935.250000
1901121.900000
1901263.750000
1901652.050000
1901952.950000
1902246.050000
1903721.850000
1903767.000000
1903777.250000
1903921.900000
1904174.700000
1904703.450000
1905093.050000
1905142.950000
1906125.850000
1906525.350000
1906548.600000
1906853.500000
1906896.000000
1907075.500000
1907467.150000
1908383.600000
1908433.650000
1908457.850000
1908915.650000
1909297.600000
1909562.700000
1909595.650000
1909659.800000
1909669.250000
1909714.800000
1909734.100000
1909767.050000
1909779.950000
1909803.650000
1909811.750000
1910058.800000
1910229.650000
1910568.100000
1911240.350000
1911293.800000
1911328.500000
1912048.600000
1912070.150000
1912456.050000
1912638.050000
1912925.800000
1912949.100000
1913837.450000
1914416.150000
1914769.600000
1915139.550000
1915179.900000
1916362.800000
1916392.300000
1916406.800000
1916504.400000
1917900.800000
1917909.850000
1918492.600000
1918505.000000
1920089.900000
1921410.650000
1921530.200000
1921562.900000
1921788.550000
1921802.750000
1922447.900000
1924344.300000
1924520.300000
1925759.000000
1926088.800000
1929364.300000
1929378.250000
1929502.250000
1929523.500000
1929561.700000
1929572.350000
1929595.150000
1930066.250000
1930077.300000
1930164.650000
1930336.150000
1930373.400000
1930520.450000
1930787.100000
1931507.900000
1931522.400000
1931581.400000
1931734.650000
1931758.600000
1931821.000000
1934103.450000
1934141.300000
1939027.900000
1941829.450000
1941931.600000
1941963.050000
1942206.750000
1942238.300000
1942254.750000
1942379.750000
1942405.950000
1942594.250000
1942602.500000
1942776.750000
1942885.750000
1943645.450000
1943722.500000
1943842.200000
1943858.850000
1943876.050000
1944598.950000
1944854.350000
1945365.200000
1945373.150000
1945400.650000
1945419.100000
1945755.250000
1945878.450000
1946032.200000
1946040.150000
1946478.200000
1946488.050000
1946531.650000
1946584.250000
1946754.550000
1946979.600000
1947326.850000
1949980.600000
1951634.150000
1954618.400000
1954621.400000
1954629.750000
1957807.050000
1959840.750000
1960431.550000
1961324.450000
1961356.750000
1961404.600000
1961417.250000
1961435.550000
1961513.150000
1961807.400000
1961868.950000
1962054.600000
1962089.450000
1962229.300000
1962264.000000
1962370.750000
1962446.550000
1962644.850000
1962749.950000
1963077.950000
1963313.300000
1963507.600000
1963710.850000
1963876.050000
1964036.200000
1964113.150000
1964501.600000
1964550.850000
1964793.700000
1964882.100000
1964908.450000
1965001.450000
1965151.750000
1965318.100000
1965507.050000
1965602.050000
1965841.950000
1966060.450000
1966090.250000
1966111.650000
1966622.300000
1966872.800000
1966893.450000
1966921.050000
1967018.850000
1967091.000000
1967113.350000
1967210.750000
1967477.900000
1967484.800000
1967707.300000
1968004.600000
1968194.100000
1968219.300000
1968475.600000
1968544.650000
1968640.050000
1968665.200000
1968913.400000
1969058.500000
1969273.300000
1969427.750000
1969575.150000
1969610.250000
1969749.800000
1970129.950000
1970148.400000
1970261.850000
1970278.200000
1970363.200000
1970407.700000
1970596.700000
1970919.300000
1971119.900000
1971389.900000
1971810.900000
1972158.100000
1972221.550000
1972250.650000
1972392.100000
1972704.350000
1973321.100000
1973342.650000
1973429.800000
1973676.600000
1973886.250000
1973920.750000
1974286.650000
1974731.650000
1974836.900000
1975107.250000
1975268.750000
1975509.200000
1975782.100000
1975936.400000
1976198.200000
1976385.200000
1976403.650000
1976409.250000
1976525.750000
1976593.100000
1976610.600000
1976635.150000
1976674.800000
1977905.850000
1977953.150000
1978024.600000
1978056.100000
1978065.850000
1978095.550000
1978696.050000
1978722.500000
1978830.700000
1978883.100000
1979241.100000
1979293.450000
1979402.550000
1979855.450000
1979903.550000
1980191.900000
1980274.300000
1981002.850000
1981015.050000
1981786.100000
1982895.000000
1984229.900000
1984591.200000
1984598.600000
1985848.350000
1985858.150000
1986003.450000
1988493.300000
1989611.300000
1989633.900000
1990266.300000
1990329.050000
1990339.750000
1990352.000000
1990402.250000
1990898.250000
1991033.150000
1992337.100000
1992469.700000
1992492.150000
1992988.950000
1994654.700000
1994660.300000
1994663.450000
1995109.750000
1995130.400000
1995168.000000
1995205.650000
1995213.550000
1995304.350000
1995709.250000
1995720.700000
1995826.300000
1995946.200000
1996085.750000
1996121.500000
1996252.250000
1996508.850000
1996660.650000
1997099.350000
1997354.000000
1997399.000000
1997853.000000
1997859.900000
1998575.050000
1999367.600000
1999372.200000
1999418.950000
1999434.200000
1999478.050000
1999660.750000
1999765.500000
2000036.750000
2000078.250000
2000179.050000
2000267.000000
2000289.600000
2000348.950000
2000657.700000
2000741.950000
2001223.000000
2002635.450000
2002642.950000
2002714.700000
2003201.600000
2004617.300000
2004687.150000
2004691.300000
2005070.600000
2007784.800000
2008095.000000
2009306.950000
2009623.950000
2009642.450000
2009718.950000
2009734.100000
2009870.850000
2010188.000000
2010386.850000
2010673.950000
2010823.500000
2011102.900000
2011778.700000
2011872.600000
2011995.850000
2012041.050000
2012367.800000
2012375.550000
2012738.550000
2012751.950000
2017227.500000
2017232.750000
2017357.150000
2017362.950000
2017366.800000
2017382.150000
2017394.550000
2017555.700000
2017572.600000
2017583.350000
2022057.250000
2024190.150000
2024196.150000
2024203.450000
2024418.750000
2024452.150000
2024824.450000
2024874.000000
2024886.250000
2024985.950000
2025148.300000
2025155.900000
2025295.850000
2025392.200000
2025613.100000
2026037.200000
2026078.000000
2026219.550000
2026355.400000
2026424.600000
2026573.950000
2026706.250000
2026732.650000
2026814.300000
2027037.200000
2028224.850000
2029304.200000
2029537.000000
2029673.150000
2029826.050000
2030683.050000
2032430.700000
2032560.850000
2034272.250000
2034295.400000
2035418.050000
2037049.250000
2037556.200000
2037615.800000
2042442.600000
2042470.300000
2042775.950000
2042796.150000
2042813.800000
2042916.250000
2042945.800000
2043286.600000
2043333.050000
2043641.300000
2043673.400000
2043781.900000
2043836.200000
2044172.050000
2044331.900000
2044791.500000
2045001.500000
2045189.000000
2045386.900000
2045423.200000
2046014.800000
2046300.300000
2049612.900000
2051366.800000
2051544.000000
2051588.750000
2051620.500000
2051639.650000
2051821.450000
2051829.900000
2051960.200000
2052077.950000
2052430.550000
2052710.250000
2052828.900000
2053306.850000
2053334.550000
2053667.450000
2053801.050000
2055576.750000
2055610.300000
2055621.450000
2055708.150000
2055738.500000
2055783.050000
2055964.550000
2056171.950000
2056205.950000
2056466.500000
2056632.900000
2056643.350000
2057112.750000
2057178.050000
2057290.500000
2057404.850000
2057438.700000
2057602.200000
2057797.600000
2058494.000000
2058509.750000
2059063.200000
2059401.050000
2059585.050000
2060005.550000
2060871.750000
2061231.900000
2061552.550000
2061959.800000
2062197.750000
2062269.450000
2062278.600000
2062404.900000
2063241.150000
2065092.650000
2065422.350000
2065556.300000
2065572.900000
2065713.000000
2066251.650000
2068468.450000
2069145.000000
2069538.200000
2069598.900000
2069671.700000
2069685.950000
2069894.200000
2069912.050000
2069973.600000
2071039.250000
2071053.350000
2071069.600000
2071333.300000
2072664.250000
2072883.800000
2072910.400000
2073374.200000
2073454.600000
2073481.750000
2074252.800000
2075137.000000
2075150.300000
2075160.600000
2075179.400000
2075724.350000
2075840.000000
2075869.150000
2075905.900000
2077992.250000
2077997.650000
2078978.250000
2078985.750000
2078990.300000
2079463.000000
2079502.900000
2080150.350000
2080186.200000
2080636.000000
2080644.050000
2080686.400000
2080801.550000
2084010.200000
2084088.950000
2084291.950000
2084321.900000
2084347.900000
2084698.100000
2084928.650000
2085346.100000
2085366.200000
2085372.700000
2085751.850000
2085999.700000
2086097.300000
2086104.000000
2086123.600000
2086153.950000
2086505.550000
2087124.850000
2087203.650000
2089419.400000
2089432.650000
2091317.250000
2091709.150000
2092337.250000
2092342.650000
2092588.150000
2092605.750000
2092626.000000
2093016.650000
2095120.800000
2095125.850000
2095134.200000
2095196.250000
2095271.650000
2096575.600000
2096907.500000
2096918.150000
2097672.000000
2097771.600000
2097931.100000
2098133.800000
2098365.550000
2098493.500000
2098885.400000
2099007.200000
2099022.400000
2099034.350000
2099052.450000
2099464.500000
2099519.250000
2099699.700000
2101036.150000
2101062.050000
2101367.000000
2101371.350000
2101409.700000
2101416.450000
2102139.400000
2102515.650000
2104434.450000
2105798.500000
2105821.550000
2108011.600000
2109438.200000
2111327.600000
2111418.950000
2111427.850000
2111851.350000
2111884.800000
2111953.000000
2112122.850000
2112318.000000
2112356.800000
2112366.450000
2112656.600000
2113186.800000
2115425.450000
2115748.300000
2115768.400000
2115886.350000
2115907.700000
2116012.800000
2116067.750000
2116348.700000
2116443.450000
2116490.800000
2116586.550000
2116702.750000
2116759.750000
2117096.450000
2117398.300000
2117430.500000
2118473.100000
2119527.200000
2120595.850000
2120713.550000
2121963.800000
2122518.900000
2122733.950000
2122964.400000
2125026.800000
2126234.250000
2126334.400000
2126690.600000
2127210.000000
2127516.950000
2127605.450000
2127930.100000
2129852.500000
2130420.300000
2130488.250000
2131054.450000
2131368.950000
2131411.400000
2132189.950000
2132964.800000
2133004.250000
2133756.850000
2134904.650000
2135425.500000
2135444.900000
2136671.000000
2136688.800000
2136763.500000
2137075.300000
2137214.000000
2137314.300000
2137379.600000
2137395.200000
2138075.300000
2142501.750000
2144349.550000
2145841.500000
2145845.500000
2145940.150000
2145959.400000
2146385.200000
2146395.450000
2146761.250000
2146878.950000
2147215.900000
2147361.150000
2147366.950000
2147446.000000
2147466.950000
2147801.150000
2148271.900000
2148871.600000
2150011.750000
2150027.150000
2150257.600000
2150562.950000
2150984.400000
2151129.100000
2151326.850000
2152032.900000
2152096.750000
2152224.150000
2153212.700000
2153696.500000
2154276.250000
2155192.950000
2155205.650000
2155874.900000
2156212.100000
2156292.900000
2156345.450000
2156767.800000
2157270.750000
2158790.250000
2158980.200000
2159546.050000
2159557.350000
2160432.000000
2160645.350000
2160659.900000
2160720.900000
2161067.000000
2162150.250000
2162227.600000
2163982.050000
2164997.850000
2168492.750000
2168501.500000
2171228.450000
2171293.750000
2171312.400000
2171318.400000
2171323.350000
2171327.050000
2171331.400000
2173267.650000
2173358.650000
2173398.250000
2173407.300000
2173608.600000
2173619.350000
2173650.550000
2174058.400000
2174442.850000
2174483.900000
2174571.700000
2175018.050000
2175059.500000
2175119.450000
2176143.550000
2176566.450000
2176644.950000
2176735.200000
2176746.100000
2176994.100000
2177203.150000
2177270.750000
2177520.850000
2177722.950000
2177967.900000
2178477.700000
2178921.750000
2178999.200000
2179769.900000
2179844.050000
2180076.050000
2180158.150000
2180439.500000
2180659.950000
2182971.400000
2184606.350000
2184643.200000
2184823.850000
2184969.800000
2186997.900000
2187009.150000
2187021.200000
2187522.250000
2187604.800000
2188418.650000
2188777.550000
2189354.600000
2189363.900000
2190406.050000
2190471.850000
2191108.000000
2192790.800000
2194282.200000
2199152.000000
2199164.150000
2200341.600000
2200352.400000
2200358.350000
2200363.850000
2200369.850000
2202853.250000
2204227.100000
2205727.200000
2205734.300000
2205759.700000
2205818.900000
2205938.200000
2206058.050000
2206334.300000
2206537.750000
2206660.450000
2206708.700000
2207299.150000
2207697.500000
2208598.350000
2208682.850000
2208860.850000
2209378.800000
2209578.250000
2209619.550000
2209680.800000
2210243.250000
2210793.950000
2210803.950000
2211349.500000
2211688.850000
2211765.900000
2212072.250000
2212125.550000
2213996.700000
2214069.250000
2214372.750000
2214534.700000
2214814.700000
2215413.150000
2215501.000000
2215569.550000
2215858.800000
2216275.200000
2216612.800000
2217170.700000
2217747.950000
2218145.600000
2218219.650000
2218504.200000
2218523.450000
2218743.150000
2218750.850000
2220097.700000
2220335.300000
2220355.950000
2220754.650000
2221197.250000
2221301.550000
2221529.900000
2221556.900000
2222533.600000
2223087.400000
2223146.550000
2223178.650000
2223434.150000
2223472.700000
2223645.500000
2224147.300000
2224163.100000
2225489.500000
2225495.850000
2225960.900000
2227155.350000
2227161.100000
2228357.900000
2228403.500000
2228467.000000
2228592.700000
2228783.900000
2228824.650000
2229130.750000
2229211.800000
2229630.650000
2229960.050000
2229973.900000
2230112.550000
2230940.100000
2230949.250000
2231746.600000
2231793.200000
2231851.550000
2232112.000000
2232116.150000
2232587.600000
2232591.650000
2236001.800000
2236019.150000
2236171.900000
2236506.250000
2236545.200000
2236580.500000
2236704.700000
2236892.650000
2237181.750000
2237451.800000
2237488.550000
2237666.050000
2237953.450000
2238061.900000
2238230.750000
2238352.900000
2238415.850000
2238817.650000
2238851.600000
2239341.900000
2239732.600000
2240422.150000
2240654.500000
2241033.200000
2241691.000000
2242723.200000
2243211.650000
2243263.850000
2243304.800000
2243474.300000
2244943.800000
2245237.250000
2245243.300000
2245289.200000
2245395.400000
2245405.000000
2245438.250000
2245817.250000
2246078.750000
2246099.850000
2248486.800000
2250202.650000
2251185.350000
2251247.700000
2251289.200000
2251374.550000
2251383.100000
2251487.200000
2251553.200000
2251748.950000
2251764.700000
2252162.250000
2255704.700000
2257557.550000
2257560.750000
2257578.000000
2263077.900000
2263364.500000
2263372.150000
2267356.950000
2267635.650000
2267653.400000
2267669.350000
2267688.350000
2267737.700000
2267805.900000
2268097.600000
2268153.550000
2268298.700000
2268443.850000
2268542.650000
2268617.250000
2268704.150000
2268742.650000
2269622.750000
2269631.800000
2269778.000000
2269826.450000
2269880.950000
2269971.400000
2270000.400000
2270400.600000
2271550.700000
2271577.400000
2271701.000000
2271821.500000
2271839.200000
2274110.350000
2275408.450000
2275926.100000
2276524.800000
2280584.500000
2281940.400000
2287418.500000
2287974.800000
2290171.500000
2290210.100000
2290349.400000
2290366.650000
2290498.650000
2290675.800000
2290719.900000
2290786.500000
2290806.650000
2290838.400000
2290851.350000
2291367.900000
2291564.250000
2291581.000000
2291596.900000
2291801.350000
2291863.750000
2291975.900000
2291994.850000
2292010.300000
2292357.950000
2292529.650000
2292554.550000
2294065.800000
2294320.700000
2294617.700000
2294739.350000
2295044.300000
2295396.000000
2296177.450000
2297236.750000
2297520.450000
2297961.300000
2298070.500000
2298851.300000
2298862.400000
2298997.000000
2299388.150000
2299771.300000
2300768.500000
2301883.150000
2301905.000000
2304842.350000
2305051.400000
2305552.500000
2307095.450000
2307257.550000
2307263.600000
2307267.250000
2307714.800000
2307799.450000
2307830.050000
2307990.550000
2308209.100000
2308679.550000
2309356.250000
2309723.950000
2310006.850000
2310090.350000
2310124.150000
2310325.550000
2310377.100000
2310588.400000
2310744.350000
2311294.500000
2311313.300000
2311372.900000
2311379.750000
2311549.350000
2311652.200000
2311664.300000
2312751.900000
2312791.200000
2315197.700000
2315557.300000
2315582.500000
2315613.200000
2315649.750000
2315680.050000
2315757.300000
2315770.550000
2316144.900000
2317621.050000
2319195.400000
2319208.950000
2323252.250000
2326070.850000
2326118.400000
2326141.450000
2326149.150000
2326179.750000
2326435.950000
2326487.300000
2326673.100000
2326687.100000
2326715.950000
2326927.250000
2327873.100000
2327917.600000
2328128.350000
2328139.000000
2328380.600000
2328951.050000
2329499.200000
2329899.550000
2330026.500000
2330182.350000
2330523.250000
2330930.700000
2331007.300000
2331174.800000
2331469.650000
2331743.400000
2331895.400000
2331987.600000
2332279.800000
2332312.250000
2332380.750000
2332468.750000
2333265.050000
2333918.250000
2334006.550000
2334267.350000
2334404.100000
2334520.900000
2335706.500000
2335749.250000
2335910.950000
2335919.900000
2336062.050000
2336068.950000
2336099.050000
2336208.350000
2336381.900000
2336622.350000
2336676.900000
2336758.450000
2336795.400000
2336817.750000
2337521.500000
2337826.450000
2338646.700000
2338788.500000
2338796.300000
2338810.950000
2339653.150000
2339664.000000
2339679.850000
2340288.850000
2340309.350000
2341742.600000
2341762.250000
2342297.950000
2342310.150000
2342321.650000
2342789.550000
2342828.500000
2342846.600000
2343127.700000
2343147.050000
2343160.900000
2343375.150000
2344771.550000
2345214.100000
2346291.950000
2346454.600000
2346573.300000
2346589.700000
2346614.700000
2346771.300000
2346831.400000
2346917.200000
2346939.350000
2347246.700000
2347339.650000
2347375.200000
2347383.250000
2347451.450000
2347659.500000
2347667.450000
2348217.850000
2348762.350000
2348873.750000
2348908.950000
2350484.850000
2350498.950000
2350611.100000
2350615.650000
2350662.250000
2350700.250000
2350993.750000
2351159.100000
2352029.500000
2352040.550000
2352225.500000
2353208.000000
2354632.000000
2355563.600000
2355572.250000
2355581.350000
2355664.550000
2355689.850000
2355756.450000
2355859.100000
2355903.950000
2356007.450000
2356140.900000
2356273.650000
2356408.100000
2356501.750000
2356563.250000
2356734.000000
2356766.450000
2357020.200000
2357333.100000
2357375.850000
2357487.600000
2357525.550000
2357626.850000
2357840.250000
2357886.700000
2358007.100000
2358077.000000
2358543.350000
2358616.800000
2358726.400000
2358954.400000
2359087.250000
2359244.100000
2359273.450000
2359361.600000
2359779.100000
2359916.350000
2359931.300000
2361201.750000
2361208.500000
2361339.450000
2361364.750000
2361387.350000
2361430.750000
2361748.450000
2361754.850000
2361871.050000
2363358.400000
2363967.150000
2364268.350000
2364275.400000
2364352.200000
2364462.100000
2364612.250000
2368847.200000
2369207.800000
2370533.750000
2370803.750000
2370902.350000
2371141.050000
2375151.800000
2375408.400000
2375415.300000
2375588.600000
2375600.050000
2375683.500000
2375775.100000
2375896.100000
2376725.250000
2377105.550000
2377581.900000
2380013.950000
2384622.700000
2384772.700000
2384810.100000
2385849.200000
2386372.600000
2387077.600000
2387689.700000
2388634.300000
2388894.750000
2389325.050000
2389567.550000
2390320.750000
2390326.100000
2390354.550000
2391081.050000
2391103.950000
2391193.600000
2391802.000000
2391807.600000
2391877.300000
2391947.250000
2392521.650000
2392759.400000
2392764.600000
2392907.800000
2394169.300000
2394211.900000
2394218.150000
2394440.950000
2394454.950000
2394771.750000
2395108.650000
2395273.700000
2395280.500000
2395443.550000
2395921.300000
2395956.400000
2396565.100000
2396711.700000
2397239.650000
2397571.700000
2398155.000000
2398268.750000
2399775.350000
2399783.050000
2399996.750000
2400215.400000
2402116.850000
2402122.750000
2402128.300000
2404469.650000
2404796.600000
2404828.300000
2405189.350000
2406397.300000
2406414.200000
2406493.600000
2406507.750000
2406551.450000
2406556.600000
2406575.050000
2406895.300000
2407353.200000
2408608.950000
2408762.900000
2408775.950000
2409828.000000
2409836.650000
2409850.450000
2409878.150000
2410048.700000
2411058.200000
2411075.150000
2411083.750000
2411457.350000
2412279.050000
2412846.700000
2412870.750000
2413036.150000
2413194.250000
2413212.200000
2413243.750000
2413364.350000
2413373.450000
2413416.450000
2413773.250000
2413784.750000
2413841.100000
2413917.450000
2413945.950000
2414784.150000
2415067.100000
2415074.050000
2415079.350000
2415101.350000
2415126.100000
2415611.600000
2415625.700000
2416058.750000
2416080.300000
2416091.250000
2416104.100000
2416124.000000
2416369.800000
2416385.000000
2416411.600000
2416469.200000
2416623.450000
2416636.900000
2416834.300000
2416944.300000
2417138.700000
2417282.400000
2417483.300000
2417596.100000
2417630.800000
2417814.950000
2417949.900000
2418039.450000
2418123.600000
2418231.800000
2418416.100000
2418457.750000
2418640.500000
2418653.450000
2420059.750000
2420824.850000
2420927.950000
2421257.200000
2421335.750000
2421713.450000
2421889.600000
2422104.150000
2422162.350000
2422322.350000
2422617.600000
2422886.050000
2422938.000000
2423120.600000
2423225.250000
2423528.450000
2423623.250000
2425833.550000
2426276.850000
2426281.700000
2431080.550000
2432467.700000
2432845.350000
2432911.350000
2432918.250000
2433006.850000
2433161.550000
2433467.000000
2433964.800000
2434269.350000
2434579.150000
2434698.950000
2434836.150000
2434871.700000
2435221.750000
2435627.050000
2436072.150000
2436380.350000
2436580.950000
2436595.750000
2436600.450000
2436615.600000
2437084.650000
2437253.900000
2437357.200000
2437412.100000
2437906.200000
2438106.450000
2438197.900000
2439240.800000
2439279.500000
2440562.200000
2442406.500000
2443503.450000
2443648.600000
2443669.000000
2444912.850000
2445724.650000
2445763.550000
2446154.450000
2446206.300000
2446227.450000
2446239.200000
2446337.350000
2446408.000000
2446678.450000
2446829.150000
2447086.000000
2448040.750000
2448290.600000
2448364.150000
2448767.050000
2449260.100000
2449596.300000
2449774.650000
2449977.500000
2450132.500000
2450578.000000
2450826.550000
2450851.950000
2450856.850000
2451675.150000
2452366.350000
2452693.850000
2453172.850000
2453189.800000
2453666.600000
2453707.650000
2453752.350000
2453910.950000
2454246.750000
2454684.550000
2454693.450000
2454871.250000
2455189.050000
2455634.450000
2457840.050000
2462279.950000
2462289.350000
2462294.400000
2462349.200000
2462839.550000
2462968.000000
2463024.050000
2463538.050000
2463627.050000
2463708.800000
2463720.900000
2464761.600000
2464893.700000
2464947.500000
2465060.250000
2465330.350000
2465525.450000
2467480.800000
2469246.000000
2469516.000000
2471336.000000
2471347.450000
2471356.650000
2471366.200000
2472327.050000
2475012.150000
2475176.900000
2475897.750000
2475948.800000
2475970.900000
2476044.750000
2476065.750000
2476154.350000
2476229.000000
2476328.650000
2476425.850000
2476512.050000
2476623.700000
2476736.450000
2476808.450000
2476987.650000
2477537.300000
2477637.000000
2477682.700000
2478216.150000
2478305.750000
2478634.450000
2478737.900000
2479238.200000
2479406.600000
2479589.400000
2479944.150000
2480533.400000
2480877.450000
2480885.300000
2482074.250000
2482551.350000
2482748.450000
2482755.600000
2483453.500000
2484097.350000
2485817.250000
2485920.000000
2486501.600000
2486588.100000
2486602.150000
2486838.250000
2487129.150000
2487359.000000
2487418.450000
2487591.850000
2488416.350000
2489537.950000
2492960.400000
2493328.100000
2493346.600000
2493610.750000
2493988.500000
2494185.550000
2494221.500000
2495095.300000
2495116.600000
2495135.450000
2499189.600000
2499212.100000
2499269.150000
2499602.550000
2499647.500000
2499773.350000
2499801.900000
2499993.800000
2500002.750000
2500011.650000
2500040.250000
2500066.300000
2500261.850000
2500299.000000
2500356.250000
2500441.350000
2500448.250000
2500542.450000
2500580.750000
2503555.350000
2503827.700000
2503891.150000
2503919.250000
2503943.450000
2504105.600000
2504205.350000
2504305.750000
2504399.100000
2504458.300000
2504565.850000
2504620.250000
2504740.300000
2505663.100000
2505776.300000
2505943.700000
2505984.200000
2506024.850000
2506218.050000
2507342.050000
2507938.850000
2508414.600000
2508541.200000
2512513.450000
2513788.200000
2514790.050000
2520495.600000
2520566.000000
2520763.700000
2520774.650000
2520807.400000
2520821.350000
2520919.450000
2521062.950000
2521280.950000
2521330.500000
2521412.300000
2521712.550000
2521742.300000
2521781.100000
2521863.750000
2522294.850000
2522480.900000
2522603.550000
2523374.850000
2525865.200000
2533507.500000
2533583.500000
2533606.600000
2533633.800000
2533644.100000
2533760.050000
2533871.100000
2533936.050000
2534020.550000
2534028.100000
2534335.800000
2534531.800000
2534625.200000
2534798.300000
2534845.300000
2534883.350000
2535056.150000
2535250.250000
2535317.800000
2535350.000000
2535846.250000
2535884.700000
2535912.900000
2536169.350000
2536332.700000
2539632.000000
2540278.150000
2540672.050000
2541255.050000
2541898.900000
2541947.700000
2543669.850000
2543917.650000
2544448.150000
2544599.950000
2544845.700000
2546156.350000
2546242.350000
2546319.900000
2546408.500000
2546710.700000
2546862.300000
2546983.550000
2547010.400000
2547458.350000
2547615.700000
2547819.050000
2548258.050000
2548566.650000
2548620.100000
2548923.000000
2549271.800000
2549464.000000
2550228.150000
2550490.450000
2550502.200000
2550796.600000
2551642.450000
2551656.750000
2553852.150000
2554668.300000
2555079.550000
2557966.750000
2558042.600000
2558054.500000
2558634.800000
2558664.900000
2558947.750000
2559031.550000
2559425.950000
2562121.850000
2562139.200000
2562161.150000
2565007.900000
2567285.200000
2567412.200000
2567502.250000
2567589.950000
2568017.150000
2568323.300000
2568334.800000
2568526.250000
2568682.650000
2569093.850000
2569399.600000
2571436.750000
2572816.300000
2573525.750000
2574242.850000
2576627.550000
2580165.600000
2580358.550000
2580846.300000
2581545.500000
2584378.750000
2586772.550000
2592192.600000
2593609.200000
2593722.700000
2593805.950000
2593996.950000
2594317.700000
2594327.850000
2595165.600000
2597464.800000
2597751.700000
2598155.000000
2599912.000000
2600114.950000
2601268.050000
2604265.100000
2604592.850000
2605550.050000
2606051.850000
2606222.050000
2607973.950000
2608245.800000
2608655.300000
2608707.450000
2608722.600000
2609822.500000
2609838.350000
2609983.950000
2610064.200000
2610199.250000
2611320.450000
2612038.650000
2612957.450000
2613419.100000
2614014.950000
2615924.700000
2615947.150000
2616070.600000
2616989.400000
2617066.750000
2617232.900000
2617242.950000
2617682.050000
2617725.300000
2617751.750000
2618282.250000
2619072.750000
2619749.550000
2619972.000000
2620275.050000
2620282.250000
2621292.900000
2621603.300000
2621608.000000
2622468.350000
2622491.450000
2622578.350000
2622605.850000
2623691.400000
2623783.250000
2623789.300000
2624773.800000
2624779.850000
2624870.450000
2624897.950000
2624914.050000
2624974.200000
2625611.800000
2625630.450000
2625930.400000
2626061.050000
2626306.550000
2626328.150000
2626426.050000
2626490.250000
2626547.400000
2627205.850000
2627329.200000
2627339.800000
2627438.700000
2628213.550000
2629699.050000
2631689.850000
2631697.700000
2631705.200000
2631731.150000
2633673.300000
2635337.900000
2635557.550000
2635658.350000
2636814.300000
2636869.300000
2636939.100000
2637265.300000
2637775.450000
2638378.150000
2638484.850000
2639784.350000
2640606.800000
2640966.150000
2641727.100000
2643637.500000
2644202.350000
2644485.600000
2644901.900000
2645085.200000
2645336.050000
2646409.650000
2646438.650000
2646584.150000
2650298.650000
2653375.000000
2653393.400000
2656302.150000
2656577.800000
2656627.700000
2656746.650000
2656899.900000
2656912.900000
2656971.900000
2658451.550000
2661137.500000
2661911.350000
2662643.600000
2666841.500000
2668273.200000
2668347.900000
2668827.300000
2668883.300000
2669120.700000
2673718.100000
2674824.350000
2675224.900000
2676034.950000
2677737.450000
2678986.450000
2679162.050000
2679174.650000
2679215.500000
2679442.350000
2679447.900000
2679562.250000
2679585.750000
2681727.000000
2681844.400000
2681861.900000
2681869.000000
2681879.650000
2681893.800000
2681976.450000
2682032.850000
2682133.300000
2682313.000000
2682320.250000
2682437.650000
2682446.200000
2682568.300000
2682702.750000
2682829.650000
2682869.600000
2683170.150000
2683262.000000
2683361.900000
2683725.150000
2683942.750000
2683980.250000
2684592.900000
2684749.850000
2684830.000000
2684845.400000
2685254.600000
2685471.050000
2686425.000000
2686534.500000
2686543.600000
2686732.100000
2686757.050000
2686915.350000
2687783.700000
2687810.800000
2688523.700000
2688750.550000
2689031.250000
2690521.200000
2691464.150000
2691471.000000
2691478.550000
2691889.300000
2693292.500000
2693953.450000
2694187.750000
2694351.400000
2695275.550000
2696223.300000
2696380.200000
2696630.500000
2697055.250000
2697162.900000
2697638.950000
2698075.450000
2698230.250000
2699365.350000
2699415.300000
2699787.250000
2699813.350000
2700096.250000
2700319.350000
2700382.750000
2701741.200000
2701744.550000
2701882.900000
2701973.400000
2703949.550000
2704343.250000
2704894.400000
2705224.900000
2705441.950000
2706067.100000
2706083.100000
2706891.550000
2706922.650000
2707590.250000
2707612.400000
2708165.300000
2708871.800000
2709195.700000
2709626.150000
2710144.550000
2710299.600000
2710421.300000
2713522.250000
2713706.200000
2714920.050000
2714929.000000
2715035.350000
2715171.450000
2715449.050000
2715677.350000
2715772.950000
2715891.300000
2716385.500000
2716452.250000
2716664.450000
2717859.200000
2718283.450000
2718294.100000
2718461.350000
2719333.950000
2719363.800000
2720851.000000
2720890.600000
2720901.050000
2721572.400000
2724245.450000
2727137.350000
2727155.500000
2731373.250000
2738768.850000
2738790.350000
2738795.850000
2738965.150000
2739101.700000
2739149.400000
2739167.150000
2739867.600000
2740066.300000
2740480.900000
2740571.200000
2740707.600000
2741258.550000
2741286.300000
2741533.450000
2741574.500000
2742457.200000
2743080.050000
2743109.650000
2743596.550000
2743606.950000
2743789.200000
2743889.650000
2743998.350000
2744083.500000
2744102.300000
2744600.000000
2744788.000000
2745482.600000
2745844.750000
2746371.500000
2746470.350000
2746485.650000
2747080.600000
2747167.300000
2747368.550000
2749624.700000
2749632.100000
2749913.650000
2749969.600000
2750105.650000
2750137.500000
2750367.300000
2750552.100000
2750649.200000
2751275.750000
2751290.200000
2751295.950000
2752330.750000
2752471.550000
2758688.400000
2759416.650000
2759463.100000
2759664.550000
2759890.750000
2759945.250000
2760045.850000
2761224.550000
2761228.150000
2761232.250000
2761468.800000
2761793.000000
2761942.850000
2763401.250000
2766892.300000
2770127.250000
2771968.100000
2780520.950000
2782429.050000
2782586.450000
2782590.750000
2782616.850000
2782629.650000
2782694.750000
2782723.250000
2782928.150000
2783737.800000
2784302.050000
2785017.150000
2785328.550000
2786325.900000
2786346.850000
2786350.000000
2786371.650000
2787426.650000
2787498.250000
2787518.100000
2787621.650000
2787897.250000
2788575.400000
2788579.850000
2788604.900000
2788912.250000
2788925.100000
2788995.650000
2789008.900000
2789062.000000
2790602.100000
2790968.900000
2791279.700000
2792779.300000
2800336.250000
2805159.700000
2809457.350000
2809471.350000
2809493.650000
2809557.400000
2809567.250000
2809600.500000
2809816.050000
2810019.000000
2810774.600000
2811233.200000
2811999.400000
2812262.700000
2813924.200000
2818122.950000
2819172.200000
2819284.250000
2819426.550000
2819678.750000
2819727.700000
2819794.050000
2820293.700000
2821134.750000
2821924.500000
2822855.850000
2823588.000000
2828896.400000
2829143.550000
2829147.650000
2829151.300000
2829160.950000
2829221.350000
2833530.850000
2836181.350000
2836339.750000
2836399.200000
2836494.650000
2836877.550000
2836960.350000
2837080.550000
2838890.950000
2839574.450000
2841273.350000
2844613.050000
2846304.350000
2846310.200000
2850632.100000
2851868.550000
2853059.700000
2853252.200000
2854504.650000
2860635.000000
2861472.050000
2863055.850000
2863810.650000
2863831.300000
2863893.100000
2863962.500000
2864210.250000
2864249.900000
2864258.350000
2864285.450000
2864373.400000
2864612.200000
2865567.250000
2865886.900000
2866376.700000
2866471.850000
2866589.850000
2866744.350000
2867042.150000
2869192.950000
2871647.550000
2872210.200000
2878247.850000
2878505.300000
2881432.000000
2881778.500000
2889999.550000
2890727.950000
2890802.750000
2890843.950000
2890982.150000
2891648.600000
2891720.900000
2891775.800000
2896250.700000
2896618.900000
2896728.700000
2896762.000000
2896965.600000
2897322.600000
2897350.550000
2897354.400000
2897381.100000
2897661.900000
2898025.950000
2898040.550000
2898411.750000
2898419.500000
2898573.800000
2898717.000000
2898735.100000
2898949.700000
2899636.500000
2900040.000000
2902011.800000
2902126.750000
2902747.250000
2903217.450000
2903232.900000
2905441.300000
2906555.600000
2909286.400000
2909684.100000
2916173.300000
2918928.850000
2920016.750000
2920023.350000
2920028.600000
2920034.350000
2920370.500000
2920377.100000
2920648.050000
2920830.300000
2920849.750000
2921361.150000
2921404.300000
2921413.450000
2922090.450000
2922105.350000
2922138.900000
2922700.700000
2922907.200000
2922921.750000
2922985.950000
2923000.900000
2923014.600000
2923032.300000
2923053.150000
2924168.500000
2924921.850000
2925339.700000
2925683.600000
2926065.200000
2926663.550000
2926776.200000
2926834.450000
2926960.750000
2926988.800000
2927550.450000
2927694.150000
2927696.600000
2927988.500000
2928105.150000
2928326.150000
2928433.900000
2928589.100000
2929017.200000
2929506.850000
2930667.650000
2931784.100000
2931964.300000
2932048.650000
2932059.900000
2932066.800000
2932255.950000
2932277.500000
2932497.700000
2933417.650000
2933623.700000
2934409.200000
2934925.700000
2935594.000000
2935626.300000
2935689.000000
2936276.150000
2936634.650000
2936933.650000
2937258.100000
2937333.350000
2937358.200000
2937552.550000
2937670.600000
2937957.550000
2938357.000000
2938409.900000
2939126.850000
2939983.900000
2940018.950000
2940459.100000
2941029.300000
2941259.250000
2941269.300000
2941752.800000
2941756.750000
2941841.050000
2941981.800000
2942249.200000
2942298.150000
2942353.750000
2942839.900000
2942867.650000
2943237.700000
2943247.650000
2943285.500000
2943315.400000
2943406.600000
2943769.350000
2943855.450000
2944253.250000
2944662.550000
2945336.350000
2945659.700000
2946078.050000
2946096.450000
2947658.800000
2947671.100000
2947676.800000
2948304.100000
2949497.900000
2949556.150000
2949647.700000
2949685.250000
2949918.650000
2950404.050000
2950489.850000
2950514.350000
2950880.350000
2952966.050000
2953009.000000
2953081.650000
2953198.450000
2953205.400000
2953215.650000
2953222.250000
2953645.600000
2953758.450000
2953820.800000
2954029.250000
2954041.100000
2954999.950000
2955009.750000
2955026.250000
2955210.950000
2955373.950000
2955384.300000
2955389.150000
2957551.100000
2957796.150000
2959146.550000
2959572.300000
2960201.850000
2960267.750000
2960440.900000
2960793.350000
2960803.600000
2960824.950000
2960873.300000
2961091.600000
2961097.300000
2961749.600000
2961927.650000
2962100.500000
2964552.100000
2966164.800000
2966172.500000
2971801.100000
2971808.350000
2971819.350000
2971872.250000
2971902.050000
2971966.350000
2972115.150000
2972157.650000
2972237.400000
2972504.700000
2972576.800000
2972809.600000
2973023.600000
2973816.700000
2973870.900000
2973965.550000
2974280.250000
2974407.100000
2974416.150000
2974459.400000
2975101.800000
2975107.950000
2976460.450000
2984088.350000
2984751.250000
2986924.450000
2987056.750000
2987214.350000
2987262.800000
2987301.050000
2987511.400000
2987636.600000
2987889.200000
2987930.500000
2988067.300000
2988109.300000
2988116.300000
2988580.950000
2988616.200000
2988793.000000
2989764.650000
2989959.650000
2989986.050000
2990208.950000
2990311.650000
2990636.400000
2990697.200000
2991256.050000
2991968.300000
2993382.700000
2993438.900000
2993713.550000
2993745.950000
2993782.350000
2994556.400000
2994690.500000
2994732.550000
2996225.100000
2996316.250000
2996323.000000
2996408.200000
2996467.850000
2996685.250000
2996848.500000
2997419.350000
2997812.850000
2997819.650000
2997853.200000
2998225.950000
2998789.250000
2998800.450000
2999194.850000
2999439.900000
2999834.450000
3000063.350000
3000267.350000
3001052.550000
3002087.900000
3002127.600000
3002535.700000
3002554.500000
3002814.650000
3002850.800000
3003529.600000
3003534.900000
3003546.600000
3003560.300000
3003569.800000
3003602.900000
3004792.050000
3005618.300000
3005623.150000
3005806.550000
3005857.850000
3005868.200000
3005875.150000
3005897.450000
3006575.400000
3006616.000000
3006632.200000
3007318.800000
3007434.400000
3007436.800000
3007526.600000
3007743.200000
3008722.400000
3008765.150000
3009049.700000
3009191.800000
3009236.850000
3009242.300000
3009268.000000
3009312.650000
3009355.800000
3009637.900000
3010680.550000
3010687.950000
3011075.700000
3011607.950000
3011617.700000
3011675.600000
3011798.100000
3011929.100000
3012091.250000
3012101.900000
3012658.600000
3012797.950000
3013377.550000
3014133.850000
3014288.550000
3014472.600000
3014483.550000
3014498.800000
3014526.900000
3014536.850000
3015616.350000
3015859.450000
3015975.800000
3016583.300000
3017045.400000
3017172.700000
3017320.600000
3017375.800000
3017562.100000
3017709.850000
3017800.200000
3018018.500000
3018159.150000
3018305.100000
3018453.600000
3018475.700000
3018827.800000
3019059.500000
3019064.600000
3019073.650000
3019190.300000
3019769.450000
3019843.350000
3019868.650000
3019875.500000
3019950.050000
3020128.400000
3020138.850000
3020166.800000
3020237.200000
3020664.600000
3020948.350000
3020979.050000
3021193.650000
3021593.200000
3021605.450000
3021651.150000
3022025.950000
3022182.850000
3022540.750000
3022731.150000
3022750.800000
3022973.500000
3023442.300000
3023777.750000
3023843.750000
3023961.400000
3024231.900000
3024246.750000
3024352.150000
3024384.450000
3024482.600000
3024969.350000
3025088.750000
3025247.600000
3025496.800000
3025644.650000
3025990.850000
3025996.750000
3026032.450000
3026107.250000
3026125.550000
3026175.850000
3026197.300000
3026333.250000
3026347.200000
3026438.000000
3027556.950000
3027582.150000
3027789.350000
3028182.650000
3028238.150000
3028320.750000
3028350.550000
3028637.350000
3028921.200000
3030610.050000
3031015.700000
3033677.650000
3033720.900000
3033737.300000
3036820.850000
3038654.300000
3039065.150000
3039077.800000
3039088.200000
3040735.050000
3041749.650000
3041786.050000
3041867.900000
3041937.150000
3041949.400000
3041954.000000
3042299.950000
3042319.100000
3042354.400000
3042361.650000
3042537.050000
3042913.900000
3043028.950000
3043096.450000
3043135.000000
3043203.500000
3043318.000000
3043362.200000
3043655.550000
3043660.350000
3043689.500000
3043704.950000
3043732.400000
3043848.600000
3045337.600000
3045352.100000
3045376.700000
3045395.250000
3046010.800000
3046044.600000
3046317.000000
3046334.200000
3046546.550000
3046690.850000
3047290.700000
3047468.550000
3047639.500000
3048022.050000
3048029.400000
3048056.400000
3048343.200000
3048686.800000
3048825.050000
3049329.400000
3049750.400000
3049757.900000
3049762.250000
3050876.400000
3052139.800000
3052733.050000
3053219.300000
3055367.200000
3055383.750000
3055865.750000
3057469.100000
3057526.700000
3058180.300000
3058236.900000
3060289.400000
3060856.800000
3060868.700000
3060926.300000
3061132.150000
3061241.350000
3061253.050000
3062197.450000
3062216.650000
3062645.200000
3062882.050000
3062886.500000
3064386.450000
3064567.200000
3064846.400000
3064929.750000
3064941.200000
3065795.650000
3067290.400000
3070679.050000
3071408.150000
3076007.500000
3076462.800000
3076764.800000
3076775.700000
3076953.150000
3076999.500000
3077029.150000
3077111.650000
3077250.400000
3077750.550000
3078079.100000
3078397.100000
3078825.800000
3078938.850000
3079327.450000
3080062.100000
3080658.000000
3081495.450000
3081516.300000
3081625.400000
3082525.850000
3083442.300000
3083616.300000
3083714.750000
3083728.600000
3083953.050000
3084063.550000
3084713.950000
3085128.750000
3085262.900000
3085553.600000
3085748.550000
3087204.950000
3087249.800000
3087257.750000
3087661.050000
3087666.750000
3087676.650000
3087931.050000
3088558.400000
3088566.500000
3088588.350000
3089153.950000
3089187.550000
3089190.950000
3089240.850000
3089817.900000
3090424.250000
3090435.750000
3090591.450000
3090741.100000
3091158.400000
3091334.000000
3091370.050000
3091388.400000
3091852.850000
3091953.300000
3091976.400000
3092279.050000
3092286.600000
3092293.900000
3092819.100000
3092826.850000
3092882.400000
3093548.850000
3094387.750000
3095948.350000
3096292.700000
3098014.350000
3098020.850000
3098594.500000
3098868.450000
3098945.900000
3098954.350000
3100023.100000
3100028.900000
3100038.650000
3100053.500000
3100069.700000
3100168.650000
3100427.050000
3101769.850000
3101987.850000
3102421.800000
3102610.150000
3102676.700000
3102691.500000
3103871.650000
3104689.400000
3104987.800000
3105000.150000
3105227.100000
3105238.200000
3107030.400000
3107513.550000
3107812.650000
3107997.050000
3108009.150000
3108037.450000
3108329.100000
3108344.250000
3108377.050000
3108384.300000
3108683.650000
3108692.600000
3108723.550000
3109074.850000
3109110.200000
3109426.000000
3109461.700000
3109649.350000
3109787.050000
3109811.400000
3110276.150000
3110523.050000
3110675.050000
3110748.650000
3111782.600000
3112050.300000
3112469.200000
3112613.500000
3112620.750000
3112848.000000
3112895.250000
3112920.800000
3112968.150000
3113233.100000
3113342.350000
3113812.850000
3113993.500000
3114349.200000
3114613.800000
3114773.800000
3114806.650000
3115235.600000
3116061.800000
3116066.700000
3116310.050000
3116633.200000
3116665.000000
3116702.500000
3117120.100000
3117264.750000
3117285.000000
3117917.300000
3117930.500000
3118607.300000
3118952.300000
3119301.750000
3119307.400000
3119316.050000
3119626.700000
3119788.400000
3119820.200000
3120226.550000
3120460.950000
3121183.500000
3122276.600000
3122673.100000
3123451.750000
3123755.550000
3123761.550000
3123781.450000
3124267.300000
3124278.950000
3124709.600000
3124996.400000
3125263.300000
3125532.150000
3125620.850000
3127278.450000
3127286.100000
3127878.550000
3128635.150000
3128641.600000
3128942.400000
3130000.450000
3130250.550000
3130256.750000
3130264.650000
3130273.000000
3130283.100000
3130287.850000
3130298.500000
3130305.600000
3130754.200000
3131187.900000
3132024.700000
3132060.000000
3134546.950000
3134924.700000
3135297.450000
3135451.350000
3136894.850000
3136900.450000
3137016.500000
3137031.650000
3137055.000000
3137120.750000
3137219.850000
3137300.750000
3137330.700000
3137348.950000
3137412.800000
3137665.250000
3138098.750000
3138343.550000
3138562.650000
3138752.100000
3138932.200000
3138977.550000
3139014.800000
3139208.450000
3139690.600000
3140022.700000
3140042.750000
3140078.300000
3140495.750000
3140504.600000
3140508.800000
3140517.450000
3141394.200000
3141400.000000
3141570.850000
3141600.600000
3141626.600000
3141695.900000
3142208.750000
3142971.400000
3143026.800000
3143277.800000
3143286.200000
3143653.950000
3143783.050000
3145041.750000
3145090.850000
3145445.900000
3146057.750000
3150095.450000
3152896.400000
3153302.950000
3153330.700000
3153338.550000
3153994.350000
3154398.300000
3154495.700000
3156592.050000
3158153.550000
3158175.100000
3158189.700000
3159326.550000
3159339.350000
3160307.200000
3160823.500000
3160972.150000
3161146.850000
3161157.750000
3161231.550000
3161261.650000
3161289.150000
3161430.450000
3161451.050000
3161576.750000
3161637.100000
3161694.750000
3161843.750000
3161880.950000
3161961.800000
3161972.400000
3162065.850000
3162079.850000
3162171.100000
3162562.250000
3162719.450000
3162796.750000
3163412.900000
3163928.900000
3164238.100000
3164619.000000
3165337.650000
3165350.500000
3165376.300000
3165415.500000
3165424.100000
3165519.250000
3165548.250000
3165586.600000
3165625.050000
3165935.000000
3165956.600000
3166038.550000
3166147.250000
3166484.550000
3166491.450000
3166499.600000
3166763.100000
3166790.150000
3167014.100000
3167087.900000
3167197.000000
3167451.850000
3167544.700000
3168076.850000
3168145.400000
3168565.350000
3168771.950000
3169019.250000
3169072.100000
3170108.150000
3170705.200000
3170712.650000
3171122.850000
3171936.300000
3176577.350000
3178845.800000
3181949.050000
3184514.350000
3184810.300000
3186271.000000
3187482.000000
3188541.800000
3188549.150000
3188894.500000
3190331.650000
3190387.650000
3190721.800000
3191006.100000
3197014.300000
3197023.250000
3197029.450000
3198430.600000
3198941.750000
3202140.150000
3202243.800000
3202343.250000
3202365.300000
3202381.550000
3202399.900000
3202497.600000
3202591.350000
3202832.950000
3202875.450000
3202907.500000
3203000.800000
3203067.100000
3203088.800000
3203100.550000
3203397.800000
3203459.100000
3203898.150000
3203919.500000
3203926.650000
3204010.200000
3204022.950000
3204730.300000
3204891.050000
3205108.650000
3205126.750000
3205132.650000
3205149.400000
3205160.550000
3205194.500000
3205565.800000
3205607.450000
3205630.750000
3205642.450000
3206659.100000
3206666.200000
3206676.300000
3206954.800000
3207228.150000
3207277.350000
3207578.450000
3207610.250000
3214498.850000
3214665.150000
3216919.500000
3216926.850000
3217096.850000
3217102.950000
3217138.800000
3217162.300000
3217190.800000
3217234.700000
3217364.350000
3217627.900000
3217660.950000
3217673.050000
3217679.850000
3217707.800000
3217883.250000
3218006.700000
3218121.600000
3218153.650000
3218234.400000
3218368.850000
3218435.850000
3218460.850000
3218527.900000
3223025.350000
3223479.200000
3226897.200000
3226912.700000
3226941.900000
3227181.150000
3227260.300000
3227282.750000
3227290.750000
3227329.950000
3227379.250000
3227599.350000
3228260.900000
3228677.250000
3229297.800000
3229329.050000
3230051.950000
3230092.450000
3230571.550000
3235228.900000
3235240.850000
3235626.050000
3241592.650000
3241599.200000
3243695.800000
3243701.850000
3243718.150000
3243727.400000
3243736.150000
3243740.850000
3243753.300000
3243795.900000
3243801.350000
3243834.200000
3243840.300000
3243917.900000
3243925.300000
3243936.650000
3245280.950000
3246552.500000
3246612.100000
3246637.200000
3248136.750000
3248142.600000
3258913.150000
3259440.300000
3259448.650000
3259460.050000
3259615.050000
3259629.600000
3259735.450000
3259771.450000
3259803.450000
3259863.550000
3259969.600000
3260130.450000
3260216.000000
3260315.750000
3260427.000000
3260564.500000
3260617.400000
3260716.550000
3260846.200000
3260883.000000
3261047.200000
3261088.400000
3261161.600000
3261256.800000
3261420.050000
3261506.500000
3261546.050000
3261584.300000
3261664.550000
3261834.100000
3261891.350000
3261916.950000
3261985.300000
3262148.050000
3262337.250000
3262343.300000
3262493.500000
3262523.250000
3262550.550000
3262711.100000
3263044.950000
3263078.300000
3263178.150000
3263535.950000
3263829.600000
3263899.950000
3264091.350000
3264126.550000
3264265.550000
3264575.700000
3264676.500000
3264784.700000
3265002.350000
3265510.450000
3265516.850000
3265613.100000
3265624.000000
3266016.250000
3266057.600000
3266380.300000
3266423.700000
3266440.000000
3266754.950000
3267110.550000
3267143.800000
3267206.100000
3267208.800000
3267217.200000
3267516.650000
3268588.750000
3268644.850000
3269196.650000
3269672.500000
3269679.500000
3270557.300000
3271811.400000
3271886.550000
3272419.500000
3272979.150000
3274353.700000
3274716.850000
3274977.750000
3275010.650000
3275207.900000
3275273.500000
3276114.350000
3276501.200000
3276522.700000
3276609.400000
3276807.800000
3276889.750000
3277085.850000
3277282.600000
3277417.300000
3277715.100000
3278282.850000
3278745.550000
3278751.650000
3279596.050000
3283324.250000
3283427.850000
3283474.150000
3283525.200000
3284010.550000
3284033.900000
3284101.400000
3284120.000000
3284375.700000
3284386.550000
3284423.750000
3284441.550000
3284448.950000
3284464.200000
3284515.600000
3284861.050000
3285048.000000
3285118.100000
3285198.100000
3285247.500000
3285364.900000
3285882.850000
3287143.450000
3287535.100000
3287683.650000
3287791.950000
3287880.650000
3288322.350000
3288347.500000
3288578.050000
3288851.800000
3288964.450000
3289234.100000
3289351.150000
3289412.700000
3289657.050000
3289860.400000
3289960.650000
3290295.850000
3290379.650000
3290420.550000
3290488.700000
3290759.700000
3290802.300000
3290849.200000
3291069.000000
3291124.900000
3291719.050000
3292760.750000
3292828.300000
3293265.750000
3293451.250000
3293502.450000
3293861.650000
3295204.550000
3295869.850000
3296282.650000
3296482.100000
3296760.150000
3297295.450000
3297370.550000
3297573.600000
3297714.000000
3298515.350000
3298528.500000
3298766.850000
3299604.750000
3300293.950000
3300430.600000
3301203.950000
3301261.600000
3301416.200000
3301440.300000
3303440.500000
3304621.950000
3304911.650000
3305302.700000
3305498.750000
3305538.250000
3305576.250000
3305799.750000
3306005.450000
3306015.600000
3306030.500000
3307194.200000
3307206.500000
3309336.950000
3310365.750000
3310887.350000
3310891.900000
3312984.050000
3313137.600000
3313146.450000
3313150.700000
3313281.900000
3313523.150000
3314289.350000
3314399.550000
3314632.400000
3314701.300000
3314717.950000
3314756.600000
3315018.950000
3315092.950000
3315291.750000
3315316.400000
3315434.250000
3315578.750000
3315598.700000
3315953.100000
3317686.500000
3317731.650000
3317747.050000
3317759.750000
3317802.650000
3318147.500000
3318190.500000
3318492.200000
3318502.500000
3318522.400000
3318907.100000
3319211.850000
3319234.750000
3319502.350000
3319666.450000
3319762.350000
3319967.500000
3320002.650000
3320032.200000
3320058.300000
3320213.200000
3320270.800000
3320411.850000
3320513.400000
3320678.150000
3320734.300000
3321157.050000
3321166.200000
3321175.600000
3321177.100000
3321262.950000
3321395.100000
3321798.450000
3321927.450000
3321972.700000
3321993.100000
3322162.350000
3322181.800000
3322418.050000
3322542.650000
3322855.300000
3323156.600000
3323170.750000
3323181.100000
3323184.300000
3323212.450000
3325046.700000
3325691.250000
3325952.300000
3326438.350000
3326673.150000
3327247.550000
3328548.350000
3328642.000000
3328740.950000
3329529.700000
3329637.050000
3329657.350000
3329666.350000
3329832.300000
3329914.650000
3330134.200000
3330153.250000
3330161.800000
3330166.100000
3330447.100000
3330452.800000
3330481.050000
3331213.300000
3331233.750000
3331899.800000
3331918.850000
3331930.100000
3332157.050000
3332198.550000
3332229.100000
3334099.250000
3335182.550000
3335489.000000
3335948.450000
3335959.300000
3335963.000000
3335990.050000
3336115.700000
3336151.500000
3336262.100000
3336271.500000
3336306.500000
3336449.450000
3336650.650000
3336656.950000
3337112.800000
3337188.050000
3338740.500000
3340429.250000
3340458.650000
3340466.800000
3340471.700000
3340489.550000
3340921.500000
3341955.500000
3341961.900000
3341975.350000
3343859.700000
3343898.000000
3344280.050000
3344561.650000
3344671.700000
3344774.800000
3344784.300000
3344851.200000
3344877.950000
3344915.150000
3347263.950000
3347730.100000
3347736.250000
3347783.150000
3347841.300000
3347848.450000
3347956.650000
3347994.250000
3348093.500000
3348159.150000
3348196.050000
3348345.500000
3348402.600000
3348752.650000
3348940.600000
3349223.000000
3349241.900000
3349354.450000
3349375.200000
3349487.150000
3349559.150000
3349673.200000
3349815.650000
3350165.550000
3350288.800000
3350307.800000
3350480.000000
3350576.000000
3351200.300000
3351260.800000
3351288.800000
3351440.950000
3351550.050000
3351861.350000
3352063.400000
3352866.650000
3352886.550000
3352909.850000
3352955.150000
3352987.000000
3353070.250000
3354130.600000
3354141.550000
3354148.550000
3354428.700000
3354434.600000
3354756.600000
3355504.950000
3355593.650000
3355600.750000
3355630.300000
3355970.900000
3355992.750000
3356044.100000
3356081.850000
3356513.550000
3356827.850000
3357201.100000
3357276.350000
3359641.700000
3359654.100000
3359733.700000
3360064.050000
3360806.650000
3360977.700000
3361039.350000
3361094.950000
3361103.050000
3361911.550000
3361927.100000
3361946.950000
3361958.550000
3362579.500000
3363279.800000
3363438.150000
3363447.000000
3364563.950000
3364600.000000
3364661.350000
3364818.800000
3365054.950000
3365059.450000
3365157.750000
3365278.450000
3365409.500000
3365431.050000
3365615.500000
3366229.250000
3368102.900000
3368859.500000
3368968.700000
3368984.500000
3369002.400000
3369017.600000
3369176.800000
3369676.950000
3370290.300000
3371131.700000
3371371.050000
3371976.600000
3372184.000000
3372251.550000
3372457.950000
3372670.150000
3373129.350000
3373149.100000
3373382.350000
3373890.400000
3375310.550000
3375329.300000
3377292.900000
3377415.900000
3377464.750000
3377503.400000
3377509.350000
3377527.200000
3377651.800000
3377694.000000
3377750.550000
3377939.650000
3378059.850000
3378065.550000
3378292.750000
3378366.350000
3378407.550000
3378437.800000
3378542.250000
3378778.800000
3378821.450000
3378836.400000
3378953.200000
3379309.400000
3379532.150000
3379628.600000
3379806.850000
3379852.700000
3380168.450000
3380457.100000
3380496.950000
3380513.700000
3380840.250000
3380848.750000
3380865.950000
3380957.300000
3381007.750000
3381045.600000
3381274.700000
3381337.750000
3381658.850000
3381781.300000
3381794.200000
3382009.450000
3382144.850000
3382164.300000
3382263.200000
3382517.550000
3382560.500000
3382776.250000
3382888.650000
3382927.900000
3383252.800000
3383576.000000
3383627.050000
3383644.550000
3383972.800000
3384040.950000
3384060.500000
3384574.500000
3384591.800000
3384676.300000
3385152.200000
3385165.050000
3386979.800000
3387074.000000
3387147.450000
3387194.150000
3387538.200000
3387559.500000
3388907.350000
3388964.300000
3389039.550000
3389369.400000
3389403.750000
3389529.550000
3389746.700000
3391176.600000
3392258.900000
3392267.200000
3392344.950000
3392363.550000
3392371.600000
3393276.200000
3394079.200000
3396348.300000
3398312.750000
3398315.700000
3405585.250000
3405618.600000
3405686.150000
3405706.750000
3405817.400000
3405842.500000
3405863.400000
3406020.500000
3406136.700000
3406249.850000
3406302.850000
3406419.650000
3406759.300000
3406814.200000
3407079.100000
3407168.850000
3407252.550000
3407267.550000
3407311.150000
3407323.750000
3407522.100000
3408424.350000
3409742.800000
3414177.000000
3414182.650000
3414207.400000
3415763.750000
3416442.850000
3416457.500000
3419027.450000
3419634.550000
3420313.600000
3421464.900000
3423301.650000
3426412.800000
3426426.700000
3427310.750000
3428029.100000
3428399.850000
3428405.950000
3428479.100000
3428553.050000
3428910.900000
3429041.000000
3429913.150000
3430357.300000
3431143.700000
3431654.450000
3432051.800000
3437229.400000
3437745.800000
3437772.600000
3437871.750000
3438416.500000
3438575.500000
3438698.200000
3439301.650000
3439406.700000
3440431.450000
3440689.700000
3440770.150000
3441858.150000
3441913.000000
3442245.250000
3442299.950000
3442645.700000
3442705.500000
3443045.450000
3443061.450000
3447930.100000
3449081.750000
3449755.250000
3450323.550000
3461362.400000
3461767.150000
3461786.100000
3461828.000000
3461837.750000
3462190.300000
3462323.300000
3462402.650000
3462439.200000
3462469.200000
3462505.450000
3462537.900000
3462633.400000
3463006.900000
3463030.800000
3463031.850000
3463034.700000
3463040.300000
3463207.600000
3463664.250000
3463680.800000
3464046.050000
3464070.500000
3465119.500000
3465300.650000
3467124.200000
3468489.100000
3468623.500000
3468662.150000
3468761.350000
3469134.350000
3469215.250000
3469561.150000
3469811.500000
3470098.250000
3470589.450000
3470710.650000
3471103.950000
3471218.800000
3471277.900000
3471579.150000
3471678.300000
3472063.350000
3472069.400000
3472342.700000
3472432.250000
3472453.250000
3472689.250000
3473005.200000
3473335.750000
3473412.250000
3473444.700000
3473617.400000
3473667.400000
3473705.250000
3474058.950000
3474067.650000
3474813.100000
3475026.650000
3475092.750000
3475127.100000
3475160.450000
3475195.750000
3475444.900000
3475485.400000
3476787.200000
3476917.700000
3477527.550000
3477542.000000
3480215.350000
3482914.200000
3482939.200000
3483327.850000
3483798.050000
3484226.000000
3484595.500000
3484791.750000
3484799.850000
3486227.600000
3486246.950000
3486264.600000
3486270.650000
3487049.950000
3487105.000000
3487382.000000
3487393.600000
3487451.700000
3487653.450000
3487667.500000
3487694.900000
3487725.350000
3488453.550000
3488464.700000
3489391.950000
3489953.500000
3490630.150000
3493057.500000
3493278.000000
3493336.100000
3493436.150000
3493460.400000
3493498.850000
3493577.300000
3493587.450000
3493676.250000
3493821.650000
3494112.900000
3494118.350000
3494151.350000
3494241.000000
3494280.450000
3494486.200000
3494560.700000
3494569.650000
3495645.900000
3495651.100000
3495665.550000
3495998.300000
3496816.750000
3496960.750000
3497759.150000
3497768.750000
3497830.300000
3497918.150000
3498188.300000
3498215.200000
3498222.550000
3498310.150000
3498408.700000
3498457.100000
3498738.250000
3498837.650000
3498855.100000
3498894.350000
3498940.650000
3499160.850000
3499250.250000
3499281.200000
3499291.500000
3499389.450000
3499615.300000
3500062.400000
3500552.950000
3500851.050000
3501053.800000
3501100.100000
3501166.450000
3501801.950000
3502753.250000
3505077.550000
3506544.000000
3506569.000000
3506617.500000
3506990.600000
3507055.650000
3507066.800000
3507123.350000
3507407.100000
3507423.200000
3507446.200000
3507483.950000
3507587.400000
3507996.550000
3508016.850000
3508100.500000
3508107.050000
3508118.900000
3508197.450000
3508224.850000
3508262.800000
3508325.850000
3508561.050000
3508577.200000
3508649.800000
3508828.600000
3508855.900000
3509426.000000
3509898.250000
3514750.750000
3514758.150000
3515784.450000
3515795.650000
3516637.200000
3516650.000000
3516655.050000
3516667.900000
3516702.250000
3519498.750000
3522463.550000
3527231.000000
3528486.550000
3528617.450000
3528649.200000
3528659.150000
3528700.900000
3528976.850000
3529008.500000
3529039.100000
3529134.500000
3529400.500000
3529420.550000
3529444.100000
3529454.250000
3529466.000000
3529744.250000
3529927.700000
3529971.250000
3530008.600000
3530019.100000
3531391.850000
3531477.750000
3531488.700000
3531497.900000
3531505.900000
3531702.450000
3533252.650000
3533353.150000
3533413.750000
3533433.950000
3533498.150000
3533526.600000
3533551.800000
3533839.200000
3533954.400000
3534288.850000
3534352.900000
3534513.550000
3534601.800000
3534680.800000
3534911.050000
3534966.750000
3535102.750000
3535207.550000
3535322.900000
3535361.600000
3535368.750000
3535483.100000
3535597.850000
3535714.700000
3535868.400000
3536403.000000
3536511.500000
3536913.700000
3536968.450000
3537166.600000
3537262.900000
3537281.300000
3537539.100000
3537613.850000
3537999.000000
3538303.950000
3538367.400000
3538520.400000
3539136.550000
3539358.950000
3539915.500000
3539956.450000
3539969.050000
3539999.550000
3540007.450000
3540040.250000
3540404.350000
3540539.400000
3541186.100000
3541211.500000
3541280.200000
3541649.300000
3541740.750000
3541824.500000
3543279.650000
3543294.000000
3543477.050000
3543532.000000
3543950.200000
3543956.250000
3543984.350000
3544005.900000
3546034.050000
3552938.300000
3553610.300000
3554245.000000
3554278.300000
3554798.550000
3556435.250000
3557005.600000
3557610.100000
3561382.750000
3563005.450000
3563010.550000
3563160.400000
3563180.750000
3563254.600000
3563283.650000
3563312.600000
3563330.900000
3563391.050000
3563475.900000
3563548.700000
3563607.050000
3563623.100000
3563688.650000
3563773.650000
3563796.350000
3563975.850000
3564070.450000
3564081.950000
3564386.050000
3564578.700000
3564585.900000
3564601.850000
3565043.450000
3565167.700000
3565219.200000
3565459.550000
3565827.150000
3565847.000000
3566019.350000
3566069.650000
3566350.750000
3566687.000000
3567729.250000
3568552.750000
3568779.650000
3570220.400000
3570995.850000
3571069.800000
3574072.950000
3574550.500000
3574575.350000
3574719.900000
3575046.100000
3575153.750000
3575230.150000
3575262.050000
3575382.600000
3575486.150000
3575680.700000
3575689.200000
3575718.500000
3576946.500000
3577025.050000
3582521.700000
3582538.500000
3583457.300000
3583480.550000
3583741.900000
3583820.350000
3584202.900000
3584255.650000
3584434.350000
3584541.550000
3584589.450000
3584946.600000
3589053.850000
3589620.700000
3589870.650000
3589911.500000
3589958.400000
3590659.000000
3590838.650000
3590913.300000
3596544.200000
3596702.850000
3596712.100000
3597137.650000
3597179.600000
3597277.950000
3597293.000000
3597336.550000
3597482.500000
3597666.350000
3597734.250000
3597792.450000
3597829.400000
3598435.150000
3598657.800000
3599083.400000
3599102.900000
3599124.050000
