70401.250000
82261.350000
82320.100000
167693.950000
560124.550000
560129.900000
576455.700000
576613.650000
951628.150000
954284.100000
966813.750000
966817.150000
971756.300000
971759.650000
980786.150000
983481.350000
1139411.550000
1156446.200000
1186618.400000
1186621.900000
1195877.750000
1195882.450000
1195885.100000
1195888.400000
1264104.250000
1363438.900000
1367718.600000
1382372.700000
1382379.900000
1382387.550000
1385337.750000
1419946.250000
1423149.300000
1560373.950000
1565988.950000
1566137.100000
1566697.200000
1566734.350000
1600633.850000
1615379.950000
1615387.200000
1615394.150000
1682442.650000
1682452.450000
1682456.350000
1682471.450000
1682475.750000
1686912.900000
1687218.700000
1719639.900000
1720895.150000
1723087.300000
1744044.350000
1747212.450000
1772410.050000
1778352.500000
1932797.050000
1932820.450000
1939983.300000
1954024.750000
1988279.250000
1988888.000000
2004359.800000
2016653.200000
2016661.500000
2032524.250000
2035532.400000
2035535.450000
2035538.400000
2036353.700000
2092377.000000
2160036.300000
2160058.300000
2160095.150000
2203910.500000
2256533.500000
2256549.350000
2256590.850000
2256597.750000
2265144.050000
2273411.200000
2274881.750000
2280866.950000
2284041.200000
2284340.950000
2284353.000000
2284360.950000
2285000.700000
2303341.850000
2320031.150000
2439863.450000
2454107.350000
2454125.000000
2457477.200000
2495777.050000
2502268.250000
2503451.900000
2509412.700000
2511760.000000
2512634.250000
2513144.850000
2513156.250000
2523867.750000
2528957.800000
2528961.700000
2528964.650000
2528968.000000
2528972.650000
2555619.050000
2654931.800000
2666168.200000
2667667.300000
2668714.400000
2675079.050000
2722960.700000
2735695.800000
2737539.000000
2737663.650000
2773594.250000
2774355.800000
2775853.850000
2779173.200000
2779177.500000
2794161.400000
2795044.700000
2799651.500000
2824407.750000
2832685.200000
2832690.100000
2833721.900000
2834214.100000
2855250.800000
2885041.350000
2885061.850000
2885066.700000
2885069.750000
2885073.050000
2885091.800000
2893808.300000
2895190.550000
2895197.400000
2895201.000000
2901893.500000
2904975.450000
2904989.150000
2908412.250000
2908419.550000
2914620.250000
2920416.950000
2920421.200000
2967103.500000
2967464.900000
2968466.450000
2981757.400000
2981806.950000
2982469.400000
3030742.900000
3030746.600000
3035381.550000
3069642.350000
3069647.050000
3069650.200000
3151531.800000
3173553.050000
3183564.950000
3184989.000000
3184996.850000
3195997.550000
3206339.550000
3231065.200000
3232118.750000
3234526.650000
3248995.200000
3249843.400000
3278509.250000
3278631.900000
3278699.400000
3278707.750000
3278840.800000
3333354.150000
3333369.700000
3333372.800000
3333385.950000
3333395.400000
3346265.250000
3346268.750000
3374185.700000
3401513.300000
3401518.050000
3401528.400000
3401907.650000
3434984.550000
3449944.300000
3449965.950000
3456705.550000
3459158.700000
3513584.300000
3521858.250000
3549278.000000
3549345.650000
3552467.950000
