949.300000
2096.150000
2104.150000
3382.500000
5329.800000
6060.900000
6065.300000
7384.850000
8693.500000
9042.400000
9444.250000
9771.750000
10324.900000
13208.000000
13323.950000
13337.700000
13343.200000
13463.300000
13497.300000
14061.050000
14832.500000
14837.850000
14841.050000
14848.100000
15166.500000
15993.500000
16426.500000
16433.750000
17891.400000
17900.200000
17905.350000
17910.450000
17917.850000
18425.350000
19238.450000
20640.700000
20686.950000
22903.500000
23039.150000
24720.550000
24725.950000
24733.150000
25071.000000
26652.150000
26655.850000
27897.400000
30328.150000
30937.300000
31345.400000
31541.450000
33346.300000
35023.200000
36904.500000
36912.300000
39297.300000
39330.400000
40348.050000
40351.600000
40587.900000
42741.300000
43211.350000
43215.850000
43235.300000
44974.600000
48461.350000
50385.300000
50390.100000
50406.350000
50735.850000
50756.650000
50767.550000
50773.250000
51350.750000
51505.550000
51525.550000
51626.700000
52145.150000
52232.050000
52256.500000
52264.100000
52270.600000
52452.650000
53777.150000
53926.600000
54504.500000
54518.600000
54522.100000
55206.400000
55212.000000
56266.850000
56273.700000
56278.500000
58635.900000
58652.750000
60572.850000
60581.250000
60593.800000
60598.250000
60603.650000
60610.600000
60921.050000
60929.900000
61476.300000
61497.000000
64065.000000
66113.750000
66132.950000
66141.600000
66186.800000
66192.650000
66247.700000
66942.950000
69162.300000
70506.000000
71648.450000
71656.450000
71672.550000
73536.550000
73541.150000
76394.600000
76696.300000
76705.250000
81375.800000
83392.550000
83398.400000
83661.150000
83668.150000
84860.700000
84875.100000
86514.550000
86918.900000
86936.700000
87388.850000
89798.900000
89811.200000
89824.150000
91924.950000
93674.950000
97440.450000
97448.300000
98181.400000
99464.850000
101201.950000
102252.500000
102263.250000
102268.450000
102613.500000
103509.350000
104890.600000
104902.450000
104959.700000
104976.650000
104991.350000
105004.300000
105362.150000
105470.400000
105698.400000
105718.950000
106109.450000
106366.000000
106378.150000
106498.050000
106521.550000
108306.550000
108313.550000
108813.050000
109672.550000
109689.250000
110553.850000
110558.450000
112443.400000
112478.300000
112484.050000
112526.350000
112743.900000
112749.900000
114609.450000
114623.750000
114629.150000
114773.950000
115469.300000
115737.200000
115761.600000
117747.300000
117751.800000
117760.350000
117765.700000
118158.050000
118268.700000
118558.600000
118570.050000
118968.200000
119076.250000
119217.150000
119224.150000
119925.300000
119943.900000
119955.950000
120876.450000
120897.950000
120902.750000
121034.150000
121077.450000
121315.150000
121346.850000
121483.700000
121984.200000
122326.600000
122353.400000
122360.800000
123339.000000
123458.850000
123470.950000
123483.300000
125571.350000
126292.400000
126455.050000
126732.000000
127494.750000
130067.350000
130912.050000
131135.500000
131276.950000
131503.300000
131530.250000
131537.850000
131571.900000
131831.350000
133244.450000
133290.100000
133310.650000
133332.400000
134088.300000
134178.850000
134341.700000
134998.650000
135388.000000
136051.250000
136062.400000
136099.050000
136157.400000
136177.550000
136647.950000
137204.200000
138001.400000
138125.950000
138136.650000
138284.800000
139571.050000
139984.100000
139999.800000
140042.050000
140071.900000
140123.500000
140183.800000
140202.750000
140315.100000
140554.750000
140582.500000
142732.050000
143133.700000
143157.650000
143173.250000
143256.550000
143364.750000
143407.700000
144463.000000
146328.800000
146333.900000
146888.900000
146895.950000
146936.650000
147361.600000
148159.500000
148281.000000
148285.950000
148437.600000
148534.050000
148596.850000
149703.850000
149844.050000
149923.300000
150030.550000
150604.650000
153158.350000
153511.650000
153840.350000
153871.350000
154946.650000
154959.950000
159247.250000
159509.600000
160443.650000
161114.000000
161133.550000
161575.150000
161736.550000
161979.000000
161996.650000
162002.200000
165033.800000
165243.200000
165313.550000
169022.500000
170216.100000
173230.300000
176969.350000
178653.700000
178670.950000
178674.200000
178708.400000
178724.350000
180661.700000
182304.350000
184023.150000
184037.800000
184932.350000
185392.200000
186009.450000
186278.000000
186298.800000
187758.100000
187762.300000
188055.050000
188193.700000
188683.350000
188781.600000
188789.950000
188797.600000
188804.750000
188812.100000
189072.500000
189104.250000
189231.700000
189757.600000
189771.550000
189788.100000
189928.250000
190137.050000
190222.000000
190636.600000
190653.800000
191223.350000
191252.150000
192693.550000
193626.950000
194397.800000
194518.850000
195517.400000
196306.800000
196444.550000
196861.150000
196867.600000
196974.500000
197013.400000
197027.800000
197105.100000
197110.900000
199506.250000
199527.050000
200445.400000
201610.850000
203264.900000
203270.500000
203277.000000
203455.550000
203541.450000
203892.100000
204761.250000
204890.850000
207461.250000
208110.700000
208124.700000
209075.650000
211222.050000
212074.100000
212088.250000
213293.200000
213848.100000
214224.400000
214573.150000
214583.050000
215394.850000
215410.550000
215583.050000
215777.950000
216973.050000
216977.500000
216982.100000
216996.450000
216998.900000
217000.900000
217528.900000
218529.250000
218814.400000
218929.600000
219979.400000
221261.750000
221271.250000
222757.750000
223159.700000
223166.100000
223996.850000
224543.150000
225096.350000
225099.950000
225103.450000
225116.650000
225275.650000
225401.550000
225421.150000
225507.350000
225511.650000
226195.900000
226296.900000
226302.100000
226312.000000
226834.150000
226949.600000
227006.750000
227200.450000
227239.050000
227244.500000
227251.000000
227321.750000
227329.350000
227413.150000
229580.500000
229977.300000
230103.000000
230544.400000
230550.150000
230555.450000
230568.400000
232043.700000
232064.750000
233189.800000
234654.850000
235226.050000
235315.200000
235364.250000
235377.750000
236099.850000
236109.750000
236130.150000
236520.350000
237330.700000
237833.250000
237842.950000
237851.200000
237858.200000
238831.400000
240243.850000
240715.500000
240948.700000
241478.250000
241533.100000
242091.050000
242807.300000
242812.600000
245133.950000
245137.950000
245144.950000
245157.550000
245534.550000
245544.800000
245557.100000
247078.350000
247085.250000
247757.350000
247768.800000
247775.400000
247793.850000
247870.100000
248062.100000
250440.350000
252058.000000
252219.200000
255072.650000
255359.100000
255392.700000
255408.350000
257605.950000
258062.650000
258735.550000
259729.300000
260096.150000
261020.950000
262644.750000
263407.050000
263415.750000
264105.150000
264119.200000
264257.450000
264268.050000
264942.150000
266263.900000
266716.650000
267537.450000
267584.750000
267914.350000
270791.950000
270795.600000
270799.400000
272100.850000
272763.700000
273073.100000
273090.900000
273095.950000
273592.800000
273600.750000
273863.050000
273953.800000
274273.550000
276473.500000
277288.350000
277848.000000
277863.950000
277879.700000
279622.850000
279928.700000
279944.600000
280278.350000
280723.800000
281420.850000
281431.100000
282769.250000
282822.050000
285747.800000
286301.600000
286423.550000
286618.750000
286625.250000
286722.750000
286865.600000
286888.600000
286896.350000
287850.500000
287854.550000
287860.700000
287969.950000
288005.600000
288053.750000
288337.100000
290691.300000
291067.400000
291071.950000
291210.450000
294686.850000
295147.550000
301638.500000
301645.950000
301896.600000
301899.900000
301903.200000
302456.000000
302540.700000
304134.200000
305246.150000
305249.850000
305253.850000
306077.550000
306385.900000
306403.100000
306807.650000
306811.500000
306821.150000
306829.450000
306833.500000
307113.500000
307119.800000
307125.550000
307129.700000
307169.650000
307173.400000
307192.200000
307256.150000
307268.500000
307274.600000
307297.050000
307303.700000
307309.050000
307330.100000
307344.750000
307489.300000
307727.300000
308668.000000
309290.000000
309510.150000
309693.650000
313666.500000
314168.700000
314262.550000
314272.450000
314372.150000
314464.900000
314585.950000
315710.900000
316224.950000
316230.550000
316234.100000
316277.000000
316391.300000
316540.650000
316572.900000
316978.500000
317159.900000
317417.900000
321833.450000
323487.200000
324233.450000
325152.500000
325159.550000
325168.800000
325182.200000
325821.100000
325836.900000
325970.450000
326858.400000
326876.050000
326897.750000
326975.950000
328909.300000
328915.750000
328928.800000
331308.950000
331313.200000
331314.550000
331318.000000
331328.050000
331539.050000
331579.850000
331953.600000
332713.100000
333183.400000
333198.900000
333203.150000
333213.150000
333330.000000
333445.050000
333684.150000
333752.750000
333774.150000
334852.550000
335094.450000
335109.750000
335254.500000
335377.050000
335695.550000
335791.000000
335798.500000
336199.800000
336525.200000
336625.650000
336640.350000
336784.850000
336874.850000
337845.700000
338393.850000
338927.150000
341291.300000
341504.750000
341956.450000
342492.100000
344191.950000
346449.950000
346661.750000
346868.150000
346882.850000
347422.950000
347544.600000
347549.050000
347787.150000
347798.100000
347821.300000
347886.250000
347894.800000
347975.600000
347980.950000
347989.000000
348081.650000
348085.650000
348090.650000
348102.550000
348124.900000
348871.300000
348893.350000
348932.150000
348996.050000
349057.000000
349081.400000
349105.100000
349372.050000
349479.750000
350129.400000
350791.250000
350868.550000
350896.900000
351391.000000
351439.350000
351534.250000
351567.200000
351573.650000
351587.850000
351600.650000
351607.800000
351625.200000
351635.250000
351730.150000
351767.000000
351772.850000
351825.300000
351830.800000
351837.900000
351893.050000
351911.700000
351940.550000
352116.050000
352232.050000
352261.900000
352278.550000
352284.350000
352355.950000
352764.200000
352914.550000
353172.500000
353296.700000
353329.950000
353396.550000
353848.500000
353969.200000
355133.250000
356318.650000
356342.200000
357491.500000
357599.300000
357836.450000
359191.950000
360060.450000
362428.600000
364909.600000
365822.350000
365929.500000
367100.450000
367386.050000
367604.500000
367609.900000
367618.700000
367732.900000
367749.700000
367754.350000
367980.400000
367987.150000
368297.600000
368346.350000
368349.600000
368354.050000
368381.650000
368394.900000
368399.300000
368458.750000
368473.250000
368483.850000
368539.200000
368651.900000
368741.500000
368950.800000
369049.400000
369211.850000
369222.000000
369228.800000
369291.350000
369380.450000
369392.300000
372078.000000
374030.400000
374131.600000
376516.400000
376519.000000
376523.800000
378883.200000
383629.600000
383946.400000
384373.250000
385151.750000
386558.450000
387413.650000
387949.150000
388190.700000
388206.400000
388220.250000
388677.250000
388949.700000
390429.800000
391131.850000
392469.450000
392528.850000
392532.950000
393074.400000
393118.750000
393124.050000
395612.250000
395827.550000
396689.300000
397012.150000
399255.950000
400734.450000
400743.500000
400989.000000
404926.750000
405387.700000
405405.650000
406102.000000
406183.300000
408068.150000
408072.800000
408215.150000
408364.600000
408391.050000
408605.800000
408781.150000
408786.650000
408811.800000
408853.000000
408863.800000
410363.000000
410382.550000
410702.000000
410710.450000
410716.050000
410731.650000
411897.150000
411914.000000
411921.400000
411930.150000
412952.700000
412973.450000
414358.400000
415013.150000
415246.000000
415262.600000
416145.250000
416368.950000
416459.600000
416467.300000
416471.200000
417195.600000
417200.200000
417206.700000
419584.700000
419590.500000
420243.300000
420303.350000
420822.100000
421073.100000
421077.550000
421088.100000
421957.400000
422818.900000
422844.750000
422852.800000
423535.100000
423543.600000
423555.800000
423566.850000
424457.500000
424591.400000
424621.750000
425533.850000
425547.000000
426066.700000
426880.400000
426889.700000
427718.650000
429273.500000
429283.150000
429467.800000
429577.850000
430694.750000
431250.900000
431575.700000
434141.400000
434160.300000
434690.000000
437123.100000
437239.400000
437245.250000
437295.000000
437300.750000
437311.550000
437333.100000
437839.750000
437865.150000
438442.650000
438568.700000
439081.500000
439089.800000
439100.850000
439107.150000
439112.050000
439123.250000
439133.750000
439243.650000
439262.400000
439527.350000
439561.600000
439650.350000
439669.800000
441379.600000
441399.400000
441454.150000
441904.300000
441966.500000
441976.050000
442134.850000
442591.850000
442881.250000
442938.900000
442942.950000
442948.300000
443051.750000
443062.400000
443520.900000
443526.750000
443556.350000
443613.550000
444009.350000
444080.100000
444321.150000
444358.200000
444442.850000
444453.500000
444556.450000
444578.700000
444793.000000
445049.200000
446085.050000
446444.350000
446647.600000
447410.500000
447421.750000
447443.250000
447535.950000
447575.850000
447785.450000
447804.550000
447841.300000
447859.550000
447961.350000
448118.400000
448344.900000
448469.700000
448494.950000
448639.050000
448744.800000
448868.100000
449091.650000
449199.600000
449242.550000
449249.200000
449319.250000
449323.800000
449336.450000
449343.000000
449452.250000
449463.050000
449526.850000
449969.450000
450105.850000
450343.200000
450538.750000
450741.450000
450853.800000
450931.150000
451266.450000
451284.500000
451560.250000
451590.750000
451809.950000
451854.400000
451874.100000
451903.350000
451994.300000
452010.450000
452138.000000
452306.850000
452328.650000
452378.300000
452463.050000
452482.750000
452938.650000
453781.750000
454093.000000
455352.200000
455760.650000
455768.750000
455778.350000
456003.200000
456008.800000
456690.300000
456975.400000
457113.800000
457175.600000
457404.050000
457617.450000
458761.700000
458938.150000
458955.850000
459313.950000
459335.850000
459365.500000
459373.250000
460702.750000
461741.400000
462243.400000
463026.000000
463059.700000
463253.150000
463425.000000
465452.050000
466173.800000
467866.100000
467870.400000
467879.350000
467890.350000
468423.250000
469342.050000
469487.100000
469653.100000
469659.000000
470134.950000
470727.100000
472434.400000
472618.350000
473704.850000
473781.400000
473906.650000
473910.700000
473914.100000
473918.150000
473928.650000
474742.600000
474764.650000
475568.050000
476486.000000
476491.600000
476495.550000
477752.400000
477755.500000
477759.200000
477768.250000
478882.200000
479709.300000
479715.600000
479725.550000
479733.900000
480682.450000
480941.900000
481308.750000
483202.000000
483205.200000
483208.450000
483995.050000
485258.250000
487673.800000
487678.350000
487697.400000
488075.150000
490351.450000
490367.900000
491445.850000
491461.450000
492470.950000
492477.300000
493503.950000
494101.950000
494952.350000
494961.550000
495782.300000
495786.550000
496200.200000
496206.000000
496300.700000
496307.650000
496312.500000
496321.850000
496419.350000
496425.650000
496435.900000
497172.100000
497324.250000
498503.600000
502783.200000
502786.900000
503649.200000
503653.000000
503658.500000
503664.450000
503959.350000
505610.450000
505757.100000
506063.400000
507128.250000
507139.350000
507559.350000
508795.300000
509268.100000
509503.900000
510969.150000
510987.850000
511209.100000
511552.650000
511569.600000
511583.750000
512080.750000
512089.800000
512163.200000
512189.500000
512808.050000
512834.950000
513188.700000
513537.800000
513719.850000
514133.350000
514293.050000
514758.700000
514766.300000
514916.050000
516804.400000
518770.700000
518977.450000
519671.100000
523239.800000
523419.100000
523615.900000
523724.150000
523742.250000
523750.350000
523751.900000
523761.750000
525431.250000
528809.400000
528935.550000
528944.150000
529096.300000
529123.300000
529927.000000
530020.650000
530027.050000
530126.850000
530250.300000
530270.850000
530373.800000
530386.150000
530582.500000
530710.300000
530734.200000
530744.150000
530827.850000
530872.450000
530886.300000
531308.650000
531426.950000
531454.200000
533372.800000
535935.000000
537290.650000
537723.300000
537731.600000
538323.000000
538356.100000
538606.250000
538613.400000
538620.750000
538799.850000
539607.100000
542126.500000
542385.650000
542390.750000
547978.750000
548006.450000
548267.300000
548274.450000
550676.800000
550700.800000
550709.500000
552276.150000
552280.750000
552286.650000
553229.450000
553742.800000
554397.300000
554414.950000
554427.200000
555135.150000
555315.300000
557119.050000
558124.400000
558134.000000
559919.200000
559982.850000
560104.800000
561677.250000
561712.600000
562302.950000
562319.600000
562779.150000
564892.000000
565268.550000
565274.300000
567028.250000
569110.250000
571139.900000
573026.850000
573807.350000
573810.400000
573838.950000
576728.400000
576735.400000
582102.200000
583481.050000
584041.000000
584085.850000
584518.000000
584522.300000
585596.250000
585914.450000
586037.800000
586074.600000
586079.950000
586474.100000
586479.650000
586500.600000
589172.450000
589565.500000
589585.800000
589592.450000
589651.800000
589677.450000
590460.950000
590714.300000
591238.550000
591262.450000
592668.200000
593648.450000
593667.450000
594642.750000
595437.600000
595900.450000
596384.100000
597079.350000
597085.650000
597093.550000
599383.450000
602226.500000
602230.000000
602233.950000
602241.150000
602251.950000
604441.000000
604448.100000
604451.050000
604454.500000
604455.500000
608857.950000
608892.500000
608909.600000
609976.750000
609980.900000
610090.200000
611982.850000
613163.650000
613622.950000
613639.750000
613880.250000
614593.700000
617472.500000
618079.250000
618083.100000
619716.050000
620208.000000
620211.600000
620216.500000
623288.500000
623721.550000
623942.200000
626151.900000
626169.350000
626610.100000
626812.050000
626815.850000
626843.150000
628990.700000
629267.450000
629274.950000
629284.350000
629416.850000
629428.550000
629899.800000
630379.350000
630581.800000
630585.950000
630600.650000
633232.000000
633254.750000
633527.450000
635687.600000
635792.000000
635841.800000
638014.150000
641632.400000
641637.000000
641645.050000
641797.300000
641801.350000
642001.750000
643292.900000
643312.700000
643421.550000
646221.300000
646688.950000
646822.100000
646844.400000
646860.900000
647028.000000
647687.600000
647691.800000
647704.650000
647715.900000
649180.050000
650031.700000
650506.000000
655185.250000
656216.450000
657372.150000
659392.750000
660548.300000
661488.150000
661847.900000
663262.300000
664523.050000
664550.850000
669820.550000
669957.350000
669962.450000
669987.350000
670873.950000
671077.400000
671876.900000
671904.650000
671925.150000
673174.600000
674593.850000
679538.300000
679546.550000
681183.450000
681505.900000
681519.800000
681531.900000
681988.950000
682781.800000
683259.000000
683272.450000
685565.750000
685571.250000
685752.100000
685754.750000
685759.100000
690259.850000
690589.850000
690605.750000
690640.800000
690648.350000
690655.400000
690666.350000
690836.150000
690843.700000
691737.450000
691831.550000
691847.150000
692028.400000
692199.500000
692400.650000
693649.250000
694546.200000
695121.450000
695288.050000
695305.600000
695991.150000
695998.900000
696950.400000
697061.550000
697068.800000
697074.900000
697492.950000
698396.000000
698994.700000
699374.850000
699382.250000
699387.500000
699415.600000
699528.900000
699550.550000
699673.050000
699895.250000
699991.700000
699998.350000
700012.500000
700112.050000
700137.900000
700158.250000
700255.600000
700358.900000
700561.150000
700636.900000
700650.350000
701108.850000
701469.950000
701874.650000
701883.600000
701887.450000
702827.850000
703181.850000
704402.700000
704414.900000
704420.400000
704729.750000
704737.700000
705257.900000
705631.900000
705635.450000
705743.050000
705744.100000
705747.150000
705755.600000
705970.950000
705987.400000
706001.750000
706011.450000
706150.950000
706395.550000
707208.200000
707319.950000
707436.550000
707467.000000
707476.950000
707710.600000
707993.100000
708029.900000
708094.350000
708131.100000
708411.900000
708719.300000
708814.550000
709167.350000
709236.450000
709260.100000
709565.900000
709646.850000
709745.700000
709758.450000
709770.800000
709884.150000
709892.550000
709942.300000
709968.850000
709980.500000
710009.600000
710035.550000
710102.500000
710108.650000
710129.000000
710197.900000
710274.650000
710299.700000
710329.500000
710336.900000
710365.900000
710498.050000
710754.750000
710770.350000
710786.000000
710829.850000
710883.150000
710952.550000
710972.450000
710981.150000
711052.300000
711070.050000
711441.900000
711457.700000
711557.300000
711708.700000
714284.600000
715305.850000
716419.050000
717359.150000
717727.700000
718387.250000
718398.000000
718418.500000
718423.400000
718459.300000
718463.650000
718481.450000
718531.550000
718600.850000
719451.050000
721313.350000
721563.550000
721568.050000
721578.450000
721588.500000
721592.350000
721678.100000
721694.550000
721768.250000
722954.600000
723526.100000
723543.850000
723547.950000
725100.400000
725361.500000
727890.700000
727897.650000
727928.950000
728229.800000
728386.650000
728397.600000
729250.700000
729996.850000
730692.200000
731469.900000
731514.200000
731546.400000
732057.550000
732409.300000
732654.900000
733321.800000
733348.000000
734800.350000
736106.950000
736119.800000
736460.000000
736768.450000
736856.650000
737087.700000
737199.500000
737510.200000
737542.700000
737575.550000
737784.250000
737798.650000
737804.000000
737812.300000
737836.750000
737844.800000
737888.700000
737899.850000
737907.700000
738000.750000
738011.300000
741643.700000
742199.400000
742409.650000
742686.500000
742720.900000
742777.450000
742785.900000
742853.250000
743015.050000
743749.200000
743979.250000
744031.850000
744035.900000
744447.250000
744740.950000
744745.300000
744755.700000
745498.100000
745505.600000
745774.650000
746300.750000
747192.050000
748776.250000
749587.100000
749776.300000
751170.100000
751177.000000
751251.100000
752270.100000
752775.050000
752778.750000
754298.650000
754687.500000
755403.950000
755407.050000
755413.800000
759594.750000
760451.300000
761182.200000
761190.150000
767918.150000
768047.950000
768051.950000
768436.800000
771463.150000
775871.500000
776385.300000
776392.800000
776744.000000
776754.050000
776763.900000
777269.550000
780257.350000
780513.850000
780745.450000
781722.250000
782890.400000
782908.100000
782930.500000
782936.750000
782957.450000
783650.200000
783654.850000
784172.450000
784175.600000
784194.900000
784198.850000
786122.550000
786253.550000
787975.950000
788159.150000
790748.650000
790758.800000
792528.500000
792534.050000
793340.550000
793674.550000
793676.950000
793703.350000
793789.850000
793810.250000
793817.000000
794870.450000
794892.200000
795058.450000
795141.650000
795145.300000
795157.000000
795161.600000
795340.250000
795369.650000
795378.400000
795382.450000
795388.650000
796306.300000
796312.800000
796317.200000
796320.500000
796329.500000
796337.200000
796354.350000
796359.550000
796364.850000
796380.800000
796387.900000
796394.350000
796444.950000
796454.350000
796475.300000
796603.500000
796682.400000
796797.600000
796872.450000
797020.300000
797086.850000
797620.650000
798427.950000
798432.750000
798451.550000
798661.550000
798693.350000
798991.250000
799242.850000
799285.050000
799308.500000
799315.050000
799342.600000
799345.650000
799433.050000
799495.400000
799759.650000
799768.700000
799817.250000
800057.450000
800072.350000
800169.750000
800176.800000
800209.600000
800247.150000
800274.700000
800293.900000
800303.950000
800313.100000
800334.600000
800347.100000
800385.700000
800417.550000
800428.750000
800436.200000
800443.550000
800488.300000
800676.750000
800929.700000
800992.900000
801045.600000
802215.050000
802222.900000
802339.700000
802385.600000
802418.250000
802510.600000
802519.050000
802527.050000
802579.950000
803108.350000
803145.500000
803146.700000
803153.750000
803164.250000
803174.550000
803184.850000
803762.600000
804429.350000
804443.650000
806815.900000
807507.750000
807670.100000
808208.700000
808942.300000
808951.100000
809894.450000
809901.400000
810922.050000
810927.300000
810937.000000
811783.750000
811795.550000
812365.750000
812409.800000
812424.200000
813214.900000
813230.600000
813562.050000
813573.350000
813576.500000
815481.200000
815506.250000
815517.900000
815525.100000
816300.200000
816907.800000
817491.600000
818032.100000
818062.150000
819456.900000
819718.150000
819821.100000
820220.250000
820235.200000
820852.600000
820856.750000
820863.950000
820877.800000
820884.700000
820914.300000
820921.000000
822039.450000
822312.550000
822316.550000
822588.200000
822764.400000
822768.800000
822772.350000
822781.800000
823819.700000
824099.200000
824395.600000
824413.600000
825412.400000
825421.700000
825827.850000
825831.300000
827310.900000
828630.850000
828636.900000
828649.400000
829613.700000
829634.000000
830026.600000
830661.600000
831826.650000
831836.000000
831844.500000
834213.900000
834690.150000
835827.550000
836441.500000
837233.200000
841749.450000
843611.800000
843885.900000
844189.800000
844654.850000
844660.200000
848122.050000
849178.500000
850960.000000
859354.500000
859652.050000
859829.450000
859834.550000
861560.600000
862085.950000
862116.250000
862877.100000
864762.350000
864828.550000
864831.850000
865264.750000
865272.900000
865282.200000
866994.400000
867039.850000
870317.650000
870911.350000
871693.050000
871707.600000
871842.700000
872720.850000
874486.400000
874498.800000
876751.400000
879066.550000
882620.900000
884325.250000
886188.050000
886250.650000
886665.950000
886680.300000
886701.750000
886890.450000
886913.400000
886921.300000
886953.450000
887003.900000
887016.550000
887966.650000
887982.850000
888061.350000
888098.050000
888495.150000
888610.100000
888972.900000
889044.900000
889136.200000
889590.200000
889684.400000
889779.450000
890111.000000
890242.050000
890338.950000
890532.600000
890573.750000
891362.800000
893609.250000
894749.750000
895310.450000
895314.250000
895319.950000
896267.450000
896281.300000
896395.500000
896513.200000
896743.950000
896875.500000
897304.650000
897310.350000
897314.600000
897323.250000
897346.400000
897437.750000
899008.950000
899646.750000
899659.250000
901131.050000
902768.400000
903849.650000
903949.100000
905161.850000
905724.900000
905928.600000
906050.000000
906064.000000
906085.200000
906146.550000
906254.100000
906268.650000
906758.300000
910872.250000
911287.200000
911298.150000
911710.400000
912013.350000
912022.500000
913813.950000
915603.850000
918205.350000
918217.900000
918226.150000
919130.500000
919997.850000
920375.750000
920383.800000
920985.600000
920990.150000
921018.000000
921444.850000
921454.650000
921477.000000
921525.500000
921571.100000
922990.050000
923004.150000
923013.550000
924657.500000
924665.650000
924706.750000
924826.950000
925520.150000
925524.050000
925531.800000
926365.700000
926776.150000
926780.800000
927071.000000
928453.000000
928456.350000
928927.550000
928931.100000
928936.450000
928947.350000
929509.600000
929514.500000
929537.650000
929628.200000
929662.800000
930863.850000
930877.850000
930885.350000
931185.050000
931189.300000
931192.900000
931363.700000
932317.450000
932403.700000
933492.450000
933517.200000
934173.700000
934850.400000
935131.850000
936008.600000
938990.400000
938996.000000
939350.950000
939494.900000
939629.400000
939881.050000
940143.400000
940571.950000
940680.400000
940897.600000
940900.950000
941964.150000
942741.700000
942866.000000
945622.050000
946069.700000
946175.050000
946180.150000
946185.800000
946226.800000
946235.000000
950571.000000
952290.950000
954261.400000
954967.900000
956556.500000
959210.200000
960149.550000
960178.600000
960433.000000
961246.500000
961555.250000
962548.050000
963234.250000
963361.300000
963374.250000
965360.900000
965364.150000
965614.550000
966425.500000
966498.350000
967995.500000
968000.100000
968004.600000
969772.550000
969835.950000
970354.550000
970374.600000
971176.250000
971192.650000
971199.500000
973186.550000
973194.850000
973727.100000
979531.450000
979542.100000
979550.200000
979552.800000
979555.600000
979563.050000
979574.400000
980764.800000
981237.000000
981250.350000
981901.350000
981907.950000
982721.650000
982726.200000
985211.450000
985350.750000
985405.900000
985410.250000
985427.950000
985429.250000
985927.550000
986757.000000
989616.450000
989622.550000
990011.250000
990629.600000
990645.900000
991566.600000
991612.400000
992899.550000
995140.850000
995163.500000
996070.400000
996344.650000
997449.350000
997466.750000
999922.600000
999955.150000
1001337.400000
1001480.750000
1002027.350000
1003546.600000
1004689.450000
1006588.500000
1006593.150000
1006656.550000
1007352.150000
1007369.100000
1009027.800000
1009037.200000
1009043.650000
1009297.800000
1010549.150000
1010569.350000
1010575.700000
1010971.300000
1010975.650000
1011201.800000
1011442.650000
1011448.800000
1011468.500000
1012707.800000
1012815.100000
1012834.850000
1012915.350000
1012925.650000
1012934.250000
1012946.300000
1014209.550000
1014386.150000
1014612.550000
1014648.100000
1015140.550000
1015171.200000
1016402.850000
1016410.500000
1016426.650000
1017296.700000
1017311.700000
1017341.200000
1017620.000000
1020231.400000
1020651.600000
1021155.300000
1021179.400000
1021195.950000
1022261.200000
1023039.600000
1024185.950000
1024219.550000
1028380.250000
1028390.100000
1029047.650000
1029533.750000
1029850.900000
1031756.500000
1031775.550000
1033391.250000
1034595.350000
1036050.850000
1038731.850000
1038736.650000
1039092.250000
1039197.000000
1039201.000000
1039445.300000
1039459.550000
1039571.700000
1039605.250000
1039612.900000
1039619.400000
1039694.150000
1039714.150000
1040430.050000
1040624.250000
1040740.700000
1040771.550000
1040827.450000
1041807.450000
1041814.150000
1041818.150000
1041917.000000
1041935.250000
1042247.650000
1042262.500000
1042383.450000
1042388.400000
1042551.750000
1042707.800000
1042742.050000
1042854.850000
1042967.600000
1042978.950000
1043104.550000
1043110.000000
1043120.850000
1043176.650000
1043322.150000
1043338.400000
1043526.100000
1043606.000000
1043665.450000
1043695.800000
1043780.650000
1043792.800000
1043800.450000
1043870.750000
1043880.400000
1043930.000000
1043944.700000
1044076.950000
1044110.350000
1044132.550000
1044162.300000
1044179.650000
1044206.300000
1044268.150000
1044312.500000
1044337.450000
1044367.850000
1044390.300000
1044480.400000
1044499.200000
1044585.100000
1044768.150000
1044837.750000
1044913.900000
1044958.050000
1045143.600000
1045172.050000
1045397.950000
1045606.900000
1045961.950000
1045979.150000
1046081.100000
1046123.950000
1048087.350000
1048717.200000
1048997.150000
1049845.750000
1050097.650000
1050667.100000
1052270.400000
1053513.250000
1054530.800000
1054537.600000
1054975.650000
1055164.050000
1055170.250000
1055441.400000
1055461.800000
1055583.250000
1060595.400000
1062219.100000
1063036.800000
1063040.950000
1063053.900000
1064494.600000
1065114.550000
1067360.500000
1068977.950000
1069313.500000
1069775.900000
1072013.050000
1072395.900000
1075203.350000
1075221.100000
1075749.900000
1075755.750000
1076744.250000
1077258.550000
1077268.950000
1077523.550000
1078132.750000
1078262.400000
1078280.800000
1078543.300000
1078667.500000
1078717.600000
1078810.550000
1078826.950000
1078865.150000
1078876.850000
1081472.750000
1081479.650000
1082916.700000
1082925.800000
1083503.850000
1086377.850000
1086662.100000
1087683.050000
1089227.900000
1089239.650000
1090204.900000
1090883.500000
1090899.950000
1090901.500000
1090918.600000
1092365.150000
1093079.200000
1097976.100000
1098325.650000
1098334.600000
1102724.100000
1103955.100000
1103965.400000
1104506.500000
1104512.300000
1104756.900000
1104871.200000
1104875.250000
1104882.900000
1104904.150000
1105925.000000
1105934.650000
1106051.850000
1107740.400000
1107747.850000
1107749.500000
1107753.950000
1107758.550000
1107763.850000
1107770.000000
1108392.000000
1108400.100000
1108509.500000
1108530.650000
1110878.150000
1110894.150000
1110912.650000
1111443.750000
1111477.400000
1112779.700000
1112981.150000
1117671.200000
1118709.850000
1118720.550000
1120146.050000
1120152.250000
1120161.150000
1120180.600000
1120731.600000
1120878.650000
1121524.600000
1121528.900000
1121539.900000
1127759.250000
1127770.850000
1128191.000000
1128308.400000
1128318.550000
1128735.600000
1129485.650000
1130727.100000
1130730.500000
1130735.850000
1130749.350000
1130758.100000
1133617.800000
1133622.400000
1133628.050000
1135120.850000
1137079.800000
1137082.500000
1139094.750000
1139753.500000
1140285.650000
1140334.600000
1140339.500000
1140355.600000
1140359.500000
1140781.750000
1140875.200000
1141788.300000
1142849.450000
1142859.050000
1145491.700000
1145496.600000
1145518.150000
1146044.200000
1147153.300000
1147721.650000
1147878.950000
1149135.750000
1149147.950000
1149882.900000
1149891.750000
1149896.700000
1152391.850000
1152397.300000
1152402.350000
1153197.800000
1153239.500000
1153247.000000
1154895.550000
1155101.150000
1155109.850000
1159087.550000
1159351.100000
1159980.850000
1160000.850000
1160513.150000
1160916.050000
1160919.250000
1160922.500000
1161168.150000
1162108.300000
1162735.450000
1162775.900000
1162995.250000
1163001.800000
1163186.500000
1163466.800000
1164060.100000
1165357.950000
1165815.850000
1165824.700000
1165829.850000
1165852.350000
1165862.800000
1166379.250000
1166466.100000
1167067.500000
1167501.350000
1167504.250000
1167510.700000
1168795.550000
1169311.950000
1172174.150000
1173070.450000
1173174.300000
1173183.750000
1173187.950000
1174189.100000
1174325.450000
1174330.650000
1178067.450000
1178076.100000
1178082.150000
1178090.250000
1178258.900000
1178291.250000
1179563.550000
1180953.650000
1182324.950000
1182376.950000
1183201.700000
1183204.700000
1183321.000000
1183326.300000
1183333.950000
1183337.900000
1183341.650000
1185463.000000
1188540.650000
1188550.900000
1191641.350000
1191645.950000
1194453.200000
1196850.300000
1196854.350000
1196861.600000
1201992.800000
1204640.200000
1204644.750000
1204650.450000
1204927.500000
1206086.300000
1206090.200000
1206095.700000
1206113.050000
1210692.800000
1212169.500000
1213260.450000
1213264.500000
1213273.400000
1213774.100000
1213931.800000
1213936.950000
1213954.900000
1214036.550000
1214040.300000
1214051.200000
1214070.350000
1214569.450000
1216252.900000
1218279.950000
1218288.800000
1219424.100000
1222015.700000
1222020.400000
1222024.050000
1222748.200000
1223369.400000
1225883.950000
1225908.400000
1227482.350000
1229071.200000
1229083.150000
1229743.600000
1229766.800000
1230058.600000
1233262.600000
1233267.400000
1234152.250000
1236099.750000
1238582.750000
1238599.350000
1238611.200000
1239466.450000
1239805.400000
1240208.950000
1240220.050000
1240225.300000
1240237.150000
1240653.200000
1240659.500000
1240974.250000
1240978.250000
1240982.000000
1243357.750000
1243479.500000
1245241.450000
1245258.200000
1245664.100000
1248257.400000
1250880.650000
1250885.000000
1250889.450000
1251133.450000
1251591.150000
1252355.200000
1252361.900000
1252369.650000
1252374.500000
1252826.500000
1253443.150000
1254550.750000
1254555.200000
1254559.900000
1254567.650000
1256133.250000
1256141.350000
1256148.700000
1258877.700000
1258885.150000
1258900.050000
1259325.650000
1259656.600000
1260125.700000
1260128.700000
1261571.700000
1261575.350000
1261579.550000
1264403.300000
1264576.700000
1267488.900000
1267497.100000
1268622.000000
1268631.200000
1268928.550000
1269124.400000
1269131.300000
1269135.450000
1269145.950000
1270814.250000
1272610.850000
1272618.800000
1272629.150000
1279673.800000
1280385.050000
1280389.000000
1281860.900000
1281985.700000
1282639.850000
1282647.350000
1282659.300000
1284610.050000
1284617.450000
1284627.000000
1285153.950000
1285541.100000
1285553.500000
1285576.100000
1285733.200000
1285927.550000
1285935.350000
1285963.550000
1289775.200000
1290508.450000
1290765.200000
1291677.250000
1291685.200000
1293590.800000
1294699.500000
1297449.900000
1297458.400000
1297464.250000
1297477.600000
1297483.050000
1297486.350000
1297541.550000
1299375.900000
1301087.850000
1301797.400000
1302441.000000
1302445.000000
1302447.900000
1302453.200000
1302457.450000
1302467.600000
1302472.550000
1303598.100000
1307131.150000
1307147.150000
1307934.000000
1308155.450000
1308286.750000
1308293.050000
1308803.650000
1309612.150000
1309617.000000
1309627.300000
1312034.400000
1312752.200000
1317461.700000
1317469.000000
1317473.350000
1317491.600000
1317496.600000
1317505.750000
1319585.800000
1319747.850000
1321717.300000
1321730.550000
1323642.900000
1323653.800000
1325520.550000
1325527.250000
1326525.400000
1326879.750000
1329418.050000
1330608.650000
1331537.850000
1332456.250000
1333276.550000
1333344.050000
1343039.450000
1343043.300000
1343052.550000
1346764.750000
1346777.150000
1346783.850000
1349011.000000
1349237.600000
1349447.300000
1349989.100000
1350521.050000
1351580.700000
1354917.700000
1354942.950000
1354952.150000
1355650.350000
1356291.800000
1357639.950000
1357676.750000
1359106.550000
1359114.500000
1359451.100000
1359578.800000
1359609.050000
1360425.100000
1360429.500000
1360434.000000
1360437.950000
1360441.700000
1360996.050000
1361840.350000
1362698.200000
1362704.500000
1367218.750000
1367784.200000
1369884.750000
1369896.000000
1375557.900000
1376478.450000
1376484.600000
1376488.200000
1376492.750000
1376497.500000
1376506.450000
1376512.850000
1376793.750000
1379536.050000
1380657.100000
1380681.150000
1381797.450000
1388161.700000
1388170.100000
1388176.150000
1388178.350000
1388185.700000
1388714.300000
1392860.200000
1392871.400000
1393282.250000
1394553.050000
1395459.050000
1396856.950000
1399289.500000
1399293.300000
1399301.800000
1399306.200000
1399315.050000
1401080.450000
1402367.700000
1402389.600000
1402410.450000
1403705.200000
1404878.550000
1405494.550000
1405509.800000
1407854.600000
1408172.250000
1408175.650000
1408188.450000
1409020.500000
1411703.050000
1413054.000000
1413070.550000
1413255.000000
1420444.900000
1422575.700000
1422578.850000
1422587.950000
1429154.000000
1429164.800000
1429182.500000
1429520.000000
1429525.750000
1429539.150000
1429551.000000
1429666.800000
1429691.650000
1429877.950000
1429917.450000
1432236.700000
1432358.400000
1432364.850000
1432482.150000
1432500.450000
1432743.000000
1432755.150000
1435447.300000
1435458.250000
1435465.200000
1435473.400000
1435479.300000
1435485.750000
1441347.950000
1441371.150000
1441376.050000
1442134.700000
1442138.850000
1442142.400000
1443134.600000
1443275.900000
1443512.250000
1446271.800000
1446291.750000
1446475.050000
1446479.900000
1451430.850000
1451438.550000
1452218.050000
1452229.150000
1453459.350000
1453467.300000
1453473.750000
1453477.300000
1462079.300000
1462093.350000
1462208.050000
1462213.550000
1462337.300000
1462352.300000
1462884.800000
1462896.500000
1463451.050000
1463731.650000
1464127.550000
1464162.300000
1464278.250000
1464290.900000
1464400.450000
1464416.250000
1464527.850000
1464539.150000
1464581.050000
1464989.500000
1465007.950000
1465019.600000
1465027.650000
1465073.300000
1465118.500000
1465122.650000
1467333.900000
1469677.250000
1469696.750000
1472493.450000
1472820.950000
1472824.650000
1472828.250000
1472840.750000
1473202.100000
1473568.550000
1473574.000000
1473580.800000
1473718.400000
1473742.450000
1473751.200000
1473756.900000
1474864.050000
1476617.450000
1476652.650000
1476663.350000
1477871.850000
1478537.500000
1480635.550000
1481558.550000
1482684.000000
1485833.000000
1485837.650000
1486069.650000
1486078.250000
1486114.250000
1486197.350000
1486233.100000
1486349.750000
1486565.050000
1486575.500000
1487019.900000
1487239.750000
1487803.650000
1489813.800000
1490445.100000
1490745.700000
1491039.550000
1491290.150000
1492024.750000
1492260.400000
1492279.800000
1492852.450000
1493046.550000
1494066.600000
1494274.650000
1494282.000000
1495413.200000
1495417.700000
1495429.400000
1495443.800000
1495788.250000
1495792.950000
1496045.950000
1496294.550000
1496868.500000
1497495.000000
1497763.000000
1497772.650000
1498149.400000
1498156.750000
1498164.500000
1498536.000000
1498614.150000
1498628.550000
1498636.750000
1498652.700000
1498666.200000
1498698.400000
1498703.950000
1499125.700000
1500078.750000
1501259.050000
1501265.900000
1501273.800000
1502741.950000
1502747.150000
1502753.400000
1503723.300000
1503730.950000
1505623.450000
1505634.900000
1505760.050000
1505765.700000
1506298.050000
1506317.050000
1506814.450000
1507357.800000
1507362.800000
1507367.900000
1507373.850000
1507374.650000
1507381.300000
1507395.400000
1507585.050000
1507594.300000
1507605.150000
1507751.100000
1507757.550000
1507834.650000
1507851.050000
1508880.150000
1508899.800000
1509074.350000
1509127.900000
1509140.250000
1509145.000000
1509160.450000
1509403.650000
1513773.950000
1513777.400000
1516298.700000
1516932.450000
1516943.700000
1517777.600000
1517885.800000
1517891.250000
1518257.450000
1518270.950000
1518385.250000
1518400.850000
1518519.300000
1519728.950000
1522557.500000
1523763.100000
1523768.950000
1523772.750000
1523776.400000
1523786.650000
1523787.300000
1524844.600000
1524918.750000
1526564.600000
1526573.050000
1527441.650000
1528547.450000
1529293.350000
1529298.450000
1529893.300000
1529897.450000
1530989.750000
1530993.500000
1531635.350000
1531677.550000
1531685.000000
1531697.050000
1531710.500000
1532214.800000
1532871.300000
1533342.250000
1534345.200000
1534349.850000
1534892.050000
1535325.700000
1537097.050000
1537539.150000
1537702.300000
1538850.500000
1539676.000000
1539678.900000
1539682.750000
1542144.700000
1542329.400000
1542334.250000
1542338.550000
1542360.050000
1542366.950000
1542376.050000
1545391.750000
1547347.350000
1547412.350000
1549216.300000
1549225.550000
1549230.150000
1552172.950000
1552182.200000
1552513.550000
1556560.750000
1557209.000000
1557219.400000
1557230.400000
1558745.350000
1561609.700000
1561615.600000
1561626.100000
1561628.650000
1561650.750000
1562865.200000
1568582.050000
1570517.800000
1570535.750000
1570920.700000
1570940.000000
1570953.650000
1571894.300000
1571899.650000
1572013.450000
1572019.950000
1572249.800000
1577122.200000
1577126.200000
1578230.600000
1578884.200000
1579019.800000
1579027.750000
1579277.400000
1579283.750000
1579317.400000
1581018.300000
1581034.000000
1582092.900000
1582567.200000
1582578.750000
1583052.250000
1583781.200000
1583785.950000
1586084.550000
1586088.950000
1586107.100000
1591556.850000
1591562.200000
1591578.200000
1591772.000000
1592015.050000
1592022.400000
1593513.100000
1593539.950000
1593561.800000
1593562.900000
1593567.200000
1593575.250000
1593580.200000
1593600.200000
1593621.000000
1595980.700000
1595986.550000
1596130.900000
1596510.250000
1597130.650000
1597135.350000
1597138.250000
1598317.950000
1598649.800000
1600621.000000
1602035.700000
1602059.900000
1602910.400000
1609046.450000
1609053.150000
1609603.550000
1609610.000000
1614368.050000
1614382.350000
1614416.350000
1614424.950000
1614781.000000
1615224.300000
1615235.200000
1615398.100000
1616128.400000
1616138.500000
1616553.450000
1616562.450000
1616571.500000
1617370.600000
1618716.050000
1619598.750000
1619621.150000
1620262.550000
1620701.150000
1623524.550000
1623550.350000
1626130.550000
1627006.250000
1627010.650000
1631288.900000
1633942.750000
1638251.600000
1639521.650000
1645143.400000
1645846.050000
1646168.500000
1646172.350000
1646182.150000
1646631.250000
1650259.100000
1651382.500000
1654133.500000
1655795.500000
1659292.450000
1660436.900000
1660682.150000
1661259.250000
1661361.300000
1661586.500000
1664859.450000
1668158.000000
1668253.550000
1668572.550000
1668891.550000
1669743.600000
1669761.200000
1671655.050000
1671665.000000
1674387.350000
1674406.250000
1676466.400000
1676471.050000
1677116.900000
1677120.750000
1677151.900000
1678904.850000
1678909.600000
1678917.050000
1681334.900000
1681340.550000
1683331.050000
1684363.700000
1684367.250000
1684708.550000
1684717.600000
1684720.550000
1686660.950000
1686953.900000
1687136.100000
1687221.750000
1687592.200000
1688243.300000
1688246.450000
1689007.100000
1689011.250000
1689017.450000
1689519.050000
1689584.450000
1690230.400000
1690764.900000
1692351.500000
1692473.350000
1692483.450000
1692827.000000
1692870.650000
1693568.650000
1693620.350000
1693812.750000
1693850.200000
1693908.200000
1693916.600000
1700088.450000
1702641.700000
1703378.300000
1704254.100000
1704361.250000
1706892.800000
1707515.450000
1707534.400000
1707954.650000
1709048.800000
1709102.900000
1710190.900000
1710394.900000
1711158.300000
1711431.050000
1711443.250000
1711463.000000
1711478.600000
1711482.250000
1711496.600000
1718135.550000
1720053.400000
1720259.150000
1726647.550000
1726909.350000
1726935.200000
1727902.250000
1728323.200000
1728786.600000
1730777.550000
1731071.800000
1731084.750000
1731092.900000
1731101.000000
1732364.350000
1733554.050000
1733568.900000
1733877.050000
1735171.300000
1735634.300000
1735638.400000
1735646.100000
1738194.050000
1739049.700000
1739054.650000
1739063.550000
1739128.150000
1740333.100000
1742948.200000
1743535.950000
1743540.450000
1743545.350000
1743551.800000
1743845.700000
1743850.500000
1743851.050000
1745092.750000
1745992.650000
1747552.100000
1747989.750000
1748487.050000
1750894.400000
1751134.800000
1751151.700000
1751165.300000
1752002.400000
1752191.800000
1752490.700000
1752496.250000
1753941.100000
1755524.500000
1761027.150000
1766180.800000
1766249.900000
1766914.100000
1766923.000000
1767779.700000
1769779.850000
1769808.600000
1770951.750000
1772299.950000
1772688.800000
1773267.350000
1777264.850000
1777947.750000
1780293.700000
1780514.950000
1781824.350000
1781833.700000
1790690.200000
1793562.000000
1793567.800000
1793589.750000
1794654.500000
1794655.400000
1800387.900000
1802165.600000
1802395.350000
1802478.500000
1802481.000000
1802483.150000
1802498.950000
1803537.450000
1803554.050000
1809215.150000
1809934.450000
1810028.500000
1811651.900000
1811827.950000
1813137.350000
1818974.100000
1819089.150000
1819287.400000
1819307.750000
1819492.600000
1819516.100000
1819749.050000
1821557.100000
1823101.600000
1823113.650000
1823821.150000
1824484.500000
1825584.950000
1825605.050000
1826718.400000
1828968.150000
1829198.250000
1829368.450000
1829592.650000
1829854.950000
1831564.750000
1833073.950000
1833450.250000
1833646.350000
1833664.250000
1833960.100000
1833989.700000
1836036.000000
1840332.700000
1840821.000000
1844640.250000
1847344.850000
1847349.100000
1847364.400000
1847371.050000
1851583.300000
1854348.400000
1854353.650000
1855396.650000
1855400.500000
1855479.600000
1855483.700000
1855490.550000
1859841.100000
1864123.100000
1864892.500000
1865993.200000
1869597.750000
1884460.350000
1887228.700000
1887689.050000
1887697.700000
1887703.200000
1888794.000000
1891599.600000
1891607.400000
1895783.200000
1896128.600000
1899468.550000
1899473.550000
1901260.350000
1902057.100000
1902077.950000
1902083.300000
1902855.750000
1903422.400000
1903430.700000
1903436.650000
1903457.650000
1904127.550000
1910094.000000
1912748.850000
1915727.300000
1918447.900000
1919098.850000
1920302.900000
1922401.500000
1922417.900000
1922437.000000
1927191.350000
1927196.100000
1927199.600000
1930184.050000
1931238.950000
1931250.100000
1934472.000000
1937392.350000
1939860.400000
1945183.750000
1945216.350000
1946203.750000
1946533.950000
1948168.250000
1948186.500000
1948246.150000
1948253.150000
1949466.450000
1950420.100000
1951059.650000
1956438.100000
1959858.350000
1960394.200000
1960846.350000
1961174.800000
1963371.200000
1964071.300000
1964480.700000
1975299.450000
1975380.150000
1976350.400000
1976354.150000
1978378.900000
1979590.550000
1982493.700000
1982906.400000
1983614.550000
1985073.850000
1985316.950000
1986254.600000
1986713.550000
1988243.850000
1991346.500000
1992405.500000
1992478.400000
1993246.400000
1997444.850000
1997452.550000
1997519.500000
1997526.950000
2000984.650000
2001001.600000
2001006.800000
2001010.650000
2003616.900000
2004691.600000
2005099.450000
2005104.550000
2007169.350000
2008026.650000
2010630.050000
2011207.300000
2011371.500000
2011460.450000
2012760.500000
2012998.250000
2015201.300000
2018437.050000
2021978.750000
2022943.250000
2022953.450000
2024712.250000
2027043.850000
2027420.450000
2034891.350000
2038412.150000
2038759.250000
2040790.600000
2042688.650000
2042722.750000
2042730.300000
2042734.800000
2042738.750000
2042744.950000
2042749.600000
2043700.950000
2044586.000000
2045389.150000
2045529.600000
2045568.750000
2046184.650000
2046196.600000
2046204.100000
2046896.150000
2046900.700000
2048475.550000
2048770.350000
2048831.850000
2051096.450000
2051117.400000
2051127.550000
2051137.550000
2051732.200000
2051740.850000
2052173.750000
2052983.000000
2052994.800000
2053060.050000
2053106.300000
2053339.100000
2053978.800000
2053990.300000
2061201.150000
2062728.300000
2062735.650000
2064595.100000
2064612.750000
2064997.550000
2065840.250000
2065853.200000
2066025.950000
2066916.050000
2066935.650000
2067147.850000
2067641.550000
2067649.650000
2067735.400000
2067842.800000
2068168.900000
2068981.700000
2069422.750000
2071493.800000
2071499.700000
2071733.400000
2071741.950000
2076043.350000
2081062.000000
2082755.900000
2083239.200000
2089646.600000
2089689.900000
2098217.500000
2098607.600000
2098831.850000
2099552.500000
2101076.650000
2102828.400000
2104578.800000
2106473.800000
2107092.200000
2107097.900000
2107104.850000
2110361.350000
2114156.200000
2121067.600000
2126623.150000
2127313.650000
2129452.650000
2130739.700000
2130747.500000
2131368.650000
2132380.750000
2132773.200000
2134663.950000
2134689.600000
2134692.550000
2138459.200000
2138545.700000
2143020.150000
2146353.650000
2154048.900000
2154494.300000
2154495.300000
2154796.850000
2157453.300000
2158297.500000
2160198.600000
2160560.650000
2161470.200000
2162936.500000
2164777.550000
2165624.450000
2166789.200000
2166799.850000
2167322.250000
2167873.450000
2167985.200000
2170540.400000
2171801.750000
2172407.950000
2173358.000000
2173793.100000
2174164.850000
2174244.800000
2174817.100000
2184528.450000
2184533.650000
2185381.400000
2188047.300000
2188932.200000
2192523.200000
2195793.500000
2196220.900000
2197004.600000
2199534.050000
2199539.400000
2199546.800000
2199552.700000
2205091.400000
2211185.050000
2212481.350000
2217500.900000
2219737.350000
2221800.700000
2224603.250000
2224606.700000
2224610.000000
2224619.700000
2229126.050000
2234171.900000
2243408.450000
2244511.250000
2251435.300000
2251853.700000
2253250.100000
2253277.850000
2255863.450000
2258109.250000
2258222.900000
2258227.950000
2258231.250000
2260475.700000
2260845.000000
2264563.650000
2264569.600000
2268759.800000
2277758.100000
2277762.300000
2277765.350000
2277767.800000
2277771.250000
2279519.700000
2279527.600000
2279659.100000
2280049.600000
2280053.100000
2281818.400000
2281831.050000
2282223.350000
2286331.850000
2287830.600000
2288452.650000
2289685.000000
2290241.700000
2291704.050000
2292130.200000
2292136.100000
2292186.700000
2292214.600000
2293136.250000
2294764.650000
2294798.250000
2298860.500000
2299592.500000
2301948.100000
2301953.950000
2302168.600000
2304469.750000
2304920.200000
2306182.150000
2308510.900000
2308525.650000
2308530.400000
2310578.000000
2310585.700000
2312547.500000
2313939.000000
2313965.250000
2313994.450000
2316544.600000
2316559.300000
2319425.050000
2319434.100000
2319579.900000
2320797.050000
2320916.900000
2320924.250000
2323027.500000
2323031.750000
2329442.000000
2330900.950000
2331526.400000
2331536.100000
2332816.450000
2334893.400000
2335061.050000
2335246.550000
2335265.200000
2335300.050000
2335399.250000
2340649.050000
2345416.600000
2345420.000000
2345639.850000
2345704.050000
2349340.050000
2349344.450000
2349347.700000
2349401.650000
2353511.800000
2353751.100000
2360800.550000
2360947.950000
2362170.000000
2362469.650000
2362867.150000
2362895.250000
2363081.850000
2363092.050000
2363774.900000
2364776.550000
2364792.500000
2365603.700000
2365607.900000
2366251.900000
2366314.550000
2366444.900000
2366453.900000
2366663.450000
2366998.000000
2367004.200000
2367244.100000
2367671.450000
2367855.050000
2368223.550000
2368437.250000
2368444.600000
2368552.550000
2368578.300000
2368684.050000
2368815.050000
2368939.650000
2369070.100000
2369336.700000
2369344.550000
2369364.450000
2369387.500000
2369419.350000
2369568.300000
2369767.800000
2369799.200000
2369822.700000
2369834.350000
2369844.350000
2369890.800000
2369998.500000
2370210.900000
2370224.750000
2370364.250000
2370607.200000
2370667.650000
2370829.000000
2370945.400000
2371090.000000
2371210.500000
2371259.400000
2371293.400000
2371583.000000
2371715.750000
2371836.700000
2371847.550000
2371854.600000
2371872.650000
2371930.450000
2371938.150000
2372262.900000
2373121.450000
2373266.850000
2373282.950000
2373518.950000
2373726.700000
2373776.950000
2374775.050000
2374937.800000
2376007.800000
2378824.400000
2379342.550000
2380468.250000
2380479.250000
2380884.900000
2381326.900000
2382574.250000
2382737.150000
2382745.250000
2383902.150000
2383913.900000
2384257.200000
2384288.250000
2384603.050000
2385363.350000
2387517.600000
2387947.500000
2387968.250000
2387973.700000
2388375.500000
2388391.700000
2390600.300000
2391034.100000
2391223.050000
2391246.050000
2392372.150000
2393714.500000
2394677.250000
2394813.150000
2396271.450000
2396687.950000
2397637.650000
2399402.200000
2401695.550000
2401700.400000
2404568.700000
2405456.100000
2405465.650000
2410150.350000
2410170.900000
2410175.700000
2411607.700000
2411618.250000
2415399.800000
2415408.950000
2421640.200000
2423040.250000
2426494.650000
2426689.800000
2430031.050000
2432331.600000
2432361.300000
2436359.500000
2436389.050000
2436603.900000
2438749.600000
2438753.900000
2440916.600000
2440926.650000
2441415.500000
2442605.500000
2442615.550000
2442642.200000
2443349.800000
2444107.600000
2447230.700000
2448782.300000
2451499.100000
2455016.200000
2456307.050000
2456452.050000
2456459.100000
2456461.500000
2458635.150000
2458676.750000
2458758.300000
2459932.350000
2462528.900000
2465213.000000
2465984.750000
2468139.050000
2468440.100000
2468600.350000
2468753.000000
2470758.350000
2470802.200000
2471604.500000
2474004.100000
2475668.750000
2485394.300000
2485398.650000
2485411.800000
2487777.300000
2487871.200000
2488204.000000
2492767.450000
2492853.550000
2495542.450000
2495553.550000
2495563.800000
2496285.250000
2496407.100000
2497374.900000
2500917.050000
2503446.600000
2504572.900000
2510070.100000
2510090.350000
2510924.600000
2513716.150000
2514167.500000
2515171.150000
2515223.500000
2515227.950000
2516491.150000
2521484.400000
2521491.900000
2524687.600000
2525454.700000
2528176.500000
2528185.850000
2528817.500000
2529568.250000
2529575.150000
2530694.300000
2533778.650000
2533794.150000
2533799.800000
2534599.300000
2535041.300000
2535049.100000
2535478.700000
2541694.950000
2541707.800000
2541710.700000
2541721.100000
2542269.850000
2542493.500000
2545692.750000
2545695.600000
2545705.050000
2545708.100000
2545732.600000
2547915.050000
2548698.100000
2548986.350000
2551343.600000
2551617.550000
2552194.500000
2554071.350000
2554214.750000
2557579.850000
2559485.400000
2560050.200000
2560057.050000
2560068.750000
2560747.100000
2563485.750000
2563634.850000
2565729.750000
2569402.750000
2571910.400000
2574573.400000
2574586.500000
2574981.000000
2579088.500000
2581357.650000
2582066.550000
2582070.350000
2582960.000000
2586201.300000
2586216.350000
2588628.400000
2588953.100000
2593230.200000
2593257.800000
2593520.050000
2595095.400000
2599682.200000
2602369.850000
2602525.350000
2602647.950000
2602653.900000
2602673.700000
2602779.300000
2602798.350000
2602934.200000
2603453.100000
2603675.550000
2607662.550000
2608957.900000
2608988.100000
2608995.800000
2609251.750000
2609502.050000
2611706.050000
2614402.750000
2614420.850000
2616316.000000
2617489.800000
2617818.050000
2617948.850000
2618549.250000
2619082.550000
2619087.650000
2620108.150000
2620145.000000
2621386.300000
2622969.950000
2623198.200000
2623417.100000
2623427.500000
2632422.500000
2632442.800000
2632447.750000
2632453.050000
2633084.250000
2633892.800000
2633904.500000
2634741.250000
2634767.050000
2637939.800000
2638031.850000
2638336.200000
2638793.900000
2638828.250000
2639764.300000
2639778.100000
2640521.000000
2645111.250000
2646068.750000
2648330.200000
2649671.150000
2650152.500000
2652611.900000
2654960.300000
2662632.300000
2662771.500000
2662778.500000
2662911.350000
2667126.550000
2670052.400000
2670098.350000
2670844.300000
2670847.700000
2674463.500000
2676006.100000
2676672.350000
2678544.500000
2679316.500000
2679781.100000
2679783.650000
2679799.150000
2681805.100000
2682985.600000
2683798.300000
2684832.800000
2684847.400000
2686316.350000
2693071.150000
2693544.900000
2694818.550000
2694937.650000
2695056.650000
2695087.400000
2697758.950000
2697793.900000
2697800.250000
2697866.100000
2697872.450000
2700481.800000
2700487.300000
2701053.250000
2702236.750000
2702246.400000
2702257.000000
2704078.950000
2709158.450000
2713166.750000
2713181.050000
2713533.950000
2713839.000000
2714039.050000
2716932.400000
2717009.250000
2717483.700000
2717979.950000
2720726.300000
2725712.700000
2726460.200000
2726473.000000
2726496.450000
2727633.500000
2727815.750000
2727826.550000
2729310.350000
2730087.350000
2730947.350000
2730968.400000
2732966.850000
2733113.850000
2733270.350000
2734263.950000
2735670.250000
2735968.000000
2735973.650000
2736454.050000
2739696.850000
2741537.550000
2743817.500000
2743830.200000
2744460.000000
2744955.500000
2744965.850000
2747452.400000
2747456.950000
2747475.200000
2749267.000000
2753584.950000
2757083.900000
2757105.800000
2757123.100000
2757851.250000
2757976.400000
2757982.950000
2758527.750000
2759754.350000
2759763.250000
2759769.850000
2761299.350000
2761590.250000
2761639.100000
2763945.450000
2768267.550000
2770071.000000
2770095.800000
2775787.050000
2776012.450000
2778989.400000
2784779.500000
2784788.700000
2784792.950000
2784802.300000
2784841.850000
2785367.900000
2786276.550000
2789812.400000
2789816.200000
2791305.050000
2791352.050000
2795856.350000
2796306.250000
2797533.600000
2797642.500000
2797944.300000
2797952.950000
2797956.500000
2797964.900000
2797974.600000
2798799.450000
2798805.750000
2798809.000000
2799945.150000
2800642.350000
2801923.050000
2801969.700000
2803815.900000
2817974.800000
2817980.350000
2818004.750000
2819939.300000
2822041.650000
2822051.600000
2829793.150000
2830370.450000
2830397.950000
2831160.250000
2831167.100000
2835642.250000
2836605.400000
2842669.000000
2842685.500000
2842692.500000
2844622.650000
2844829.550000
2846184.350000
2848775.700000
2849208.550000
2849618.000000
2850844.200000
2850849.850000
2852187.650000
2852596.300000
2852607.500000
2852622.950000
2856779.950000
2861296.350000
2861971.400000
2862960.450000
2865139.050000
2865389.200000
2869999.200000
2871770.750000
2871780.650000
2873112.250000
2875360.800000
2876901.450000
2877594.450000
2877611.200000
2877620.450000
2877639.150000
2877846.700000
2879513.800000
2883422.200000
2883432.100000
2883979.150000
2883986.650000
2884387.750000
2884927.800000
2886664.250000
2886724.200000
2886842.850000
2886847.550000
2886856.200000
2887440.350000
2887679.250000
2888210.650000
2888423.950000
2890299.300000
2890308.700000
2890327.650000
2890332.500000
2890343.900000
2900631.800000
2905302.600000
2910284.600000
2911316.200000
2915794.450000
2918112.950000
2919801.400000
2923926.600000
2926056.350000
2926066.800000
2929646.300000
2929974.050000
2930546.900000
2930710.300000
2931810.600000
2931826.200000
2932082.150000
2933463.600000
2934636.350000
2937929.650000
2937935.250000
2937945.900000
2938441.050000
2940101.850000
2945666.000000
2950975.200000
2953247.900000
2954434.600000
2955738.550000
2956569.250000
2958584.950000
2961877.950000
2962405.300000
2963487.850000
2966424.400000
2972076.250000
2972544.150000
2973164.350000
2973689.750000
2975126.800000
2975783.650000
2975803.800000
2975808.400000
2984303.000000
2991542.650000
2991666.900000
2992967.100000
2993069.400000
2993251.250000
2995115.000000
2995125.800000
2995300.900000
2995514.850000
3001377.350000
3001894.650000
3004335.550000
3004366.600000
3005532.750000
3005534.450000
3006891.200000
3008418.250000
3008434.150000
3010092.850000
3010102.350000
3010105.150000
3010112.050000
3010138.350000
3010845.900000
3010871.850000
3015003.450000
3015015.400000
3015022.800000
3015029.450000
3016663.650000
3023125.300000
3026692.850000
3027771.500000
3027791.900000
3027797.550000
3032543.400000
3032552.250000
3032557.300000
3032570.500000
3032574.450000
3033948.200000
3038044.900000
3040552.300000
3042664.100000
3042678.950000
3042716.950000
3045325.050000
3053833.150000
3054698.250000
3058587.750000
3058594.950000
3058603.300000
3058618.750000
3060756.100000
3060786.850000
3064397.250000
3064630.650000
3064650.900000
3070549.000000
3070553.100000
3071191.100000
3071293.550000
3071298.900000
3071304.700000
3072124.200000
3074442.600000
3076032.350000
3076052.050000
3076145.650000
3076397.250000
3080453.600000
3080465.900000
3081338.050000
3082179.400000
3083260.950000
3083772.750000
3085167.500000
3085579.300000
3085677.800000
3087340.200000
3088298.150000
3089674.750000
3091469.600000
3092351.750000
3093365.400000
3097679.850000
3097688.800000
3097865.900000
3097879.450000
3097885.750000
3097893.100000
3099808.300000
3099886.050000
3102071.750000
3103866.700000
3104443.900000
3104449.300000
3114748.050000
3119168.000000
3121431.100000
3121536.250000
3125509.850000
3126090.400000
3132638.250000
3132678.450000
3133220.150000
3133228.500000
3134205.150000
3134211.400000
3134215.350000
3134955.500000
3141083.850000
3141088.650000
3141092.950000
3142374.950000
3143125.700000
3147949.550000
3149932.950000
3151713.200000
3156865.100000
3156868.350000
3158039.700000
3163458.050000
3163473.900000
3163513.950000
3164234.250000
3164240.450000
3164244.350000
3164248.350000
3166798.800000
3166814.600000
3175806.250000
3176086.750000
3178111.250000
3178822.200000
3184387.600000
3184522.800000
3186335.250000
3192149.150000
3193790.650000
3194022.300000
3194027.150000
3195370.450000
3204171.400000
3204241.500000
3204287.950000
3204299.400000
3208343.250000
3208378.650000
3208397.150000
3210753.950000
3213470.350000
3217873.250000
3223484.950000
3224503.950000
3226468.200000
3230028.600000
3231159.550000
3231164.550000
3231172.000000
3234002.650000
3234430.300000
3238505.400000
3242997.150000
3245392.450000
3253133.850000
3266225.550000
3268684.200000
3270979.600000
3270993.800000
3271412.150000
3271423.800000
3271468.550000
3272639.600000
3273421.550000
3273498.700000
3273507.150000
3273521.200000
3275859.900000
3278319.800000
3280132.450000
3280561.700000
3280572.500000
3280580.050000
3281518.100000
3282398.550000
3284868.350000
3284933.300000
3286389.050000
3290201.250000
3291070.200000
3292081.800000
3292121.050000
3292132.350000
3292147.550000
3293075.550000
3293278.200000
3294132.300000
3294375.400000
3294384.500000
3294583.650000
3294809.200000
3295023.950000
3295236.100000
3295306.100000
3295330.600000
3295443.150000
3295486.350000
3297422.650000
3298604.050000
3299340.750000
3299822.850000
3299946.200000
3303892.050000
3304219.350000
3308428.250000
3309680.200000
3312025.500000
3312029.800000
3313248.900000
3313274.300000
3313993.050000
3313998.000000
3314006.900000
3321627.900000
3321637.800000
3322616.850000
3323677.150000
3325024.050000
3325036.850000
3325044.850000
3325046.450000
3325051.000000
3327239.700000
3332722.650000
3332729.900000
3334792.400000
3336545.200000
3336875.050000
3340294.450000
3342302.100000
3342308.500000
3343975.950000
3345063.150000
3345955.800000
3345993.500000
3346396.000000
3346544.800000
3346553.550000
3346560.100000
3346826.200000
3346837.650000
3347223.800000
3347313.000000
3347320.150000
3349905.400000
3352372.750000
3358236.950000
3358481.400000
3359478.500000
3361240.350000
3363483.300000
3366694.100000
3367724.200000
3368066.300000
3368091.750000
3369290.800000
3370407.000000
3371626.950000
3373031.650000
3373908.450000
3383328.400000
3386578.900000
3386582.400000
3386587.800000
3386603.350000
3389915.350000
3392709.900000
3393677.450000
3396252.400000
3396360.800000
3404822.250000
3405258.350000
3407438.900000
3407443.600000
3412663.250000
3419644.300000
3424600.500000
3424606.300000
3428580.050000
3428590.600000
3431913.150000
3431918.250000
3431923.250000
3432434.550000
3433271.950000
3436510.050000
3439719.150000
3440221.800000
3442438.550000
3443527.050000
3447899.200000
3451005.350000
3455200.800000
3456553.050000
3458345.200000
3462104.850000
3463757.800000
3471507.700000
3471815.300000
3474366.050000
3474596.100000
3475800.600000
3475992.550000
3476024.100000
3476143.750000
3476414.600000
3476593.350000
3480630.400000
3481085.250000
3481099.950000
3481418.850000
3481429.600000
3481440.750000
3485192.600000
3488031.700000
3489492.450000
3490876.600000
3490893.200000
3491980.150000
3493088.800000
3493095.550000
3495325.800000
3495696.100000
3496487.050000
3497175.500000
3497179.150000
3502668.850000
3503462.050000
3508514.100000
3510159.050000
3510167.850000
3510210.900000
3510268.450000
3511567.500000
3512255.900000
3515003.350000
3516014.350000
3517099.850000
3517872.100000
3517976.750000
3521671.900000
3521676.700000
3521701.050000
3523075.100000
3525606.100000
3526356.150000
3529327.050000
3529337.550000
3533600.850000
3534500.500000
3539826.600000
3541306.450000
3543467.600000
3545202.800000
3549169.900000
3549177.500000
3551481.100000
3551544.150000
3569732.000000
3569998.150000
3570084.250000
3570967.950000
3571420.250000
3571426.650000
3571429.750000
3571432.350000
3571436.400000
3571648.900000
3572014.250000
3574025.650000
3574029.750000
3574032.700000
3574036.950000
3574040.300000
3574045.300000
3574103.450000
3574630.800000
3574642.850000
3576134.350000
3576704.200000
3579243.850000
3580710.200000
3583024.800000
3584475.500000
3584491.400000
3591624.700000
3591689.200000
3591770.000000
3593364.150000
3594650.450000
3595179.500000
3596955.300000
3597008.650000
3598636.700000
3598766.300000
3599325.650000
3599635.400000
