186.700000
196.400000
533.400000
753.800000
1442.350000
1560.350000
1912.750000
2720.300000
2839.100000
3275.600000
4122.950000
4153.200000
4393.350000
4423.250000
4463.550000
4863.550000
6481.500000
6528.300000
6753.300000
6763.100000
6780.550000
6833.850000
8422.000000
28766.250000
34485.050000
34492.750000
36941.950000
43031.900000
43605.150000
44588.550000
46228.300000
46238.700000
62544.850000
62557.550000
62562.300000
62585.500000
63161.200000
66944.000000
68197.050000
70130.000000
75408.550000
77911.650000
80231.200000
81464.550000
89743.150000
89777.250000
89970.850000
89983.100000
91093.800000
92732.750000
94538.350000
94655.700000
95030.200000
97821.400000
97827.200000
102929.600000
102955.250000
111277.000000
111374.150000
127702.350000
129129.050000
129210.600000
129841.650000
132806.200000
133137.300000
133777.550000
137584.800000
137692.250000
141069.950000
141121.400000
141215.950000
141406.150000
142240.300000
142841.100000
145354.850000
145442.300000
149057.100000
157032.500000
157040.550000
157207.800000
157240.200000
158312.650000
158805.550000
159939.950000
160308.200000
160334.100000
160359.050000
160384.450000
160661.850000
162333.750000
162850.500000
162897.450000
167837.150000
167864.950000
169100.200000
169606.050000
169976.550000
170120.800000
170387.700000
170956.100000
171703.450000
172473.050000
172521.700000
172556.900000
172679.350000
172761.250000
172840.800000
172850.400000
172855.650000
172995.650000
175153.700000
175170.300000
175657.100000
176388.300000
177474.900000
177678.700000
179600.600000
180289.700000
180983.900000
181009.150000
181140.400000
182087.300000
183247.400000
183256.950000
183323.750000
183341.850000
189961.100000
192210.050000
198869.700000
200887.250000
201206.650000
207558.100000
212210.750000
212297.950000
212344.450000
212520.050000
213337.500000
213774.150000
213856.000000
224018.800000
224335.050000
227209.850000
228089.700000
234482.600000
239683.500000
247476.850000
248587.350000
251274.100000
267697.500000
293746.200000
297470.450000
297491.400000
297721.650000
297727.950000
297752.950000
297771.450000
298763.000000
299031.550000
299046.500000
299109.600000
299160.800000
299333.750000
299336.550000
299595.350000
299673.650000
299687.650000
299717.450000
299731.200000
299774.400000
300145.700000
300147.100000
300297.550000
300317.300000
300358.750000
300437.950000
300644.150000
300659.650000
300751.400000
300778.000000
305912.750000
305990.750000
306192.900000
306216.150000
308279.400000
310761.250000
310971.750000
311333.650000
311953.300000
312014.500000
312041.650000
312217.450000
312229.550000
312911.600000
313008.200000
313033.550000
313959.650000
314270.100000
316203.450000
316266.550000
316308.800000
317883.550000
317910.100000
317919.400000
318152.900000
318374.700000
318826.450000
318857.250000
318872.250000
320047.900000
320174.800000
320310.950000
320317.550000
321079.000000
321181.700000
323288.250000
334152.600000
345097.100000
345448.900000
355553.750000
355619.650000
355637.350000
355700.800000
355735.700000
355750.100000
355761.650000
355767.450000
355847.900000
356142.600000
356533.000000
356536.450000
357288.600000
357293.050000
357699.400000
359431.900000
359531.600000
360120.650000
360594.150000
360937.650000
361530.150000
361537.350000
361833.850000
361838.550000
361906.150000
361978.000000
362173.850000
362279.800000
362564.950000
363218.400000
363332.200000
363533.800000
363536.900000
363543.900000
363874.500000
363949.450000
364870.600000
364921.250000
365402.600000
365524.200000
365730.350000
366325.750000
366371.350000
366450.450000
367457.450000
367529.350000
367888.200000
368049.850000
368054.550000
368179.200000
368203.000000
368822.000000
371001.700000
371039.300000
371610.850000
372017.150000
372029.900000
372125.900000
376278.450000
379892.400000
392392.900000
396978.150000
396991.300000
398298.800000
406231.850000
406239.350000
406874.250000
411669.050000
417964.550000
422474.450000
425697.400000
430103.900000
431515.300000
434261.200000
434293.650000
444140.600000
448589.300000
457116.000000
458013.550000
466980.100000
466986.350000
472884.000000
478162.850000
478838.050000
479040.000000
479322.000000
479441.750000
479694.050000
480067.700000
481398.700000
481413.950000
481419.200000
481528.600000
482034.900000
482039.950000
482068.450000
482073.500000
483598.050000
483662.000000
483967.300000
483979.550000
484176.400000
484421.400000
484891.250000
485192.350000
485675.100000
485864.000000
486453.050000
487616.500000
488961.750000
488988.000000
489127.700000
489134.600000
490536.900000
491456.900000
492043.400000
492069.750000
492262.200000
492422.600000
492607.850000
492720.500000
493227.100000
493566.250000
493582.250000
493641.450000
493662.450000
493721.000000
495286.200000
495992.300000
496058.000000
496654.650000
496675.400000
496680.350000
496926.050000
496955.700000
497106.950000
497715.200000
497965.100000
498948.700000
499690.550000
501578.650000
502654.150000
503204.450000
503221.300000
503910.650000
506778.800000
508197.500000
510075.650000
510219.300000
510225.400000
510433.800000
514894.950000
515379.700000
515395.050000
515502.250000
516015.550000
516409.500000
516447.400000
516556.000000
517888.550000
525626.650000
527459.350000
533840.200000
545329.700000
545420.900000
545710.200000
549958.350000
557537.650000
559280.650000
561068.650000
561598.500000
564542.450000
565939.050000
567820.450000
572564.300000
573819.050000
573840.100000
574388.300000
574405.750000
576242.200000
577808.250000
578362.050000
578369.100000
579513.650000
581097.250000
584335.800000
584939.300000
586730.800000
586895.900000
586969.850000
587009.600000
588013.650000
588382.350000
588456.550000
591014.500000
591618.900000
591948.150000
592709.750000
593044.900000
594318.900000
594329.700000
594885.200000
595774.900000
595779.200000
595796.750000
596199.450000
596202.450000
596886.850000
597716.700000
597912.450000
598364.650000
598373.800000
598493.300000
598514.300000
598686.200000
599098.800000
599195.250000
599224.400000
599465.050000
599485.850000
599553.550000
599559.050000
599657.300000
601516.450000
606919.650000
608815.750000
612109.700000
613334.300000
613420.950000
613740.300000
614554.900000
615129.850000
615411.000000
615415.200000
615704.900000
616009.850000
616171.450000
617120.000000
617530.050000
617707.950000
617923.250000
618778.200000
620033.400000
622481.100000
630977.350000
630981.000000
631006.750000
631242.900000
632546.800000
634130.950000
640219.700000
640300.800000
648574.800000
648584.200000
648804.850000
648874.850000
648902.250000
648927.200000
649438.250000
649478.600000
649647.000000
649650.900000
650630.750000
651149.400000
653149.900000
654652.200000
655444.700000
656188.500000
657799.600000
661254.100000
661270.900000
664841.750000
668119.050000
669237.500000
670866.800000
674039.300000
680754.950000
685776.350000
685780.300000
685783.800000
685802.300000
685808.700000
685815.300000
700480.800000
710273.750000
712541.400000
719031.000000
731238.750000
738880.850000
738888.500000
742380.200000
743669.300000
746239.050000
762462.500000
765510.150000
772353.450000
775222.500000
775293.100000
775382.000000
775838.150000
776713.650000
776809.100000
776811.300000
777998.100000
780132.350000
781393.900000
783008.550000
784283.100000
785468.750000
785521.400000
785602.350000
785608.850000
785746.650000
785874.300000
785885.400000
785889.100000
786275.650000
786393.350000
786933.450000
786984.500000
787396.850000
787400.850000
787443.650000
787600.550000
787607.050000
787755.100000
787844.350000
787912.000000
787916.800000
787942.200000
788269.050000
788414.500000
788849.650000
790547.850000
790574.450000
791714.250000
792478.950000
793763.300000
793902.500000
794493.650000
794538.200000
794550.150000
795803.250000
795895.350000
795898.400000
795977.950000
795981.300000
796099.750000
796110.850000
796215.700000
796992.400000
797849.600000
799459.700000
799544.550000
799547.650000
799559.500000
799571.150000
799670.300000
799689.700000
799936.650000
799942.300000
800839.400000
801124.900000
802649.850000
803402.150000
804113.600000
804121.650000
804227.850000
804580.250000
805331.200000
805932.150000
805934.800000
806141.550000
806720.750000
810484.200000
810493.250000
811615.650000
811769.600000
816731.100000
817808.550000
818277.850000
819233.800000
819269.550000
821708.450000
832451.700000
847097.350000
847199.050000
848544.950000
853242.600000
855163.650000
858715.750000
859132.400000
862455.650000
900375.200000
900747.750000
901111.100000
901199.000000
902624.950000
905808.900000
912789.300000
922221.200000
923946.850000
924504.450000
926999.900000
929650.450000
929806.850000
933615.950000
940276.950000
941538.850000
947752.550000
949069.550000
950694.600000
953826.850000
962968.550000
962991.050000
964083.700000
965453.200000
967163.700000
967613.350000
968511.950000
971676.750000
972275.100000
980900.500000
999963.000000
1014874.150000
1037499.750000
1045982.550000
1046002.750000
1046617.300000
1046627.050000
1046741.000000
1046745.300000
1046931.400000
1047003.500000
1047665.050000
1047684.150000
1049440.200000
1049889.850000
1049953.000000
1050013.350000
1050308.050000
1051862.200000
1051880.450000
1051895.800000
1052278.650000
1052290.000000
1052307.950000
1052325.250000
1052411.700000
1052441.350000
1053641.850000
1053890.000000
1053935.900000
1060220.850000
1065086.600000
1067152.200000
1069326.600000
1069427.900000
1070282.800000
1073129.800000
1073135.750000
1073244.250000
1073248.650000
1073268.850000
1073299.550000
1073838.450000
1073903.550000
1074370.700000
1076759.900000
1076763.250000
1076782.250000
1076796.150000
1080713.150000
1080716.750000
1081609.000000
1091224.300000
1091472.400000
1091698.900000
1102200.450000
1104094.150000
1105799.150000
1110471.550000
1117037.350000
1117139.150000
1122717.250000
1129798.150000
1136358.100000
1136924.350000
1137070.900000
1137499.150000
1137508.750000
1139521.150000
1139735.950000
1139738.200000
1139744.050000
1139758.600000
1140725.950000
1140786.100000
1142571.250000
1143901.200000
1144410.200000
1145005.550000
1146888.700000
1147709.850000
1147722.900000
1147973.450000
1147984.400000
1150600.000000
1152093.800000
1155558.650000
1156760.250000
1156797.650000
1157516.000000
1157530.700000
1157536.450000
1157548.950000
1158819.300000
1159076.400000
1159130.350000
1160512.600000
1161747.600000
1162907.250000
1163156.250000
1164418.800000
1165420.900000
1166595.900000
1166614.900000
1167602.050000
1171636.100000
1171657.200000
1172947.200000
1172965.250000
1173842.300000
1174660.850000
1175304.550000
1175471.650000
1176507.800000
1176523.200000
1177254.750000
1177291.350000
1177711.400000
1178268.300000
1178272.250000
1178290.350000
1179080.150000
1179088.750000
1179406.650000
1179415.250000
1180139.450000
1180142.350000
1180153.650000
1180846.900000
1180954.700000
1181549.850000
1182391.000000
1182601.750000
1183435.300000
1183441.900000
1186622.250000
1186701.050000
1186881.950000
1186888.700000
1191807.950000
1192425.600000
1193933.850000
1193955.850000
1195882.750000
1196104.050000
1196635.250000
1215399.500000
1229744.000000
1249280.150000
1249283.800000
1252811.050000
1252877.650000
1252892.450000
1253746.900000
1254168.850000
1254172.600000
1257352.950000
1257838.400000
1259283.100000
1259640.650000
1262969.850000
1262992.000000
1264160.250000
1264168.500000
1265887.250000
1265919.500000
1268704.950000
1269372.250000
1269402.400000
1270714.850000
1270722.600000
1270729.500000
1270889.950000
1271085.450000
1273515.150000
1275993.450000
1283670.750000
1294747.500000
1295003.350000
1295635.700000
1297573.900000
1299640.600000
1300008.300000
1300356.000000
1300927.350000
1300928.800000
1303336.650000
1308393.050000
1308411.300000
1312710.150000
1320131.050000
1321988.800000
1325276.250000
1330346.450000
1333345.950000
1337221.450000
1339661.300000
1350416.050000
1350421.750000
1350424.950000
1350428.500000
1350517.900000
1350937.250000
1351296.100000
1358366.950000
1360169.400000
1360654.700000
1360817.300000
1360925.800000
1360968.050000
1363620.750000
1363626.800000
1363676.500000
1363679.200000
1363683.850000
1363687.400000
1369054.450000
1369070.450000
1370895.550000
1370944.350000
1371220.200000
1371834.000000
1371895.800000
1372680.500000
1372860.000000
1374334.350000
1374897.800000
1376013.950000
1377282.000000
1377401.250000
1379309.550000
1379335.000000
1380933.650000
1381018.350000
1381023.050000
1383324.950000
1383433.450000
1383437.100000
1383486.100000
1383530.850000
1385048.600000
1385057.650000
1385062.050000
1385078.000000
1385089.800000
1386000.100000
1386547.000000
1387847.850000
1389038.450000
1389585.700000
1390344.950000
1390395.550000
1390738.750000
1391648.500000
1395818.900000
1401052.750000
1401305.200000
1401347.550000
1401788.650000
1402381.100000
1402434.300000
1402613.850000
1403704.250000
1406630.350000
1406634.200000
1408246.850000
1408251.550000
1412962.550000
1412996.000000
1413257.500000
1413262.150000
1413486.100000
1413500.100000
1413767.200000
1414962.450000
1415473.250000
1416110.200000
1416623.650000
1416633.950000
1417789.100000
1417793.350000
1421601.700000
1421605.750000
1421610.450000
1422070.150000
1423148.800000
1423694.950000
1429484.050000
1436121.400000
1437647.350000
1440441.400000
1441365.850000
1443368.400000
1444480.400000
1446109.950000
1446228.600000
1448193.750000
1451578.700000
1452208.750000
1454904.050000
1463881.850000
1479808.300000
1484527.250000
1484533.800000
1484539.800000
1484567.850000
1484642.950000
1484817.200000
1484823.450000
1485652.950000
1488822.300000
1490810.500000
1493883.200000
1495627.400000
1496992.350000
1497681.650000
1500308.650000
1500350.050000
1501302.900000
1503418.150000
1505013.250000
1505018.300000
1506347.200000
1507715.400000
1507721.450000
1508379.150000
1510982.900000
1510996.300000
1511016.450000
1511047.000000
1511052.100000
1511063.650000
1511077.900000
1511085.400000
1511147.500000
1511158.550000
1511167.600000
1511205.650000
1511242.650000
1511267.800000
1511297.750000
1511323.900000
1511338.300000
1511345.400000
1511407.400000
1511414.300000
1511440.800000
1511599.100000
1511604.750000
1511616.450000
1511624.800000
1511719.850000
1511728.900000
1511733.750000
1511770.100000
1511780.100000
1511849.850000
1511858.150000
1512545.250000
1516156.050000
1516198.500000
1516210.250000
1516247.450000
1516259.050000
1516274.250000
1516288.800000
1516295.000000
1516314.250000
1516341.550000
1516347.800000
1516355.950000
1516367.800000
1516376.400000
1516388.000000
1516432.300000
1516440.950000
1516463.400000
1516475.800000
1516489.700000
1516511.950000
1516535.750000
1516583.000000
1516775.550000
1519365.550000
1519844.750000
1521997.300000
1523353.600000
1524131.700000
1524149.450000
1524176.800000
1524180.150000
1524201.600000
1528544.700000
1528848.950000
1533572.200000
1533612.350000
1536088.750000
1536094.650000
1538317.050000
1546549.550000
1549003.100000
1559256.450000
1559273.100000
1559276.700000
1560210.850000
1560506.750000
1560519.950000
1560539.050000
1561209.450000
1561223.000000
1562847.150000
1562867.900000
1566958.600000
1566970.550000
1566974.150000
1566977.300000
1566984.450000
1567004.750000
1567007.500000
1567867.000000
1567875.000000
1568413.350000
1568571.750000
1570952.100000
1576295.750000
1597374.750000
1597427.550000
1598776.400000
1600064.800000
1600071.700000
1600629.900000
1600634.600000
1602516.100000
1602558.400000
1602583.850000
1602605.150000
1613694.200000
1619132.300000
1619864.700000
1621217.250000
1622222.450000
1622240.650000
1622725.000000
1622742.300000
1622850.200000
1624832.950000
1625435.450000
1625443.250000
1625461.800000
1625465.700000
1625823.150000
1627687.100000
1628026.900000
1628982.650000
1636013.000000
1636021.000000
1637712.050000
1637717.700000
1637724.450000
1638979.350000
1640074.300000
1640080.750000
1640094.400000
1640126.300000
1641338.600000
1642579.900000
1645847.600000
1647443.750000
1650088.300000
1650710.450000
1655345.200000
1655349.650000
1658486.750000
1658496.250000
1658497.450000
1660861.000000
1662011.500000
1662466.800000
1664553.700000
1668005.800000
1668903.400000
1668919.750000
1669638.100000
1669676.100000
1669680.000000
1669685.150000
1669690.200000
1669698.950000
1669707.900000
1669712.350000
1670144.100000
1670344.750000
1670897.300000
1670989.300000
1674441.250000
1675098.800000
1675262.350000
1675421.100000
1680934.350000
1684388.550000
1686966.200000
1687575.950000
1687588.450000
1687941.350000
1688571.000000
1688737.900000
1689806.500000
1690919.100000
1690948.800000
1690987.200000
1691021.300000
1691175.400000
1692031.500000
1692376.300000
1692473.950000
1693323.400000
1693692.650000
1702140.850000
1702675.600000
1702692.100000
1702712.400000
1703489.950000
1703600.600000
1703753.250000
1703865.800000
1704510.250000
1704526.850000
1704537.650000
1704671.400000
1707137.050000
1707142.250000
1707652.150000
1707697.050000
1707942.000000
1711799.650000
1711832.750000
1712464.800000
1713437.450000
1714325.350000
1717388.100000
1719035.250000
1722067.100000
1722725.050000
1730761.700000
1739035.200000
1739831.300000
1741180.800000
1745049.600000
1750746.500000
1751848.550000
1762646.950000
1764654.100000
1766562.700000
1766961.700000
1767825.750000
1769174.600000
1769184.100000
1769398.350000
1769424.650000
1770383.200000
1773322.750000
1774020.550000
1774028.600000
1774034.100000
1774039.350000
1776369.750000
1777939.800000
1778079.250000
1778303.150000
1778826.500000
1778827.350000
1779136.150000
1780197.350000
1780504.050000
1782218.500000
1783715.150000
1783887.050000
1783889.850000
1783899.900000
1784180.100000
1789965.850000
1793609.650000
1793805.200000
1798208.700000
1799222.100000
1800018.950000
1800680.800000
1803075.900000
1804145.950000
1808187.750000
1812062.600000
1812401.000000
1823312.450000
1827643.800000
1830407.500000
1831711.100000
1832909.800000
1836279.850000
1837519.750000
1839795.150000
1841231.950000
1841261.050000
1841570.850000
1841609.700000
1841617.750000
1843031.400000
1848476.200000
1852746.750000
1855742.950000
1855747.200000
1855767.500000
1855773.100000
1855779.700000
1856855.650000
1856861.950000
1856875.900000
1856883.900000
1856889.400000
1868977.850000
1868993.800000
1870066.600000
1870459.850000
1871052.300000
1871388.650000
1872493.150000
1873711.200000
1873763.250000
1873819.100000
1873843.650000
1885424.400000
1890318.650000
1891709.700000
1894007.900000
1894393.500000
1916681.450000
1926365.750000
1926379.950000
1930943.700000
1933728.750000
1940396.200000
1940469.850000
1940509.350000
1940512.300000
1940515.400000
1943895.500000
1944236.550000
1944521.600000
1944744.300000
1946526.600000
1948396.000000
1948945.700000
1952649.150000
1957163.250000
1957299.200000
1958653.050000
1958743.500000
1960198.550000
1960606.550000
1973727.600000
1981073.350000
1987503.850000
1987578.200000
1992373.000000
1992756.000000
1993483.750000
1994773.250000
1994791.950000
2001545.750000
2001583.050000
2002629.500000
2004589.750000
2006994.600000
2007000.950000
2007127.850000
2007134.200000
2007206.700000
2007786.900000
2007799.200000
2007811.500000
2008170.350000
2008752.150000
2010930.700000
2011127.800000
2011255.100000
2012716.450000
2013085.350000
2014753.000000
2014756.100000
2017233.850000
2020144.500000
2023750.050000
2034249.900000
2035850.600000
2035857.500000
2035861.300000
2035864.550000
2037348.950000
2037391.000000
2038112.950000
2038435.500000
2038761.000000
2040726.100000
2040876.850000
2041366.850000
2043740.950000
2043800.550000
2046878.450000
2047020.200000
2048765.800000
2048769.900000
2049061.800000
2052278.300000
2053308.550000
2054629.650000
2054638.000000
2054812.050000
2055752.950000
2065658.550000
2076848.000000
2077371.550000
2085373.850000
2100815.200000
2105009.050000
2105049.900000
2108150.450000
2108468.600000
2109573.950000
2112672.450000
2113207.750000
2142466.550000
2142800.900000
2151022.350000
2152021.400000
2154635.400000
2154755.650000
2154767.700000
2162132.000000
2162162.300000
2162184.300000
2164824.150000
2164845.300000
2164853.550000
2166425.350000
2166430.100000
2167349.350000
2169855.800000
2171678.000000
2173218.300000
2173358.600000
2174087.250000
2185952.100000
2185962.750000
2186241.650000
2186253.100000
2186258.950000
2186442.400000
2187731.050000
2189835.700000
2190212.600000
2191125.900000
2192360.650000
2192906.000000
2192939.450000
2194255.450000
2198807.050000
2198833.850000
2198847.850000
2200799.700000
2204258.000000
2204692.100000
2205254.550000
2205418.000000
2205434.100000
2205437.600000
2205445.200000
2205637.200000
2205642.200000
2205653.900000
2205699.450000
2206028.350000
2206035.600000
2206039.050000
2206044.050000
2206159.350000
2206163.350000
2206683.650000
2206702.000000
2206995.800000
2207297.000000
2207321.150000
2207326.500000
2207523.750000
2207758.800000
2207943.250000
2209000.000000
2209015.000000
2209359.100000
2211846.350000
2211870.350000
2212230.150000
2212234.850000
2212239.000000
2212244.300000
2212604.700000
2212636.100000
2212640.450000
2213648.400000
2214033.450000
2214844.050000
2214986.850000
2218578.850000
2219244.150000
2219264.650000
2219657.450000
2222590.750000
2223223.250000
2223706.800000
2231576.000000
2231590.400000
2232109.250000
2232112.900000
2232119.150000
2233477.550000
2234860.350000
2235317.650000
2236837.300000
2239464.550000
2240034.000000
2247773.200000
2248001.550000
2248476.250000
2248491.350000
2249191.900000
2250594.450000
2251958.800000
2254097.300000
2254153.800000
2255677.750000
2255682.050000
2255685.650000
2257598.000000
2257637.400000
2258107.450000
2258296.650000
2258725.000000
2258739.250000
2258753.400000
2260617.750000
2263389.400000
2263394.600000
2263455.350000
2264997.800000
2265010.150000
2265022.850000
2271621.100000
2274164.100000
2274998.500000
2275664.550000
2277576.750000
2278395.700000
2278635.100000
2278640.000000
2279411.700000
2281042.800000
2283831.100000
2284680.600000
2284684.400000
2284717.600000
2286259.250000
2286446.550000
2286614.100000
2286656.600000
2288740.300000
2290211.550000
2291119.200000
2291679.200000
2292165.050000
2292262.300000
2292400.100000
2294797.500000
2294809.500000
2296003.700000
2296012.350000
2298845.000000
2301140.150000
2301144.400000
2308053.500000
2315022.800000
2315340.700000
2315346.400000
2315379.000000
2316538.550000
2318005.900000
2318014.100000
2318560.550000
2318564.850000
2322117.600000
2322548.550000
2323005.200000
2323013.850000
2324390.200000
2326949.250000
2327756.850000
2328342.950000
2328469.500000
2328745.150000
2330598.500000
2331046.650000
2340078.200000
2343906.000000
2345963.350000
2346177.900000
2347600.700000
2352387.250000
2352892.550000
2353363.800000
2354631.350000
2354774.350000
2354874.400000
2355230.650000
2357683.550000
2358099.000000
2370610.750000
2372324.500000
2375588.450000
2378102.800000
2378141.650000
2378680.000000
2378682.300000
2378685.250000
2381456.450000
2381460.700000
2381499.450000
2381505.850000
2381515.250000
2381521.650000
2381750.900000
2381847.850000
2381866.700000
2381874.800000
2382126.000000
2382131.900000
2382138.100000
2382151.250000
2382265.150000
2382271.200000
2382277.050000
2382301.600000
2382312.950000
2382338.300000
2382342.350000
2382350.700000
2382369.850000
2382380.250000
2382406.250000
2382423.800000
2382431.150000
2382462.200000
2382470.950000
2382484.000000
2382492.100000
2382504.950000
2382533.550000
2382838.750000
2383126.700000
2383477.100000
2386759.850000
2386826.400000
2387067.750000
2387232.150000
2389038.750000
2390506.600000
2390551.700000
2393233.400000
2397563.600000
2420484.350000
2420511.350000
2420517.450000
2424185.650000
2424339.200000
2424514.750000
2425052.450000
2436587.000000
2438137.100000
2438758.650000
2438784.650000
2440919.150000
2441481.750000
2442327.450000
2443014.750000
2443018.800000
2443028.700000
2443057.900000
2453032.200000
2453036.250000
2453909.700000
2454554.850000
2456694.950000
2458658.350000
2461548.000000
2461556.750000
2461622.850000
2464031.450000
2467072.000000
2470938.450000
2471281.000000
2471382.550000
2471394.650000
2471416.200000
2471423.350000
2472807.750000
2475006.500000
2475037.450000
2480974.300000
2481915.950000
2483549.100000
2485207.300000
2485211.100000
2485226.850000
2486314.400000
2488197.500000
2494889.300000
2497302.800000
2498432.400000
2502260.700000
2502963.400000
2503335.450000
2503357.050000
2503429.150000
2510078.750000
2511047.450000
2512487.050000
2512496.050000
2513891.300000
2514215.450000
2516182.900000
2517460.450000
2517670.350000
2517673.700000
2523142.900000
2527897.450000
2528153.250000
2528532.250000
2528547.250000
2528711.550000
2537743.850000
2541430.150000
2546249.100000
2546432.250000
2551363.900000
2553960.500000
2554028.400000
2554059.700000
2556112.550000
2556118.350000
2560983.000000
2560990.350000
2560995.000000
2561716.250000
2562133.700000
2563622.900000
2577116.550000
2590030.850000
2591487.550000
2593075.550000
2593233.950000
2597037.600000
2619645.900000
2622253.500000
2626303.650000
2628489.800000
2628580.500000
2628618.950000
2628951.600000
2630201.550000
2630860.800000
2631350.500000
2633882.650000
2633922.800000
2635525.300000
2635678.950000
2637295.750000
2637308.350000
2638474.350000
2644649.400000
2644677.800000
2644906.950000
2645098.250000
2650563.050000
2652029.850000
2655023.150000
2656664.850000
2656718.100000
2664945.350000
2668973.850000
2670405.200000
2671060.250000
2672712.800000
2672716.450000
2674447.700000
2681132.900000
2681274.700000
2684790.200000
2685336.400000
2687039.100000
2688532.100000
2688997.150000
2689991.250000
2690821.100000
2692549.050000
2694826.250000
2708772.450000
2709964.000000
2710311.400000
2713665.300000
2713841.100000
2714108.750000
2718716.350000
2718722.950000
2720662.500000
2721117.100000
2722890.550000
2723920.400000
2724588.700000
2725045.450000
2725805.400000
2727375.950000
2727807.750000
2727827.700000
2727861.200000
2728742.650000
2728979.950000
2729283.800000
2731543.550000
2731563.050000
2731623.650000
2731630.800000
2731755.950000
2732356.100000
2732728.350000
2732953.600000
2734379.850000
2736367.400000
2737450.000000
2737774.350000
2748922.150000
2749268.900000
2753536.900000
2753671.800000
2753680.100000
2754124.050000
2757228.250000
2758537.150000
2759219.250000
2760944.100000
2761219.300000
2761728.450000
2761733.050000
2762196.500000
2762911.850000
2762925.300000
2763752.400000
2764448.900000
2764462.100000
2765827.800000
2765837.650000
2767671.350000
2768251.800000
2771919.350000
2771959.800000
2775002.700000
2775488.900000
2779622.800000
2779975.200000
2788420.850000
2793195.950000
2798035.950000
2801465.900000
2801886.800000
2801920.550000
2805737.350000
2805800.250000
2806018.700000
2816457.750000
2816651.300000
2824039.200000
2824161.300000
2824279.750000
2829009.950000
2829064.600000
2830256.800000
2830259.850000
2830264.300000
2830268.700000
2830305.850000
2830313.900000
2830463.400000
2832392.550000
2833449.950000
2833508.250000
2833513.850000
2833525.400000
2835263.050000
2835272.200000
2835872.850000
2835993.300000
2836023.400000
2836089.950000
2836124.300000
2839374.250000
2840761.250000
2840831.450000
2842935.400000
2846659.800000
2846992.650000
2847160.250000
2847166.300000
2847222.550000
2847337.600000
2847373.000000
2849385.100000
2850103.250000
2850973.350000
2851774.750000
2852094.300000
2854820.700000
2856292.250000
2857107.000000
2857714.650000
2858914.750000
2860939.500000
2861229.050000
2861316.900000
2861588.350000
2863124.800000
2863135.900000
2863177.350000
2866691.600000
2869104.650000
2869638.850000
2872551.550000
2872560.900000
2877067.500000
2878801.550000
2879565.900000
2885443.100000
2885743.050000
2885843.600000
2886367.750000
2886387.200000
2887300.850000
2888097.450000
2888428.950000
2892051.700000
2892058.200000
2894837.400000
2894848.750000
2894851.800000
2894856.200000
2895201.300000
2895851.300000
2895878.850000
2902857.450000
2904075.250000
2904083.550000
2904161.750000
2904172.400000
2904188.850000
2904193.650000
2904212.450000
2908941.300000
2911178.250000
2912429.200000
2912796.750000
2912811.050000
2912817.050000
2913726.050000
2914326.950000
2914812.350000
2916194.350000
2918843.800000
2925212.400000
2925235.800000
2925239.050000
2925257.200000
2925269.450000
2928850.050000
2939643.850000
2942795.700000
2946014.750000
2948428.250000
2948750.300000
2948762.900000
2950695.150000
2951836.000000
2951927.300000
2952532.800000
2953413.600000
2955038.950000
2955526.000000
2958578.950000
2958826.850000
2959683.600000
2964802.550000
2964812.750000
2964820.150000
2964822.750000
2964826.000000
2964830.450000
2966306.950000
2966417.750000
2966423.200000
2967857.300000
2969053.000000
2972255.950000
2972261.500000
2973165.500000
2976907.950000
2976914.350000
2981451.650000
2981457.050000
2981474.800000
2981637.500000
2982158.250000
2982170.900000
2982175.250000
2982185.650000
2982197.200000
2982807.950000
2989548.500000
3011845.600000
3017826.800000
3034209.650000
3035160.000000
3035268.700000
3035319.700000
3036861.800000
3038115.300000
3038118.350000
3040127.400000
3040717.950000
3040735.450000
3040858.600000
3042066.900000
3042757.350000
3045968.150000
3049297.550000
3063394.150000
3063407.250000
3066236.150000
3066252.500000
3066257.750000
3069450.750000
3075246.700000
3075390.300000
3076062.050000
3077045.750000
3077052.550000
3079584.500000
3091255.050000
3095276.800000
3095381.900000
3095644.300000
3096909.200000
3104422.550000
3114147.450000
3124643.700000
3125813.350000
3126454.650000
3127285.550000
3127293.550000
3127468.550000
3128911.500000
3128931.750000
3128949.550000
3132061.500000
3132991.850000
3134200.250000
3136167.050000
3142736.250000
3143589.250000
3147158.850000
3148869.200000
3149317.100000
3150483.850000
3151190.700000
3151213.650000
3151384.850000
3151938.750000
3151983.250000
3152357.250000
3152370.300000
3152838.000000
3152864.300000
3152883.100000
3153986.000000
3153989.550000
3154303.050000
3154309.500000
3156415.800000
3157070.000000
3157254.100000
3159545.800000
3162279.900000
3162509.750000
3162521.900000
3169787.600000
3172906.650000
3176347.000000
3181656.750000
3184703.850000
3185642.700000
3185846.550000
3186853.550000
3189257.850000
3190461.800000
3191314.850000
3194268.500000
3197758.650000
3201858.000000
3201867.050000
3204297.050000
3207711.000000
3207738.850000
3210303.550000
3212171.500000
3214051.100000
3214362.450000
3214779.850000
3216102.900000
3224564.450000
3230189.000000
3233863.400000
3234567.150000
3234684.000000
3234689.600000
3234696.950000
3234700.650000
3235130.350000
3235211.400000
3235217.300000
3235222.000000
3237659.600000
3237662.750000
3237669.200000
3237674.600000
3237686.150000
3244190.300000
3244194.050000
3244200.400000
3246634.550000
3246996.100000
3247076.950000
3247299.400000
3250064.850000
3254600.650000
3256569.950000
3257049.950000
3260632.150000
3261258.750000
3261936.000000
3262017.400000
3263076.000000
3265050.600000
3278285.900000
3287771.150000
3292495.300000
3297099.300000
3297315.700000
3298603.000000
3305810.200000
3307427.900000
3333185.800000
3335134.050000
3335160.000000
3335171.450000
3335179.400000
3336863.250000
3338823.100000
3338826.300000
3342543.100000
3342687.300000
3346119.350000
3346144.800000
3346170.000000
3348682.300000
3349049.150000
3349106.850000
3358554.950000
3358573.450000
3358941.450000
3360868.400000
3362285.300000
3362707.500000
3363928.400000
3364219.500000
3364840.300000
3366835.500000
3366849.500000
3366881.250000
3372416.850000
3372434.900000
3372438.000000
3372456.250000
3373878.250000
3373891.200000
3374059.550000
3374067.200000
3388507.100000
3391481.750000
3391804.850000
3391875.800000
3392146.950000
3392257.900000
3392348.650000
3392359.250000
3393975.600000
3395709.050000
3397039.950000
3397063.600000
3397067.850000
3397072.950000
3397089.400000
3397092.950000
3397099.950000
3397146.200000
3397455.650000
3399967.900000
3403699.000000
3403711.400000
3403881.550000
3404297.500000
3404369.400000
3406365.300000
3407011.800000
3414150.550000
3425128.300000
3427671.000000
3427674.950000
3434797.200000
3435050.200000
3437527.450000
3438499.300000
3441365.100000
3441854.750000
3442261.100000
3443529.500000
3447945.350000
3447971.650000
3450793.950000
3452459.450000
3453215.300000
3455151.700000
3455484.350000
3455515.950000
3455974.800000
3458128.850000
3460259.900000
3463246.650000
3473778.400000
3490898.200000
3491821.100000
3491833.950000
3491960.900000
3491964.500000
3492370.050000
3493196.100000
3494389.100000
3494905.350000
3494914.250000
3494929.250000
3495485.000000
3498442.050000
3501101.650000
3501515.000000
3503771.900000
3503775.850000
3503929.650000
3504572.850000
3505058.700000
3505087.550000
3505143.050000
3506172.100000
3506189.700000
3512799.650000
3515300.700000
3524988.550000
3526020.500000
3526562.000000
3526572.800000
3526813.000000
3527270.450000
3527342.300000
3527414.100000
3527417.700000
3529104.300000
3529212.150000
3536541.200000
3541841.050000
3542691.300000
3542867.200000
3546785.600000
3546790.400000
3546846.850000
3546968.100000
3547111.650000
3547394.000000
3549573.550000
3549579.500000
3551922.650000
3552273.550000
3552277.450000
3553043.650000
3554400.850000
3556121.700000
3556539.650000
3563637.700000
3563818.300000
3564720.250000
3571701.050000
3571778.900000
3571784.300000
3571850.600000
3572946.450000
3573655.200000
3573668.450000
3573674.400000
3576425.550000
3576744.900000
3577956.000000
3582520.000000
3582547.250000
3584515.550000
3585958.950000
3586638.450000
3587658.200000
3587670.450000
3594127.900000
3594908.250000
3594914.450000
3597817.600000
3599604.750000
