31953.500000
44375.150000
74883.050000
82325.600000
83773.750000
87700.050000
94968.250000
101741.300000
101746.350000
101749.300000
191136.350000
208148.550000
208918.350000
221425.000000
222085.550000
222187.500000
223191.200000
233120.450000
235997.550000
236020.750000
253355.250000
263587.450000
337111.450000
489960.050000
801742.000000
801751.200000
801769.900000
801778.650000
801784.900000
801793.700000
801801.400000
801810.750000
801818.950000
801868.800000
801898.400000
801951.450000
802008.850000
802015.500000
802030.500000
802037.700000
802044.650000
802056.200000
802066.200000
802078.150000
947981.800000
948507.650000
962172.500000
966815.300000
989503.400000
1021108.450000
1031070.200000
1161538.000000
1168559.450000
1267420.550000
1267472.800000
1267477.050000
1267482.600000
1267488.850000
1295753.350000
1302981.750000
1302987.450000
1330680.200000
1341700.300000
1345134.650000
1352527.400000
1364777.900000
1365886.400000
1376473.100000
1376478.100000
1376481.450000
1376486.600000
1378065.650000
1379324.700000
1379529.700000
1380555.900000
1380569.050000
1381700.150000
1383673.850000
1392629.900000
1393169.900000
1393268.350000
1393281.200000
1394535.450000
1394999.350000
1395071.800000
1395446.050000
1395460.650000
1398302.100000
1403701.450000
1403876.600000
1404858.100000
1404867.950000
1405603.150000
1405690.500000
1406174.750000
1407502.550000
1407514.950000
1410953.700000
1411110.250000
1411731.000000
1413031.800000
1413044.050000
1413073.600000
1413119.150000
1418565.700000
1418581.200000
1421428.500000
1421467.550000
1424404.550000
1424645.200000
1424649.700000
1424653.350000
1424788.950000
1424838.450000
1426324.250000
1452473.500000
1452479.950000
1457484.700000
1498740.100000
1507579.600000
1509244.900000
1509260.850000
1510922.400000
1510928.050000
1510932.650000
1549491.150000
1551656.100000
1551664.450000
1551679.500000
1559051.350000
1560229.350000
1566649.950000
1571865.400000
1571871.600000
1591276.500000
1594591.350000
1594599.300000
1595141.900000
1599851.850000
1600393.500000
1618258.250000
1624301.800000
1625043.100000
1628614.500000
1631723.150000
1639522.000000
1643609.550000
1652221.300000
1656227.450000
1656240.750000
1656243.650000
1656295.550000
1656300.250000
1656313.500000
1659266.600000
1659279.650000
1659291.750000
1659846.550000
1660195.350000
1660210.100000
1660220.600000
1662040.000000
1675506.100000
1678425.200000
1686965.450000
1687057.850000
1687911.100000
1689443.900000
1690664.050000
1690708.700000
1690763.550000
1690918.300000
1692287.700000
1692335.500000
1692823.200000
1692831.850000
1692868.400000
1693625.850000
1693827.850000
1693850.200000
1693883.650000
1693902.700000
1693908.800000
1693918.850000
1697399.350000
1697405.450000
1697410.800000
1700883.700000
1701610.100000
1704254.200000
1704350.250000
1705043.350000
1705701.000000
1706592.750000
1706654.450000
1707494.150000
1707523.750000
1707534.900000
1707923.850000
1707944.750000
1713585.650000
1713653.450000
1723220.250000
1723234.350000
1726514.100000
1726531.350000
1726563.000000
1726659.500000
1726877.450000
1726893.650000
1726906.250000
1726928.300000
1726936.800000
1727791.000000
1727928.250000
1728297.700000
1728538.750000
1728786.750000
1728993.550000
1729018.800000
1729708.150000
1729802.800000
1729814.450000
1730447.450000
1730776.350000
1731037.100000
1731058.950000
1731090.800000
1731096.750000
1732163.650000
1732178.650000
1732792.800000
1733110.750000
1733147.650000
1733544.800000
1733568.500000
1733589.450000
1734390.700000
1734587.200000
1735170.700000
1735801.350000
1735831.500000
1736200.700000
1736216.950000
1736234.150000
1737465.950000
1737620.550000
1739323.850000
1743583.650000
1750200.600000
1751438.150000
1751514.250000
1751525.550000
1751721.150000
1751962.600000
1752005.750000
1752189.700000
1752784.600000
1752856.100000
1752863.400000
1753860.300000
1753918.150000
1754560.650000
1754612.150000
1754663.600000
1754763.150000
1755489.150000
1755601.300000
1756945.150000
1757287.050000
1759065.300000
1759677.450000
1759681.950000
1759799.100000
1760175.850000
1760240.950000
1760519.800000
1763030.800000
1763510.450000
1765540.500000
1765826.400000
1765845.500000
1767770.450000
1768332.400000
1768337.750000
1770314.450000
1771112.700000
1771136.050000
1771808.200000
1775895.950000
1775904.350000
1776211.950000
1776290.850000
1776298.200000
1776312.250000
1782279.900000
1782295.850000
1782300.450000
1783448.150000
1785191.300000
1785368.700000
1785400.350000
1785541.150000
1786617.150000
1787027.650000
1787057.950000
1787365.600000
1787775.100000
1787948.700000
1788007.400000
1788600.000000
1789315.500000
1797826.000000
1798663.450000
1800831.450000
1801346.700000
1801668.550000
1801682.250000
1803363.600000
1803499.000000
1803506.100000
1803509.700000
1803513.350000
1803546.050000
1803555.550000
1803560.550000
1806152.100000
1807259.500000
1811318.850000
1811629.050000
1811939.750000
1812465.700000
1813140.000000
1813853.050000
1814523.600000
1814527.400000
1848035.200000
1856008.250000
1856011.650000
1865390.050000
1865658.650000
1865678.850000
1868217.750000
1868418.850000
1871262.900000
1876895.050000
1877328.900000
1877347.100000
1877880.450000
1877989.850000
1882805.600000
1883084.750000
1884391.950000
1884457.200000
1886188.800000
1886205.750000
1886213.450000
1886226.050000
1887550.300000
1888350.400000
1890204.350000
1894666.350000
1894676.800000
1894693.250000
1895569.500000
1896777.900000
1901345.600000
1903402.850000
1903416.400000
1903426.650000
1903434.700000
1914786.750000
1915969.550000
1929641.700000
1930026.250000
1933502.250000
1939480.100000
1939485.000000
1942248.800000
1942257.650000
1942340.300000
1942851.000000
1945838.700000
1945845.500000
1946531.050000
1961809.150000
1961849.900000
1961866.800000
1963163.400000
1964065.350000
1964071.950000
1966771.800000
1972705.700000
1973762.350000
1996294.800000
1996330.900000
1997737.850000
2000832.350000
2000841.100000
2000850.500000
2000978.500000
2000992.800000
2003382.000000
2004661.250000
2007530.000000
2007865.300000
2008008.150000
2008011.450000
2010359.050000
2010786.300000
2010793.050000
2010798.800000
2010829.350000
2011572.400000
2014684.550000
2016657.800000
2016661.350000
2025084.050000
2025110.100000
2025329.250000
2026926.950000
2027035.850000
2027689.800000
2027918.000000
2029094.200000
2029339.700000
2030309.200000
2030471.450000
2032435.250000
2032875.650000
2034164.350000
2035005.300000
2035528.050000
2035531.700000
2042562.150000
2042639.450000
2042649.700000
2042678.200000
2042683.700000
2042688.200000
2042693.450000
2042747.500000
2043656.900000
2043664.850000
2043735.400000
2043819.800000
2044586.650000
2045076.650000
2045110.450000
2048200.650000
2051698.750000
2051735.450000
2051745.250000
2052134.900000
2052167.400000
2052902.550000
2052974.200000
2053000.650000
2053024.950000
2053102.150000
2084346.350000
2101052.350000
2101077.500000
2102495.100000
2109780.750000
2112425.350000
2112454.150000
2116967.950000
2119715.250000
2119823.500000
2123853.100000
2124635.600000
2124865.450000
2131546.900000
2133483.600000
2134557.850000
2145772.350000
2146007.500000
2146107.650000
2146269.050000
2147166.150000
2147776.650000
2148850.050000
2149276.550000
2149281.050000
2149305.350000
2149317.950000
2152209.300000
2152536.850000
2153010.250000
2156292.450000
2160758.300000
2161153.250000
2161169.250000
2161172.700000
2161175.850000
2161213.500000
2165816.200000
2166625.750000
2173144.550000
2173273.550000
2173325.450000
2173328.800000
2173791.700000
2174165.950000
2174635.500000
2177865.300000
2177870.450000
2183206.150000
2186500.150000
2186504.450000
2204231.100000
2204238.800000
2205763.950000
2205939.500000
2206271.550000
2212026.000000
2214399.350000
2216273.250000
2217364.650000
2218465.450000
2219008.800000
2223398.650000
2223752.250000
2224900.300000
2226075.500000
2228490.600000
2228818.700000
2228824.000000
2229083.600000
2229099.100000
2229116.050000
2229131.750000
2229142.850000
2230105.500000
2233993.100000
2233997.100000
2236530.300000
2236691.300000
2237425.700000
2238267.550000
2238281.150000
2238715.350000
2239830.650000
2240420.750000
2240824.900000
2241009.400000
2241242.550000
2243208.600000
2243349.200000
2243606.150000
2243994.650000
2244023.600000
2245762.400000
2251388.250000
2251427.750000
2251435.750000
2253178.400000
2258109.450000
2260615.600000
2260635.700000
2260704.150000
2264745.600000
2267612.250000
2267634.350000
2267638.500000
2267872.250000
2267880.600000
2267886.000000
2268334.050000
2268547.000000
2268568.100000
2268584.900000
2271694.150000
2275634.550000
2276152.250000
2280721.900000
2281254.600000
2281262.600000
2286330.850000
2289964.650000
2289971.850000
2290240.450000
2290970.800000
2291009.900000
2291038.300000
2291672.050000
2291692.650000
2291696.350000
2291702.050000
2292113.650000
2292135.650000
2292159.450000
2292173.200000
2292216.300000
2293283.300000
2293552.350000
2293579.250000
2295556.250000
2295760.950000
2296005.650000
2296546.500000
2296782.750000
2296792.750000
2298691.650000
2299324.500000
2299376.850000
2307656.600000
2307664.550000
2307855.100000
2308287.450000
2308479.550000
2308483.800000
2308498.150000
2315907.950000
2315940.900000
2316521.950000
2316529.350000
2316538.650000
2316544.550000
2317083.750000
2322792.400000
2326969.300000
2327459.900000
2328065.650000
2328451.650000
2329019.700000
2339668.400000
2340324.750000
2346931.750000
2350624.050000
2350941.600000
2355776.400000
2356449.650000
2384347.550000
2395322.550000
2403422.350000
2403428.200000
2413375.000000
2416402.050000
2416767.650000
2418674.500000
2423599.600000
2424383.050000
2446895.500000
2447078.000000
2447925.450000
2450200.950000
2450319.700000
2450332.100000
2450337.100000
2451155.250000
2455656.750000
2455714.150000
2462932.500000
2463622.800000
2463965.750000
2464690.300000
2472081.600000
2472641.500000
2475177.100000
2476121.600000
2476166.050000
2476663.300000
2476669.650000
2477102.300000
2478486.400000
2478504.050000
2480010.700000
2480018.650000
2480935.500000
2481043.650000
2481049.250000
2483616.300000
2486921.500000
2486981.950000
2487418.750000
2487693.550000
2489713.600000
2490426.200000
2493020.200000
2499390.700000
2499491.250000
2499512.250000
2499518.950000
2500187.350000
2501797.000000
2501807.800000
2504079.150000
2504084.650000
2504542.750000
2504563.850000
2504571.500000
2506947.750000
2516914.400000
2520862.950000
2522543.000000
2528289.900000
2529306.150000
2533618.600000
2533718.150000
2533762.400000
2533771.300000
2533776.400000
2533785.050000
2533789.250000
2533799.400000
2533845.100000
2534338.050000
2534414.600000
2534801.300000
2534840.700000
2534864.850000
2534907.700000
2535308.650000
2538791.300000
2540053.200000
2540690.400000
2548117.050000
2549281.600000
2549706.500000
2556923.900000
2558730.900000
2558741.400000
2558892.250000
2565536.400000
2565543.650000
2565745.600000
2565756.050000
2567577.000000
2567600.150000
2567633.100000
2567829.150000
2568371.900000
2568517.400000
2568817.300000
2569474.700000
2569522.500000
2569792.750000
2570335.550000
2570735.900000
2571491.100000
2571634.850000
2572225.900000
2572286.950000
2572528.700000
2572808.300000
2572815.550000
2573018.200000
2573104.550000
2573310.950000
2573592.800000
2576073.050000
2577138.150000
2579180.900000
2579809.750000
2579833.600000
2580126.550000
2581797.550000
2585437.600000
2593514.150000
2593521.300000
2594140.000000
2594266.300000
2595504.150000
2596491.450000
2598455.000000
2618343.200000
2625278.500000
2628665.500000
2629963.500000
2630860.050000
2631127.850000
2631132.900000
2637996.400000
2638033.450000
2638305.350000
2638312.100000
2638334.800000
2640837.650000
2642889.750000
2642894.000000
2642897.450000
2650251.850000
2656914.050000
2657187.250000
2657239.900000
2657347.600000
2657443.600000
2657561.550000
2658894.050000
2665421.450000
2665887.300000
2668886.450000
2679509.450000
2680148.350000
2681649.850000
2681768.300000
2681773.450000
2681776.700000
2681803.350000
2682940.150000
2682954.700000
2683453.050000
2684060.000000
2684325.800000
2686923.500000
2688472.800000
2689874.600000
2690063.650000
2704935.600000
2716506.800000
2716932.350000
2717733.250000
2719581.900000
2720110.000000
2725027.300000
2737391.750000
2737395.750000
2737521.450000
2737533.100000
2738523.350000
2738875.150000
2738920.850000
2741022.000000
2741898.650000
2743735.550000
2743805.750000
2743814.050000
2743821.900000
2743829.650000
2743834.300000
2743840.750000
2744947.550000
2744955.250000
2745347.800000
2750711.900000
2751066.800000
2751077.100000
2758537.900000
2759466.200000
2759706.450000
2759710.750000
2759714.800000
2759718.600000
2759763.050000
2759769.550000
2760382.000000
2760442.600000
2760946.500000
2761620.500000
2761625.350000
2761642.650000
2769038.850000
2771619.550000
2775211.150000
2782734.500000
2783630.350000
2783998.300000
2784022.200000
2785064.700000
2786111.150000
2786115.100000
2788874.500000
2788965.950000
2789179.450000
2789472.400000
2789487.650000
2791300.600000
2791304.050000
2791351.650000
2798542.150000
2799077.800000
2809425.650000
2809439.400000
2810079.850000
2810834.450000
2811526.300000
2811967.950000
2812456.200000
2813812.000000
2814198.200000
2814232.200000
2820302.900000
2820407.950000
2820623.300000
2821024.100000
2825931.250000
2836327.150000
2836580.100000
2836603.050000
2836715.800000
2836722.500000
2836790.900000
2837071.450000
2837757.950000
2838149.100000
2840989.850000
2841591.700000
2841848.100000
2842114.950000
2842130.600000
2842338.000000
2843741.550000
2843759.950000
2851463.150000
2852182.250000
2852188.250000
2857312.100000
2857319.450000
2859094.650000
2859560.750000
2863804.950000
2864392.400000
2864556.550000
2864696.350000
2864754.050000
2864782.350000
2864811.400000
2865140.200000
2867161.600000
2869148.950000
2871622.450000
2871638.150000
2872818.850000
2877730.800000
2878085.550000
2878506.700000
2879336.250000
2879499.650000
2879510.550000
2880180.750000
2880530.150000
2881929.450000
2888398.250000
2890965.150000
2890977.600000
2897040.250000
2898174.750000
2899653.050000
2901891.850000
2908630.950000
2908636.450000
2908639.550000
2908740.550000
2908744.900000
2913980.800000
2914047.600000
2915904.600000
2918067.100000
2918072.400000
2919461.950000
2919503.200000
2919903.450000
2919914.000000
2920832.500000
2921927.100000
2922701.650000
2922715.900000
2922883.500000
2923315.000000
2924902.200000
2925742.100000
2926492.050000
2927216.350000
2927720.050000
2929561.450000
2935775.650000
2939990.150000
2941827.850000
2944232.050000
2948248.350000
2949757.400000
2950585.800000
2953248.400000
2954263.600000
2955228.300000
2960295.000000
2960342.550000
2970151.200000
2971971.200000
2971993.200000
2972032.450000
2972040.400000
2972045.900000
2972537.550000
2972544.650000
2973120.500000
2973162.250000
2973689.700000
2975772.750000
2975777.200000
2975786.100000
2975812.950000
2979980.350000
2979986.650000
2987374.300000
2987512.800000
2987755.700000
2988142.200000
2988854.150000
3007618.500000
3010061.750000
3016373.250000
3019901.050000
3022810.250000
3025140.400000
3035800.650000
3035806.100000
3035809.550000
3035815.350000
3035818.850000
3035824.500000
3035832.300000
3035840.750000
3042003.200000
3044742.900000
3048827.350000
3049878.600000
3054718.300000
3060725.200000
3060731.750000
3060750.650000
3060779.400000
3060785.150000
3070059.750000
3072785.700000
3072790.700000
3072797.300000
3073416.300000
3077724.550000
3077736.050000
3077742.200000
3077746.650000
3135818.250000
3135824.650000
3141084.250000
3141088.250000
3155646.800000
3156848.800000
3161161.600000
3161207.650000
3162157.150000
3163195.600000
3164227.050000
3164232.800000
3164237.450000
3164242.000000
3165881.900000
3165891.450000
3165894.800000
3166414.850000
3168767.900000
3175507.500000
3178277.200000
3179585.150000
3183544.250000
3185427.350000
3187209.950000
3187215.500000
3187236.650000
3192673.500000
3192693.050000
3194652.650000
3202372.300000
3202400.800000
3202602.900000
3202621.350000
3202806.250000
3202865.150000
3205140.350000
3205490.300000
3205502.400000
3206921.200000
3207328.550000
3210196.050000
3210201.000000
3212768.750000
3212917.850000
3217626.850000
3217760.550000
3219707.450000
3226257.700000
3226278.850000
3226645.100000
3227200.150000
3227217.800000
3227371.450000
3227754.250000
3229747.500000
3229766.450000
3231512.100000
3242718.400000
3242956.100000
3242968.450000
3242977.900000
3242981.950000
3242986.250000
3242989.800000
3243018.750000
3243025.650000
3243034.250000
3243039.250000
3245848.550000
3248551.600000
3248555.050000
3251440.150000
3252539.250000
3256094.450000
3258901.350000
3259280.500000
3259495.500000
3259507.200000
3259682.050000
3259728.250000
3259745.950000
3259817.100000
3259827.450000
3263177.550000
3264785.850000
3265690.950000
3267200.800000
3270840.150000
3272370.900000
3283585.450000
3283603.200000
3283611.200000
3283643.250000
3284858.350000
3284869.300000
3287920.900000
3337196.050000
3344861.950000
3348231.550000
3348367.750000
3349562.750000
3357490.700000
3375506.800000
3377769.650000
3382614.900000
3396120.600000
3398351.850000
3404699.800000
3405805.450000
3407874.950000
3408224.050000
3413055.350000
3413172.600000
3413708.200000
3414039.650000
3415775.000000
3416056.350000
3416214.700000
3416500.600000
3416533.600000
3416983.900000
3417035.750000
3417668.600000
3424027.200000
3424031.950000
3428418.100000
3428544.400000
3428551.400000
3428570.300000
3428577.300000
3431854.100000
3431903.450000
3431914.700000
3431920.100000
3431926.750000
3431933.600000
3433773.600000
3433785.000000
3438083.650000
3438604.050000
3438609.950000
3442260.700000
3445997.850000
3446235.750000
3446240.750000
3446246.400000
3446301.300000
3446322.700000
3446326.050000
3446329.650000
3446335.350000
3449965.050000
3451313.300000
3456664.250000
3456879.750000
3457532.300000
3457664.850000
3457672.950000
3458894.500000
3460728.950000
3461338.300000
3462102.250000
3462111.650000
3463756.550000
3463760.600000
3465145.300000
3465158.700000
3465296.700000
3465301.750000
3466589.500000
3466605.300000
3468525.800000
3468963.200000
3469852.000000
3487531.550000
3493539.650000
3500063.800000
3506887.900000
3507098.950000
3507120.450000
3507884.350000
3507893.350000
3511586.000000
3515623.000000
3518382.250000
3518420.150000
3525537.250000
3525549.100000
3525554.300000
3525559.650000
3526823.350000
3533603.150000
3534426.350000
3534477.200000
3534481.850000
3534493.200000
3538247.500000
3538843.700000
3539623.700000
3539818.400000
3540349.500000
3541005.400000
3541792.750000
3543465.800000
3563466.950000
3563688.900000
3564823.750000
3568042.850000
3574601.100000
3574623.400000
3574632.050000
3575029.850000
3576121.750000
3577846.350000
3577930.500000
3577935.000000
3583760.900000
3583766.200000
3583769.150000
3583772.600000
3583778.650000
3583789.250000
3583802.100000
3583808.250000
3584470.550000
3584475.550000
3584493.100000
3585946.400000
3587457.400000
3589592.900000
3594894.300000
3594915.950000
3596151.350000
3596207.200000
3596215.150000
3596223.150000
3596549.100000
3596572.350000
3596958.450000
3597297.700000
