20326.100000
63182.050000
68655.600000
78461.850000
82657.100000
82661.000000
92250.550000
129081.100000
171627.800000
298437.500000
298694.050000
302415.350000
303376.700000
303695.250000
308315.950000
322163.050000
355624.550000
374096.250000
374118.800000
382292.350000
493373.200000
493874.850000
493958.300000
495575.550000
497100.850000
576456.650000
582301.400000
599471.400000
688256.300000
797382.200000
797465.050000
798105.100000
801542.500000
829287.700000
988069.650000
1053916.750000
1157211.000000
1175468.150000
1187114.600000
1187130.400000
1195888.750000
1215219.000000
1236715.000000
1270822.350000
1303536.150000
1326135.700000
1328413.400000
1350886.150000
1350894.900000
1353045.300000
1358927.950000
1358935.300000
1358941.950000
1358944.650000
1358964.450000
1361505.700000
1361508.850000
1366021.250000
1368858.950000
1369069.550000
1377307.750000
1377320.150000
1383414.950000
1390125.300000
1400902.750000
1410174.150000
1417155.500000
1466536.200000
1490722.400000
1491105.200000
1493973.800000
1503067.100000
1510968.250000
1510985.400000
1510992.700000
1511012.000000
1511038.000000
1511042.350000
1511100.250000
1511138.050000
1511308.350000
1511576.900000
1511594.050000
1511700.900000
1516160.850000
1516165.850000
1516177.750000
1516193.050000
1516205.250000
1516332.950000
1521763.400000
1521934.550000
1521993.000000
1522051.850000
1522058.450000
1537562.700000
1537616.300000
1539727.950000
1546751.800000
1546863.900000
1546875.950000
1546893.850000
1548418.350000
1550185.600000
1552523.900000
1557412.400000
1560215.250000
1562859.150000
1565285.850000
1565364.150000
1566680.350000
1571211.850000
1571218.150000
1571221.800000
1572170.800000
1592017.850000
1612657.300000
1615228.350000
1651954.500000
1651958.000000
1651964.150000
1654306.900000
1656827.700000
1657341.300000
1660717.950000
1661718.400000
1668910.300000
1679092.400000
1679149.750000
1686361.500000
1686959.700000
1686963.300000
1687220.400000
1689806.150000
1689822.850000
1700082.800000
1700086.450000
1713384.750000
1713402.550000
1713413.450000
1717384.350000
1723440.900000
1739047.700000
1739051.800000
1744044.700000
1745288.100000
1745608.950000
1749264.300000
1749267.800000
1773554.950000
1774239.000000
1774663.250000
1777943.050000
1778252.500000
1780098.050000
1856879.550000
1859759.300000
1862829.250000
1862833.150000
1885362.400000
1890438.400000
1890680.850000
1890687.300000
1890783.700000
1894116.700000
1895165.550000
1896775.850000
1916770.850000
1932563.300000
1932776.200000
1932779.000000
1932783.050000
1932791.850000
1932802.500000
1932807.400000
1932811.750000
1932817.600000
1940864.450000
1954838.000000
1986243.250000
1986248.400000
1986252.850000
1986260.600000
1986268.150000
1992748.250000
2008642.400000
2008646.800000
2008649.250000
2016073.100000
2016076.300000
2016079.450000
2016673.100000
2017474.900000
2020115.300000
2020121.000000
2022836.950000
2030779.600000
2034258.250000
2040174.700000
2040178.950000
2040182.350000
2040185.950000
2040189.950000
2040195.000000
2040201.800000
2048368.800000
2054918.800000
2098191.350000
2100927.400000
2126627.300000
2132583.300000
2142474.000000
2159988.650000
2160051.350000
2160079.250000
2160084.150000
2160089.350000
2160096.200000
2168351.950000
2168364.450000
2168372.200000
2171559.650000
2184533.700000
2198488.500000
2198492.450000
2244625.000000
2244638.950000
2247276.350000
2248684.550000
2248740.500000
2250259.750000
2254300.300000
2255742.450000
2257179.750000
2270963.450000
2270971.350000
2270974.500000
2272999.200000
2273004.100000
2284381.450000
2286638.850000
2286646.700000
2287871.550000
2324977.650000
2352396.650000
2352829.950000
2352836.150000
2369251.650000
2374272.050000
2376865.550000
2376869.850000
2378677.300000
2379586.450000
2379597.400000
2379689.900000
2379692.700000
2380227.450000
2380337.900000
2380340.900000
2380692.950000
2380705.900000
2380709.150000
2380824.900000
2380828.500000
2381068.650000
2381181.800000
2381185.450000
2381278.250000
2381390.150000
2381392.850000
2381408.250000
2381442.150000
2381495.450000
2381842.600000
2382248.800000
2382723.650000
2387470.150000
2387952.100000
2437189.900000
2453312.700000
2454083.450000
2454107.700000
2454114.000000
2454118.750000
2454124.100000
2454131.850000
2467048.000000
2467059.500000
2467847.100000
2468589.450000
2488189.000000
2489451.450000
2516416.500000
2516550.500000
2517647.150000
2518328.100000
2521568.050000
2523726.250000
2525272.250000
2525277.600000
2525286.700000
2525328.600000
2525333.900000
2525337.200000
2532329.450000
2532333.200000
2553256.500000
2553951.200000
2553962.400000
2554004.200000
2555323.450000
2556128.350000
2559192.300000
2559199.350000
2618523.000000
2633879.050000
2633895.050000
2633915.150000
2633918.500000
2649139.600000
2652242.250000
2655232.500000
2658470.100000
2660290.000000
2660309.450000
2662817.550000
2663027.150000
2663040.500000
2663675.450000
2666021.050000
2667686.700000
2668371.600000
2672392.150000
2672692.200000
2672697.200000
2672705.300000
2672708.750000
2722405.700000
2722410.150000
2731761.050000
2732719.450000
2732724.850000
2732737.600000
2736525.550000
2737541.100000
2754704.700000
2754708.000000
2765605.400000
2766305.400000
2767734.450000
2771688.400000
2771708.300000
2773195.550000
2778227.450000
2780565.300000
2780580.700000
2780588.700000
2794609.600000
2798930.450000
2802747.950000
2805634.150000
2805706.000000
2805720.850000
2805732.700000
2805748.000000
2805900.650000
2809738.800000
2813598.200000
2826234.850000
2826251.950000
2828586.650000
2832826.150000
2835971.050000
2845168.400000
2845680.800000
2845687.250000
2845691.100000
2849075.650000
2858902.650000
2863425.600000
2863555.200000
2876265.350000
2876280.800000
2889976.150000
2889981.100000
2901677.650000
2902153.100000
2902212.650000
2903471.450000
2903808.000000
2906569.700000
2907339.750000
2907345.700000
2907759.650000
2908944.650000
2913180.600000
2914093.700000
2914097.500000
2915509.350000
2915516.250000
2915531.450000
2916073.800000
2916972.450000
2920863.950000
2920889.200000
2920894.450000
2920905.100000
2920911.150000
2920935.350000
2923270.200000
2923276.100000
2923397.600000
2924365.500000
2937836.300000
2937907.950000
2937911.400000
2937917.600000
2937931.350000
2952135.050000
2962675.600000
2979561.150000
2980181.050000
2983157.700000
3010030.400000
3010040.550000
3032619.900000
3035523.350000
3040720.000000
3058459.250000
3058467.200000
3059304.650000
3059313.550000
3062984.000000
3063140.200000
3063401.550000
3066789.650000
3068463.250000
3070275.250000
3070280.600000
3070552.400000
3070568.000000
3072759.500000
3072762.800000
3072766.050000
3072978.800000
3074048.050000
3074052.700000
3095347.500000
3095373.000000
3095379.000000
3098023.700000
3104372.200000
3129118.700000
3132026.500000
3141125.800000
3146367.200000
3150458.600000
3150623.100000
3152049.350000
3154767.550000
3155064.200000
3155095.000000
3155316.750000
3155320.500000
3155323.800000
3155754.200000
3187262.900000
3187267.750000
3187898.350000
3188304.600000
3194022.600000
3194034.550000
3206321.900000
3206325.750000
3212318.250000
3213741.800000
3230766.350000
3232119.150000
3246970.250000
3271541.900000
3301257.900000
3336882.050000
3336900.200000
3338628.850000
3338816.850000
3338820.050000
3338831.250000
3338923.400000
3341536.900000
3341563.850000
3346115.600000
3373881.400000
3397035.650000
3397056.600000
3397059.800000
3397085.800000
3397331.450000
3398050.100000
3404837.200000
3427050.400000
3435078.250000
3447137.950000
3447144.700000
3453777.150000
3458180.950000
3458187.450000
3467113.600000
3467117.700000
3467121.850000
3495628.150000
3495633.800000
3505871.500000
3510428.250000
3513512.800000
3520015.350000
3531948.000000
3532703.600000
3532706.950000
3541525.200000
3541752.800000
3545163.650000
3549182.200000
3549185.850000
3551051.150000
3551139.850000
3553462.750000
3553471.950000
3553475.400000
3576657.500000
3576737.300000
3576742.250000
3578757.600000
3578778.600000
3594944.150000
3594947.950000
3595460.050000
3596570.350000
3599625.400000
