30885.150000
126246.050000
161270.250000
335386.850000
335399.500000
381310.700000
381342.300000
381351.150000
381358.150000
381365.750000
381371.350000
381382.500000
381390.800000
381396.250000
381402.800000
381421.700000
381443.950000
381464.550000
381475.200000
381489.950000
381679.650000
381688.150000
381693.750000
381700.550000
381708.450000
381714.550000
381721.550000
381728.200000
381734.450000
381742.150000
381749.200000
381756.100000
381764.100000
381770.900000
381777.500000
381798.200000
381815.000000
381820.050000
381827.400000
381834.000000
381841.350000
381849.550000
381854.850000
381861.900000
381869.600000
381876.550000
381882.600000
381893.100000
381901.750000
381908.500000
381914.400000
381921.450000
381931.900000
381952.250000
381965.700000
381975.550000
381987.900000
381994.850000
382010.500000
382018.250000
382027.850000
382036.500000
382080.550000
382090.500000
382097.500000
382104.100000
382112.500000
382119.500000
382127.900000
382139.050000
382148.150000
382179.150000
382214.650000
382218.750000
382225.700000
382233.350000
382246.350000
382278.650000
382336.400000
382377.050000
382382.350000
382389.200000
382398.900000
382411.000000
382423.750000
382432.850000
382442.600000
382453.100000
382467.000000
382473.500000
382491.050000
382548.650000
382584.150000
382604.350000
382667.600000
382721.600000
382727.000000
382747.650000
382752.600000
382868.300000
382880.050000
382890.050000
382897.900000
382906.400000
382916.900000
382928.100000
382935.350000
383032.350000
383424.950000
383428.950000
383434.500000
383444.800000
383572.900000
384809.500000
384834.550000
384840.700000
384845.150000
384864.200000
384882.550000
384889.100000
384893.800000
384904.250000
384915.600000
384921.150000
384929.800000
384937.600000
384942.750000
384951.100000
384961.850000
384969.650000
384980.100000
384990.950000
385001.600000
385007.850000
385016.800000
385026.450000
385034.950000
385047.400000
385054.650000
385060.650000
385067.950000
385074.500000
385080.750000
385088.250000
385095.450000
385106.850000
385117.750000
385130.900000
385173.900000
385200.850000
385209.650000
385215.350000
385228.350000
385235.500000
385241.800000
385249.250000
385255.300000
385269.400000
385295.800000
385304.300000
385315.050000
385332.800000
385341.600000
385352.050000
385377.750000
385424.600000
385451.300000
385460.350000
385499.650000
385506.550000
385513.600000
385533.900000
385593.850000
385603.850000
385630.500000
385638.350000
385663.100000
385670.100000
385721.250000
385733.600000
385768.950000
385906.600000
385994.100000
386001.800000
386008.000000
386017.950000
386023.600000
386054.950000
386061.650000
386087.550000
386093.800000
386101.000000
386111.050000
386156.800000
386164.400000
386223.800000
386237.000000
386249.350000
386257.900000
386578.050000
386595.800000
386822.800000
386834.750000
386842.800000
386985.350000
387070.600000
387081.700000
387086.950000
387092.250000
387099.600000
387106.800000
387112.750000
387141.750000
387201.550000
387210.050000
387247.000000
387260.000000
387281.300000
387290.100000
387295.350000
387334.000000
387412.400000
387419.350000
387442.300000
387463.300000
387486.200000
387563.100000
387576.450000
387594.050000
387605.550000
387610.450000
387625.650000
387636.250000
387645.050000
387712.450000
387720.200000
387727.650000
387773.800000
387781.500000
387807.300000
387863.350000
387872.150000
387879.950000
389434.400000
389438.850000
390143.450000
390982.850000
391035.750000
391192.350000
391209.800000
391215.450000
391236.250000
391241.250000
391269.800000
391287.400000
391292.100000
391299.150000
391305.700000
391380.350000
391390.600000
391398.800000
391408.950000
391424.250000
391543.950000
391654.000000
391657.050000
391724.950000
391740.900000
391775.350000
391779.950000
391784.250000
391791.200000
391805.000000
391813.350000
391820.350000
391826.950000
391841.000000
391847.900000
391862.700000
391877.400000
391885.450000
391902.650000
391934.300000
392254.800000
392939.250000
393169.750000
393188.450000
393194.600000
393304.700000
393309.400000
393319.300000
393403.050000
393413.500000
393425.250000
393447.650000
396474.050000
396477.300000
397035.750000
397134.450000
397317.650000
397326.200000
397507.350000
397650.050000
397722.600000
397728.100000
398381.600000
400288.500000
400307.050000
401569.000000
401618.400000
401622.600000
401629.650000
401659.800000
401667.950000
401674.050000
401764.550000
401771.600000
401779.450000
401786.650000
401796.500000
401862.100000
401901.200000
405278.100000
407694.450000
407716.300000
442612.800000
442617.550000
466448.000000
466816.100000
466875.400000
466881.850000
466897.350000
466904.900000
507558.000000
507562.950000
507569.500000
507586.850000
507595.150000
507619.000000
507825.950000
507833.350000
507837.800000
507843.850000
507851.850000
507862.650000
507871.800000
507887.200000
507897.750000
507928.750000
507934.950000
507955.500000
507976.550000
507986.350000
507991.050000
508000.000000
508009.200000
508021.900000
508041.550000
508046.250000
508053.300000
508064.050000
508070.650000
508077.050000
508084.950000
508090.750000
508099.400000
508105.600000
508114.450000
508125.150000
508153.750000
508325.150000
508329.750000
508333.550000
508343.350000
508471.600000
508583.150000
508589.950000
508596.900000
508602.850000
508615.300000
508625.650000
508644.550000
508652.400000
508659.000000
508670.600000
508676.100000
508686.750000
508703.650000
508709.100000
508717.450000
508743.150000
508766.750000
508777.250000
508800.650000
508830.250000
508852.800000
508859.500000
508970.300000
508990.550000
508999.250000
509009.750000
510134.600000
510190.500000
517242.750000
517275.100000
517350.250000
517359.850000
522813.450000
522843.900000
522893.550000
522900.800000
522938.800000
522946.300000
534140.900000
622473.950000
622749.650000
622761.300000
622782.750000
622790.050000
622841.150000
622876.500000
623161.600000
623214.550000
623228.600000
623233.900000
623245.350000
623253.400000
623328.500000
623345.800000
623350.600000
623357.600000
623453.900000
623507.650000
623519.700000
623541.600000
623728.700000
623774.150000
623782.150000
623809.150000
623813.600000
623836.600000
623843.400000
623847.850000
623863.700000
623875.000000
623879.000000
623886.750000
623895.750000
623988.250000
623992.050000
624000.300000
624007.850000
624015.550000
624023.150000
624038.550000
624078.800000
624083.950000
624090.300000
624120.900000
624128.400000
624136.700000
624149.100000
624155.200000
624164.950000
624184.650000
624192.650000
624216.950000
624229.300000
624240.850000
624249.100000
624255.650000
624263.050000
624275.100000
624381.600000
624415.250000
624463.250000
624471.950000
624478.500000
624505.900000
624509.950000
624519.700000
624527.050000
624532.250000
624543.650000
624552.650000
624595.750000
624602.600000
624609.550000
624617.850000
624626.750000
624632.600000
624638.800000
624651.700000
624658.800000
624664.950000
624684.500000
624691.800000
624707.500000
624723.600000
624736.300000
624752.950000
624761.500000
624773.850000
624779.750000
624790.550000
625862.800000
625869.650000
627898.850000
628480.250000
628533.450000
628536.400000
628595.300000
630096.500000
630108.950000
630155.200000
634718.550000
634735.900000
634741.500000
634745.250000
634768.050000
634772.150000
634781.050000
634786.550000
635001.450000
635006.400000
650348.550000
651183.900000
651226.650000
652846.100000
652850.300000
652865.250000
652946.600000
652956.900000
653045.300000
653054.150000
653078.400000
653094.900000
653388.250000
653397.150000
653422.000000
653435.850000
653443.050000
653470.550000
653492.650000
653502.800000
653509.800000
653518.600000
653524.800000
653551.900000
653600.000000
653612.650000
653619.000000
653634.100000
653647.050000
653795.700000
653883.850000
653897.000000
654089.800000
654093.550000
654098.800000
654109.700000
654289.000000
654298.200000
654314.600000
654326.300000
654337.750000
654343.750000
654353.400000
654370.100000
654400.650000
654406.850000
654418.800000
654428.400000
654507.400000
654519.650000
654540.500000
654546.400000
654557.700000
654570.850000
654583.450000
654606.750000
654668.700000
654686.100000
654691.450000
655354.600000
655554.300000
655613.800000
655630.750000
655640.350000
655719.250000
655744.050000
655754.500000
655759.500000
655849.650000
655874.050000
655879.050000
655883.700000
655890.800000
655900.850000
655908.150000
655972.850000
655979.350000
655995.950000
656001.350000
656007.250000
656016.500000
656040.300000
656056.700000
656257.600000
656397.950000
656423.200000
656436.950000
656440.750000
656448.300000
656456.150000
656612.300000
656640.600000
656691.750000
656697.400000
656716.850000
656725.500000
657237.450000
657242.200000
657955.150000
658165.450000
658417.350000
658481.650000
658544.100000
658587.200000
658592.350000
658925.000000
658957.750000
658962.800000
658995.500000
658999.850000
659004.850000
659020.400000
659044.250000
659048.700000
659184.650000
659194.850000
659206.550000
659212.200000
659231.750000
659273.950000
659279.300000
659292.850000
659325.450000
659419.600000
659438.600000
659532.900000
659618.650000
659789.600000
659795.700000
659828.750000
659907.600000
659926.400000
659932.900000
660004.150000
660014.450000
660045.050000
660683.150000
660693.750000
660699.450000
660710.750000
660718.500000
664976.000000
665011.000000
665041.150000
665047.650000
665074.400000
665105.000000
665599.900000
665603.200000
665607.550000
665876.150000
666155.050000
666348.900000
666353.300000
666375.350000
666391.650000
666446.900000
666452.600000
666457.850000
666531.300000
666538.450000
666544.550000
668868.950000
668901.200000
671265.300000
673050.350000
673054.050000
673057.850000
673064.550000
673070.250000
673801.600000
673807.300000
675143.800000
675149.500000
678462.700000
678466.050000
679094.600000
692216.200000
708518.050000
708592.700000
708599.300000
708654.650000
708670.000000
708680.250000
708687.100000
708698.250000
708703.850000
708717.450000
708731.300000
708743.450000
708833.500000
708927.400000
708934.800000
708944.650000
708953.050000
708972.900000
708983.500000
708988.750000
708997.750000
709009.150000
709024.250000
709030.100000
709037.550000
709069.700000
711235.650000
713542.900000
727621.050000
727953.650000
727966.300000
728021.550000
728104.600000
728111.100000
728144.050000
728191.600000
728207.450000
739218.900000
739224.450000
739231.450000
739236.750000
739242.400000
739248.100000
739257.450000
739271.050000
740810.800000
740813.700000
743367.150000
743372.500000
743376.300000
744189.200000
748173.850000
749507.850000
756146.200000
810285.100000
810304.850000
810379.700000
810384.250000
810888.250000
810979.500000
810983.350000
811002.900000
811007.850000
811031.200000
811041.650000
811170.750000
811236.150000
811256.250000
811260.200000
811266.400000
811278.400000
811284.800000
811293.650000
811304.650000
811315.800000
811323.350000
811332.900000
811356.150000
811377.450000
811385.200000
811392.950000
811398.300000
811404.850000
811415.300000
811420.850000
811432.950000
811444.150000
811595.500000
811600.700000
811679.300000
811709.850000
812250.050000
812253.550000
812260.750000
812265.700000
812273.300000
812279.500000
812298.550000
812303.250000
812319.450000
812327.850000
812359.000000
812415.350000
812465.050000
812471.550000
812483.950000
812490.850000
812570.050000
812576.050000
812582.750000
812605.650000
812611.750000
812690.200000
812697.550000
812706.300000
812710.950000
812780.750000
812793.500000
1043050.250000
1043053.050000
1049180.550000
1049287.850000
1049396.200000
1049430.550000
1049482.350000
1049513.250000
1049537.750000
1049785.700000
1049800.600000
1049814.000000
1049819.900000
1050201.300000
1050205.600000
1050238.000000
1050258.750000
1050635.750000
1050641.450000
1050698.400000
1053426.600000
1055360.350000
1055643.650000
1055658.800000
1055720.700000
1055728.550000
1055750.100000
1055888.400000
1055892.300000
1057185.800000
1057189.700000
1057193.750000
1057208.450000
1057214.300000
1059978.000000
1059982.450000
1060071.750000
1060093.300000
1077971.350000
1077986.150000
1077997.600000
1117147.100000
1117149.900000
1117170.400000
1173118.600000
1402827.350000
1480695.800000
1489648.350000
1489651.800000
1489664.350000
1489767.900000
1489796.050000
1489801.700000
1489811.650000
1489821.650000
1489844.000000
1523195.600000
1567888.250000
1620758.550000
1674487.900000
1674491.550000
1716965.250000
1722160.900000
1722164.950000
1722168.800000
1722180.450000
1731131.500000
1792717.950000
1880734.850000
1880747.500000
1948574.000000
1982116.350000
2021663.400000
2313195.200000
2368719.350000
2378367.000000
2388810.400000
2535505.600000
2535535.550000
2564066.350000
2651613.800000
2677848.800000
2677871.650000
2726450.500000
2770091.950000
2770101.350000
2961047.350000
2961063.250000
2961068.500000
2961075.950000
2961082.700000
2961089.950000
3189651.600000
3276129.650000
3276167.900000
3276175.450000
3276180.350000
3464078.300000
3480539.550000
3539340.600000
3539351.550000
