67.500000
74.900000
2683.850000
7956.000000
12344.100000
13318.850000
14855.700000
14864.250000
17914.350000
19346.600000
19350.900000
19355.650000
19367.300000
24749.300000
27336.150000
34126.400000
36255.300000
36264.250000
36914.500000
36930.500000
43239.750000
43250.600000
44557.650000
44563.200000
44567.200000
44572.750000
44581.100000
44590.950000
48095.400000
49018.700000
52272.400000
53336.650000
56342.250000
60214.400000
60596.100000
60608.650000
66250.050000
71683.750000
75417.400000
75430.100000
80745.000000
89861.950000
89865.650000
89870.100000
89881.150000
89887.950000
91387.950000
97672.200000
97681.100000
98869.850000
100631.300000
102296.000000
105121.900000
106104.800000
106624.500000
108278.400000
109703.750000
110338.850000
110415.900000
112471.400000
112757.500000
115481.550000
119247.000000
119584.650000
120302.000000
120306.450000
120521.500000
120829.150000
121330.950000
121988.350000
122258.850000
122298.800000
123094.050000
123103.750000
123597.350000
123603.550000
123608.750000
123896.550000
124172.150000
124863.900000
128970.700000
131640.150000
134419.400000
138016.250000
139841.150000
143671.600000
145944.750000
145949.100000
145962.000000
148575.500000
149300.350000
149313.000000
149812.650000
150380.000000
151118.300000
153340.400000
154260.400000
155574.150000
155585.550000
158407.100000
158421.850000
160186.650000
160195.500000
160458.600000
161814.600000
163546.800000
163642.300000
163904.700000
164195.700000
164794.600000
165011.900000
165032.800000
165298.200000
165383.400000
165397.750000
165751.050000
166022.750000
166256.100000
166264.550000
166281.000000
166373.350000
166389.300000
166598.300000
166605.250000
167052.900000
167131.000000
167192.650000
167215.650000
167359.450000
167364.900000
168192.500000
168206.950000
168212.600000
168376.500000
168623.600000
168922.700000
168949.550000
168972.450000
168985.000000
169021.600000
169030.300000
169052.450000
169141.900000
169490.350000
170587.300000
170596.600000
170838.350000
171095.500000
171100.300000
171107.450000
171120.500000
171233.450000
171314.000000
171342.250000
171558.900000
171588.100000
173509.300000
175301.500000
177229.800000
178284.050000
179752.250000
180458.250000
180583.350000
180663.850000
180673.050000
180684.650000
180933.800000
181030.200000
184244.450000
186858.000000
191093.250000
191098.950000
195887.250000
196441.850000
200238.150000
200243.000000
201442.300000
203331.350000
208129.600000
208871.050000
208877.900000
208907.050000
212256.300000
212369.000000
213850.000000
214484.750000
217963.850000
219000.050000
223219.350000
223223.550000
223229.950000
225216.950000
225837.800000
227511.000000
227527.850000
230142.650000
230562.950000
233080.400000
233093.000000
234136.300000
237697.500000
241985.900000
241994.900000
247822.500000
247844.000000
248439.950000
248444.600000
248448.900000
248453.000000
248458.300000
248463.750000
248471.250000
259037.750000
261051.050000
261290.700000
264095.100000
264731.950000
277886.850000
282822.950000
284106.750000
286014.950000
295252.800000
295535.600000
295896.600000
296022.650000
296031.250000
296366.150000
296604.450000
296625.450000
296629.850000
296638.850000
296756.750000
296763.700000
296777.900000
296783.450000
297032.950000
297041.150000
297416.400000
297427.350000
297452.350000
297925.200000
299101.350000
299526.500000
299534.950000
299555.650000
303056.950000
303788.050000
304977.150000
306440.950000
307663.850000
308204.950000
310025.650000
310651.850000
312121.800000
313042.150000
315834.300000
315841.650000
317342.500000
317902.450000
317918.900000
318142.100000
318514.700000
318525.950000
318757.950000
318768.100000
318784.600000
318799.900000
318805.800000
319808.450000
319835.450000
321824.250000
321834.350000
322028.400000
322960.150000
322968.200000
326907.000000
327240.000000
333053.300000
333432.650000
333812.350000
334067.450000
334078.300000
334861.350000
335914.700000
337028.450000
337527.650000
338010.700000
338252.050000
338508.850000
340462.250000
341119.400000
341683.500000
342063.050000
342648.250000
342690.850000
343452.750000
346791.250000
347779.150000
349122.100000
349742.950000
351134.950000
351449.600000
352379.700000
353515.100000
353521.750000
354497.550000
354502.300000
354903.000000
355804.400000
355808.750000
356045.500000
356071.600000
356165.250000
356294.700000
356311.000000
356376.200000
357237.350000
357246.500000
357557.850000
357576.300000
357583.600000
357600.500000
357836.750000
357850.900000
358058.900000
358066.450000
358073.150000
358180.650000
358199.250000
358208.050000
358218.400000
358419.700000
358505.400000
358519.500000
358529.950000
359152.000000
359188.450000
359192.750000
359639.200000
359984.350000
360221.050000
360353.100000
361427.350000
361439.850000
361750.350000
361760.300000
361905.850000
362666.600000
362908.450000
363758.150000
363775.550000
364071.750000
364086.600000
364390.200000
365073.550000
368101.900000
369907.150000
370437.900000
370579.400000
370590.250000
370606.700000
371203.150000
371388.800000
371733.200000
371738.900000
371852.600000
371915.950000
372487.300000
372542.650000
372719.500000
372724.350000
372894.850000
372924.150000
373030.700000
373049.650000
373053.600000
373149.800000
374153.550000
374160.350000
374263.200000
374279.000000
377020.450000
377047.550000
377198.450000
377385.150000
377780.600000
380785.000000
381556.050000
386261.900000
388887.050000
389647.350000
389662.800000
389677.600000
392787.300000
393744.450000
395390.700000
396633.750000
401437.000000
409386.200000
409857.600000
410742.300000
411251.000000
414158.250000
416518.350000
417202.900000
417344.950000
417352.000000
418872.750000
429510.100000
430037.500000
430727.850000
431502.300000
431522.700000
448208.100000
448215.600000
448219.650000
448226.400000
449193.600000
450330.400000
451486.600000
451585.650000
451719.400000
452796.350000
454145.950000
454310.350000
458995.450000
459323.650000
459393.750000
459398.600000
464379.700000
465308.050000
467376.500000
468289.600000
468429.950000
468446.450000
469943.800000
469978.150000
472539.250000
472784.700000
473143.250000
473154.200000
473159.600000
473163.150000
473172.600000
473535.700000
474208.700000
474225.900000
474315.550000
474334.750000
474345.650000
474977.150000
474981.400000
474999.550000
475614.150000
475631.450000
475637.250000
475657.950000
475858.150000
475874.000000
475877.800000
476159.100000
476410.600000
476976.300000
476999.300000
477006.150000
477019.000000
478379.750000
478605.100000
478621.850000
478642.250000
478708.200000
479531.300000
479638.800000
479841.100000
480044.550000
480382.150000
480394.850000
480422.200000
480639.500000
481645.200000
481648.700000
481662.250000
481822.450000
481839.000000
482045.850000
482379.350000
482383.700000
482387.300000
483038.600000
483063.000000
483479.500000
484352.900000
484787.100000
485079.150000
486161.350000
486333.000000
486394.500000
486679.350000
486706.200000
486809.800000
486815.850000
486825.100000
486985.750000
486996.500000
487210.150000
487894.400000
487909.150000
488350.450000
488487.400000
488928.150000
488941.200000
489355.300000
489360.900000
489372.900000
489376.900000
489661.200000
490150.700000
490173.400000
490197.250000
490309.950000
490454.000000
490483.950000
491373.300000
492856.250000
492974.750000
493614.350000
495327.500000
495361.600000
495530.550000
495637.000000
495664.150000
495860.350000
495913.650000
497167.150000
497346.500000
497570.200000
497708.850000
497816.850000
497846.350000
497865.900000
497872.600000
498454.450000
498996.200000
499001.850000
499035.300000
499302.700000
499317.450000
499734.000000
499825.350000
499832.950000
499977.750000
500007.900000
500283.100000
500288.750000
500533.250000
500543.400000
500549.950000
501250.250000
501257.750000
501266.950000
502912.400000
503128.700000
503134.350000
503487.650000
504548.050000
505080.200000
509619.250000
510663.700000
510678.100000
510919.950000
511240.300000
511273.000000
511351.000000
514341.800000
514351.850000
517716.100000
525537.550000
527907.300000
530342.100000
538798.650000
538804.900000
538809.350000
540553.550000
542804.250000
543810.350000
544333.650000
544531.900000
554109.600000
557750.450000
561935.350000
570654.750000
574940.850000
575047.000000
575934.300000
575937.550000
575940.900000
575946.700000
578377.000000
578383.750000
582106.100000
589084.550000
592081.800000
593124.600000
593494.850000
593503.300000
593522.650000
594651.200000
594874.950000
594890.100000
594896.050000
595262.250000
596800.700000
596808.400000
597163.600000
597445.350000
597557.550000
597600.900000
597608.050000
597611.750000
597620.750000
597627.850000
598913.350000
598917.950000
599964.450000
601349.350000
601474.900000
605412.650000
605421.850000
605548.250000
605923.600000
606456.200000
607115.900000
607121.700000
607356.300000
607388.200000
607409.950000
608033.200000
608138.550000
608207.850000
608235.950000
608525.000000
608644.950000
609538.900000
610202.000000
610222.350000
610227.600000
610233.100000
610832.600000
610875.350000
610987.750000
611659.900000
611665.050000
615211.700000
615686.300000
615978.600000
617145.150000
618909.650000
618924.800000
619089.800000
619111.000000
619759.000000
619765.050000
619779.850000
626358.400000
628190.400000
628566.850000
628718.650000
629892.000000
633012.750000
634590.500000
634942.500000
635386.650000
635874.100000
637513.450000
638731.550000
648366.200000
650933.550000
653559.650000
658934.350000
659103.250000
663554.750000
664276.550000
664442.700000
667531.500000
672469.450000
676417.500000
680265.550000
689741.550000
691946.550000
692933.850000
697953.000000
710169.800000
711212.950000
711223.550000
717116.500000
717481.100000
717485.850000
719469.500000
719495.350000
720108.150000
722213.700000
722232.500000
722589.650000
723415.550000
724291.550000
724936.400000
725114.200000
725706.400000
725726.150000
726944.550000
726951.150000
727084.950000
728663.350000
729330.250000
738374.950000
740210.600000
740865.650000
744987.950000
745871.900000
745902.100000
745911.450000
746449.050000
746759.800000
747470.400000
747542.600000
749054.100000
749166.150000
749181.750000
749188.250000
749193.400000
749198.250000
749210.500000
750458.450000
751059.400000
751075.450000
751619.050000
753063.050000
753501.250000
755143.650000
755273.100000
755947.300000
757174.450000
757750.750000
758356.400000
760017.400000
760029.950000
760595.150000
762969.150000
766538.400000
770436.400000
770476.250000
771015.650000
771696.050000
772332.200000
772616.000000
772903.100000
773366.900000
775505.850000
775531.200000
776231.800000
776709.050000
777457.150000
777996.100000
778005.550000
778009.350000
778394.000000
778697.150000
779017.350000
780092.750000
780437.800000
781379.650000
782141.000000
782536.300000
784136.500000
784492.350000
785033.600000
785281.150000
785883.350000
785887.350000
787328.500000
787616.200000
787620.900000
787953.550000
788735.450000
788744.550000
789508.950000
789808.300000
791569.550000
792205.300000
795822.700000
796004.700000
803056.550000
803668.200000
804126.550000
804989.650000
804993.900000
805358.150000
805363.250000
805380.650000
807855.800000
807861.700000
807866.150000
807870.750000
807878.300000
808621.550000
817131.200000
820289.600000
820298.050000
820306.300000
836912.300000
846276.050000
846289.250000
850964.250000
877998.150000
878006.250000
878014.750000
883714.650000
889433.850000
892824.050000
893493.550000
898983.850000
899651.250000
899674.200000
900414.350000
901336.350000
911998.200000
912002.900000
912423.800000
912633.050000
917316.000000
923045.450000
923051.050000
923054.950000
923060.450000
927044.300000
927054.500000
950697.400000
951224.050000
961816.400000
962376.150000
962797.750000
962806.500000
962827.300000
962905.050000
965322.700000
978323.650000
986736.550000
986741.100000
986744.950000
1000634.800000
1012912.650000
1017974.400000
1017979.450000
1017982.700000
1017986.600000
1017995.650000
1029412.950000
1029866.100000
1029876.200000
1046779.950000
1046786.050000
1046789.350000
1046792.850000
1047296.300000
1047314.300000
1048020.000000
1048715.800000
1048720.600000
1055156.600000
1057039.700000
1057500.600000
1063000.850000
1063012.650000
1063017.450000
1063721.700000
1064442.250000
1069694.500000
1072117.400000
1074717.450000
1074982.400000
1087741.700000
1091336.950000
1091433.500000
1091457.700000
1091463.600000
1102122.150000
1102943.500000
1104841.250000
1112758.600000
1113425.700000
1115016.000000
1117714.350000
1118579.600000
1133284.600000
1137076.500000
1137088.050000
1141268.400000
1141734.450000
1141738.600000
1141746.100000
1141754.100000
1141760.400000
1141799.600000
1147730.900000
1157537.900000
1160816.450000
1164055.200000
1164062.550000
1164433.950000
1168876.000000
1169466.350000
1174461.100000
1174901.250000
1174906.600000
1181816.700000
1182447.550000
1186523.800000
1192285.450000
1193126.500000
1193825.300000
1193963.500000
1194993.800000
1198910.900000
1201063.900000
1219227.650000
1219434.800000
1225779.900000
1241933.150000
1241939.350000
1242002.200000
1251099.150000
1252791.800000
1252810.800000
1252817.150000
1252832.350000
1257661.850000
1263063.900000
1266017.050000
1266024.450000
1266029.200000
1281430.750000
1299626.100000
1299633.700000
1299639.050000
1299643.550000
1299655.600000
1300546.400000
1300915.200000
1300919.700000
1304381.450000
1306952.950000
1310626.200000
1324365.200000
1324370.500000
1332433.500000
1332446.400000
1332451.350000
1332457.000000
1333297.100000
1347409.050000
1350520.150000
1360947.250000
1360952.650000
1362064.700000
1368284.150000
1368290.500000
1368294.150000
1381747.250000
1383479.700000
1383492.250000
1383500.550000
1383506.000000
1383510.850000
1383516.300000
1383688.400000
1383694.400000
1383719.050000
1401381.800000
1410038.250000
1411619.700000
1416641.900000
1416652.200000
1419447.250000
1419944.100000
1424483.050000
1434020.400000
1444386.050000
1444395.150000
1450740.600000
1450749.500000
1459801.250000
1462042.050000
1467530.400000
1467642.950000
1468450.850000
1474340.450000
1481494.850000
1483002.800000
1493820.300000
1495182.750000
1496814.450000
1496820.750000
1500719.350000
1501123.000000
1501308.050000
1501573.100000
1501961.100000
1501965.600000
1503280.150000
1504753.950000
1504844.300000
1504851.750000
1508482.950000
1511026.800000
1512999.650000
1513040.100000
1513046.550000
1513051.250000
1515294.250000
1518830.800000
1518835.350000
1520674.550000
1520916.950000
1520936.800000
1521416.200000
1521470.750000
1522937.950000
1541472.450000
1558405.850000
1559288.650000
1560370.000000
1564240.650000
1565392.750000
1566745.650000
1566824.450000
1566827.200000
1567111.650000
1567115.600000
1567851.600000
1572166.250000
1572264.850000
1591779.550000
1596128.800000
1597443.250000
1598725.500000
1612627.300000
1612633.150000
1612637.300000
1615396.850000
1622141.200000
1629421.100000
1632389.500000
1632428.150000
1632434.200000
1632437.800000
1632440.950000
1632447.150000
1632453.000000
1632458.000000
1633413.100000
1633931.250000
1633935.750000
1633942.300000
1640088.300000
1640095.950000
1649146.500000
1651381.150000
1651389.600000
1655459.300000
1655542.050000
1668448.100000
1668562.200000
1668921.250000
1668930.500000
1669698.650000
1669756.750000
1670869.200000
1672155.750000
1673561.100000
1682456.700000
1687935.650000
1688249.200000
1689198.950000
1689450.150000
1689610.900000
1689650.100000
1702050.800000
1702083.150000
1702636.900000
1713604.800000
1714158.250000
1714177.650000
1720712.750000
1721488.750000
1739055.500000
1739835.750000
1742949.000000
1744174.300000
1746224.900000
1746232.250000
1750200.400000
1766930.300000
1766936.700000
1772144.550000
1773381.550000
1773402.750000
1773408.050000
1773420.150000
1777836.200000
1777842.650000
1778050.850000
1779036.900000
1779043.450000
1779051.150000
1779055.950000
1780518.150000
1782227.750000
1784127.050000
1784133.300000
1809611.400000
1810223.950000
1811130.750000
1820280.900000
1831926.550000
1852717.250000
1852747.850000
1852818.600000
1855757.500000
1863502.000000
1891162.150000
1891203.600000
1895446.750000
1895558.250000
1895802.700000
1916769.000000
1916776.500000
1918451.050000
1925496.950000
1938543.300000
1938548.600000
1939878.100000
1940512.350000
1948174.350000
1951073.450000
1951632.450000
1951665.600000
1951672.800000
1951675.550000
1952031.400000
1957468.500000
1958398.850000
1958427.550000
1959164.200000
1960109.550000
1973199.700000
1991702.150000
1992306.650000
1992830.550000
1992857.600000
1992871.800000
2001608.450000
2001613.000000
2001616.700000
2006863.100000
2012490.300000
2015256.200000
2016832.000000
2020088.750000
2020792.250000
2039874.450000
2039997.050000
2040002.950000
2040006.800000
2040145.150000
2046199.000000
2046205.500000
2047529.400000
2047926.300000
2047933.150000
2047950.850000
2062120.350000
2090330.300000
2098204.300000
2104524.050000
2107127.550000
2107132.650000
2108790.500000
2109714.400000
2111019.850000
2127209.500000
2135692.400000
2135704.350000
2135710.950000
2135714.050000
2135717.650000
2135721.200000
2135725.100000
2135732.800000
2135738.150000
2135744.150000
2143059.800000
2154671.100000
2157481.050000
2163894.200000
2165092.700000
2165637.800000
2166586.450000
2169102.750000
2172823.850000
2185970.050000
2186263.250000
2193326.800000
2196161.200000
2202322.050000
2209525.150000
2219824.250000
2219830.550000
2228229.750000
2234817.550000
2234822.900000
2234832.900000
2234843.500000
2258355.400000
2258411.300000
2258510.600000
2258525.250000
2258551.750000
2260275.500000
2276366.200000
2277237.600000
2277299.350000
2277659.500000
2277663.450000
2280559.700000
2280567.350000
2285236.350000
2285745.950000
2285788.250000
2285794.700000
2302354.400000
2306666.350000
2339967.850000
2347676.250000
2358149.800000
2362660.450000
2377229.300000
2379436.700000
2379447.800000
2379473.200000
2380965.800000
2381615.200000
2385048.950000
2388450.600000
2389677.450000
2419277.600000
2426297.150000
2428336.150000
2428373.950000
2435888.400000
2442569.700000
2443025.250000
2444001.550000
2444091.750000
2444103.400000
2444113.550000
2452203.250000
2452215.300000
2459735.550000
2466115.100000
2466122.350000
2467204.000000
2467241.750000
2471326.250000
2471659.150000
2472820.850000
2475076.200000
2475195.250000
2490096.200000
2492357.750000
2492363.900000
2493673.150000
2495274.400000
2495287.400000
2495389.850000
2502246.450000
2502482.000000
2517377.600000
2517466.600000
2517487.500000
2518484.150000
2519728.850000
2519742.800000
2521535.950000
2527074.400000
2527446.750000
2528541.150000
2528551.700000
2528969.400000
2529939.150000
2529953.150000
2531026.650000
2532588.400000
2549006.050000
2563469.100000
2563620.900000
2563628.600000
2563748.500000
2563772.700000
2586767.500000
2588799.000000
2589195.300000
2589203.900000
2589209.100000
2589218.000000
2589223.550000
2590649.550000
2591139.400000
2591484.800000
2593675.200000
2601376.450000
2617998.150000
2619360.550000
2619404.050000
2644680.350000
2644689.850000
2644699.000000
2651650.850000
2651660.950000
2654395.450000
2654976.100000
2663035.600000
2707135.250000
2713344.750000
2714023.550000
2723938.650000
2723957.850000
2723968.000000
2723972.500000
2724911.100000
2729288.100000
2729292.750000
2732968.750000
2733514.050000
2733571.900000
2734202.400000
2734827.500000
2737885.950000
2738178.850000
2750850.800000
2750877.950000
2752470.300000
2752483.200000
2759287.700000
2766722.400000
2768321.550000
2768325.950000
2768453.100000
2771844.950000
2776381.450000
2776393.550000
2776397.750000
2776401.900000
2777020.200000
2777042.800000
2779191.600000
2779201.500000
2779672.600000
2780081.500000
2787979.550000
2787998.200000
2788066.000000
2788071.400000
2788075.950000
2788099.500000
2790424.100000
2793208.550000
2794343.500000
2794424.000000
2794450.950000
2796171.400000
2796177.050000
2801526.650000
2822256.000000
2823202.350000
2824059.350000
2826870.900000
2831808.900000
2833515.200000
2834170.900000
2834177.750000
2848256.450000
2849597.400000
2849620.500000
2851486.600000
2851493.050000
2851498.700000
2851519.400000
2851527.450000
2854984.600000
2854988.750000
2854991.900000
2854995.250000
2854999.200000
2863410.850000
2875508.450000
2876916.500000
2876927.300000
2876931.850000
2876937.450000
2885633.050000
2886755.400000
2886765.900000
2887420.500000
2893148.550000
2903151.500000
2904622.150000
2910916.200000
2913696.150000
2913703.500000
2917386.750000
2917391.100000
2917401.400000
2947838.050000
2948764.900000
2954667.900000
2958599.950000
2958749.500000
2964833.650000
2967637.850000
2971032.000000
2976926.550000
2976935.650000
2981794.100000
2984349.600000
2984640.850000
2985357.400000
2986165.550000
2986176.700000
2986267.100000
2995071.700000
3005153.650000
3010028.800000
3023052.550000
3031700.500000
3034147.600000
3036172.750000
3044951.800000
3053467.500000
3053568.000000
3057773.800000
3063476.850000
3064150.100000
3066367.950000
3066381.250000
3069363.900000
3069454.350000
3069652.300000
3080610.100000
3089169.450000
3098016.850000
3103510.950000
3120519.850000
3120528.700000
3120532.550000
3127476.900000
3132359.550000
3134792.200000
3135825.800000
3151205.700000
3151218.800000
3151222.650000
3151230.300000
3157465.250000
3157526.300000
3158854.500000
3173545.750000
3175359.250000
3176436.650000
3176479.400000
3176782.900000
3180900.800000
3180910.700000
3186520.850000
3188942.750000
3194261.050000
3194273.450000
3195060.200000
3206783.550000
3212034.150000
3212046.550000
3219051.400000
3219302.800000
3219310.500000
3220548.000000
3223831.200000
3224394.350000
3224430.600000
3224436.900000
3224445.200000
3230773.450000
3233911.750000
3233920.350000
3234035.000000
3236465.050000
3236469.700000
3236485.150000
3236492.650000
3236500.100000
3246031.650000
3246089.500000
3247950.450000
3247956.250000
3248198.850000
3251068.750000
3251077.300000
3251080.050000
3251084.100000
3253153.200000
3253271.700000
3253667.100000
3267208.150000
3267687.400000
3274266.950000
3275812.750000
3275822.800000
3275826.700000
3275836.750000
3275841.500000
3275855.950000
3279930.500000
3287129.500000
3287135.400000
3287140.300000
3287150.800000
3305556.500000
3306166.550000
3316678.450000
3328843.200000
3333377.950000
3336853.400000
3336860.750000
3338720.650000
3338726.750000
3358051.100000
3363933.300000
3364214.500000
3364232.350000
3372159.400000
3372439.350000
3372443.050000
3373896.850000
3373907.500000
3375279.700000
3376602.300000
3386246.400000
3392011.900000
3392028.700000
3393043.400000
3393049.150000
3393053.750000
3393057.150000
3403187.050000
3404618.400000
3419619.600000
3424892.000000
3426447.550000
3426490.600000
3435347.900000
3436358.050000
3436702.300000
3449245.750000
3449965.150000
3454515.250000
3455409.300000
3459925.000000
3465676.750000
3473037.950000
3478323.500000
3491953.300000
3491965.950000
3491975.650000
3504157.300000
3504555.200000
3504560.500000
3504564.750000
3504569.350000
3504576.600000
3504783.850000
3504791.000000
3505368.450000
3505377.400000
3511899.400000
3512313.500000
3512402.550000
3515088.200000
3517810.150000
3518243.500000
3518265.450000
3518292.650000
3520053.950000
3521687.200000
3521697.950000
3522182.600000
3532036.150000
3542677.800000
3545372.200000
3546438.700000
3550567.550000
3551411.300000
3551882.250000
3551885.700000
3551888.750000
3551893.200000
3552003.450000
3555360.850000
3556397.500000
3570800.500000
3571781.100000
3571786.100000
3571790.800000
3571798.150000
3571803.600000
3571896.450000
3583205.000000
3583212.250000
3583215.650000
3583222.300000
3583226.150000
3587407.350000
