5552.050000
9398.400000
9403.700000
30326.500000
30379.550000
34126.550000
34574.300000
34614.900000
70247.500000
80174.450000
81945.450000
81959.800000
82101.000000
82112.950000
82122.800000
94339.100000
97834.600000
97838.100000
99743.300000
100000.150000
101026.850000
101029.900000
101033.500000
101038.800000
108032.400000
119598.050000
119603.300000
119606.700000
119618.450000
119813.300000
122620.450000
122760.650000
123791.250000
123893.850000
123897.450000
126245.450000
160030.400000
165199.600000
265482.800000
308664.100000
336612.700000
336621.650000
337225.150000
337230.300000
337255.550000
337259.200000
337325.400000
339063.250000
342989.200000
342997.150000
343030.100000
343262.800000
343376.350000
343559.550000
343586.750000
344211.900000
344531.450000
406371.300000
406463.500000
406466.400000
406470.300000
406478.350000
406524.950000
406548.950000
407488.650000
407718.050000
407949.650000
408378.600000
408431.650000
409124.800000
409226.450000
409264.450000
409824.950000
409827.600000
424415.900000
424429.950000
425378.750000
434680.050000
436007.100000
443131.400000
443171.350000
443182.750000
444651.350000
444654.750000
447400.500000
448449.950000
448453.200000
448457.100000
448574.500000
448973.100000
449068.100000
449132.400000
449144.750000
450085.550000
450089.400000
548580.750000
562450.200000
562465.400000
562471.100000
562479.650000
564741.300000
564862.400000
577645.850000
577651.050000
577654.450000
645918.350000
649068.500000
661603.950000
661839.200000
661995.650000
663889.900000
663893.550000
663899.600000
664161.900000
664170.150000
665513.050000
665517.850000
665570.550000
667808.750000
667822.350000
669913.000000
670082.700000
695448.450000
706604.700000
818821.200000
821118.400000
828823.450000
837694.500000
881505.200000
905586.900000
935456.750000
962831.450000
1018086.950000
1020902.050000
1020921.250000
1021118.600000
1021122.950000
1028317.750000
1028526.000000
1076730.400000
1111464.300000
1128732.700000
1148646.500000
1166395.850000
1166398.700000
1167049.450000
1167197.300000
1167232.500000
1167237.100000
1180422.450000
1180513.200000
1180956.700000
1190986.650000
1256281.050000
1259648.150000
1259653.900000
1259657.550000
1259660.850000
1259667.000000
1266140.550000
1266187.500000
1266191.550000
1268958.250000
1268964.750000
1270709.200000
1270719.250000
1271059.450000
1348870.000000
1349402.800000
1349846.950000
1349852.500000
1349868.100000
1349874.850000
1350947.500000
1352504.950000
1353353.600000
1353359.350000
1361549.650000
1361557.700000
1363044.850000
1363050.400000
1363155.600000
1368695.250000
1368707.000000
1370606.000000
1381886.050000
1383132.850000
1385583.250000
1389036.550000
1390228.800000
1390232.700000
1401679.300000
1402149.400000
1415042.400000
1416747.950000
1416753.450000
1419558.700000
1448197.750000
1538365.550000
1538597.600000
1551673.650000
1560092.600000
1564664.100000
1565409.650000
1565419.600000
1565423.350000
1572418.500000
1611158.150000
1611173.400000
1614949.850000
1623196.700000
1631309.400000
1631314.800000
1631317.800000
1647766.100000
1652077.950000
1654398.150000
1672503.200000
1673093.500000
1685424.350000
1686892.000000
1686944.450000
1686948.400000
1686955.150000
1686959.800000
1687932.350000
1687937.350000
1687940.150000
1690162.900000
1699040.700000
1701591.300000
1710885.800000
1712323.600000
1721797.100000
1721829.650000
1742889.350000
1747541.750000
1749909.800000
1750450.850000
1770151.900000
1770162.800000
1773297.650000
1773848.500000
1779320.400000
1783032.500000
1783382.050000
1783392.850000
1812959.500000
1849716.950000
1854710.750000
1867288.100000
1867501.450000
1867507.900000
1870019.650000
1870433.750000
1870473.450000
1870484.550000
1870489.550000
1892473.700000
1892826.900000
1892830.650000
1892833.750000
1900704.800000
1902823.900000
1902835.250000
1914328.350000
1914333.900000
1914336.450000
1914559.800000
1924150.750000
1938316.400000
1950312.900000
1956776.000000
1960027.800000
1988884.250000
2006714.700000
2007427.250000
2007429.950000
2007432.650000
2007436.100000
2015738.550000
2017580.550000
2019146.400000
2020731.150000
2022604.850000
2023082.150000
2054449.300000
2114073.800000
2114085.750000
2131930.150000
2135470.000000
2143994.350000
2143997.650000
2166220.500000
2166229.200000
2167563.600000
2167567.800000
2168835.150000
2168844.200000
2168847.700000
2168861.000000
2170567.600000
2188925.700000
2188933.750000
2191954.100000
2195164.400000
2198141.300000
2202007.150000
2202368.500000
2273706.150000
2273719.300000
2273722.350000
2284521.500000
2287091.900000
2311071.750000
2322812.600000
2349379.800000
2353735.750000
2353739.850000
2353760.100000
2353763.500000
2373141.100000
2373400.700000
2376036.750000
2415251.450000
2429440.500000
2429447.650000
2429478.000000
2431223.700000
2439933.350000
2440670.850000
2442956.000000
2457357.900000
2457361.500000
2457367.350000
2459276.700000
2459340.450000
2459348.650000
2467226.800000
2488139.350000
2488145.900000
2488149.500000
2488215.550000
2488964.700000
2496428.650000
2496966.400000
2497055.200000
2497059.650000
2497293.450000
2517472.100000
2524335.800000
2528976.450000
2547174.350000
2555298.800000
2555302.850000
2555306.100000
2555310.850000
2555315.600000
2555320.300000
2620684.150000
2635878.800000
2650215.050000
2655623.650000
2655627.100000
2664851.400000
2674455.050000
2674458.150000
2674461.050000
2674465.450000
2674469.850000
2674474.600000
2676612.800000
2676616.800000
2680078.250000
2708499.450000
2714697.150000
2714708.450000
2723491.550000
2730779.800000
2731920.050000
2732619.250000
2734455.550000
2735977.150000
2751885.750000
2766150.350000
2769222.800000
2770635.250000
2773371.850000
2773375.800000
2795037.900000
2796564.000000
2798645.350000
2802661.000000
2804411.950000
2805179.600000
2817971.950000
2830392.900000
2835597.550000
2850361.200000
2855839.050000
2858425.050000
2859075.750000
2859081.450000
2859085.400000
2859585.800000
2861328.000000
2875346.400000
2875845.350000
2875849.950000
2885086.500000
2888833.700000
2888841.700000
2901894.550000
2904964.200000
2904972.650000
2905996.250000
2910199.750000
2910957.550000
2910963.600000
2910969.250000
2910972.850000
2910976.300000
2916701.200000
2925552.450000
2940129.750000
2948841.200000
2949278.850000
2952119.850000
2966007.200000
3039017.800000
3039031.500000
3057430.700000
3063210.050000
3068286.950000
3068305.850000
3068314.450000
3070541.250000
3070545.600000
3070549.300000
3070554.500000
3103863.200000
3134185.600000
3134192.600000
3134197.250000
3134812.600000
3136161.300000
3141220.750000
3141225.650000
3144547.800000
3147754.450000
3151678.500000
3151692.550000
3151696.000000
3155871.600000
3173647.700000
3174507.400000
3175631.800000
3181583.100000
3181587.350000
3188211.000000
3212183.350000
3213905.100000
3216564.000000
3216569.400000
3220778.900000
3220785.050000
3220796.400000
3226045.450000
3235093.850000
3237261.400000
3237267.850000
3237271.450000
3238525.650000
3247944.000000
3247947.600000
3247952.450000
3247955.750000
3248851.500000
3249482.200000
3255637.600000
3256603.200000
3256610.000000
3280127.400000
3309067.900000
3309072.550000
3329334.100000
3333397.100000
3338893.050000
3339348.800000
3339714.950000
3341488.450000
3341612.700000
3342374.100000
3343564.850000
3343569.050000
3368582.500000
3376684.950000
3393061.300000
3393067.950000
3393073.900000
3397196.200000
3397201.300000
3398042.250000
3398050.500000
3401512.300000
3402310.350000
3404915.800000
3427358.650000
3450218.400000
3454711.700000
3454729.000000
3454732.250000
3454735.500000
3454818.850000
3454822.000000
3487174.750000
3496703.900000
3506107.800000
3515132.600000
3517978.650000
3521825.800000
3522676.250000
3549161.650000
3549165.750000
3549169.250000
3549172.500000
3549181.800000
3549189.650000
3551463.250000
3551467.800000
3556574.850000
3561240.850000
