944.050000
2540.750000
3535.150000
4153.100000
4341.150000
5316.750000
5895.900000
6047.150000
7487.800000
7954.750000
9927.350000
12945.850000
16868.450000
17903.150000
19360.750000
19372.650000
20323.550000
20327.200000
21012.600000
21020.400000
21025.550000
21029.900000
22354.350000
22441.600000
22599.650000
26838.600000
28107.400000
28124.300000
28157.700000
28839.150000
28846.500000
28855.500000
28860.950000
28938.450000
28944.550000
34509.850000
34987.200000
36266.450000
37343.850000
38821.800000
40018.050000
40999.200000
41467.200000
42393.700000
43213.850000
43248.100000
46152.300000
46171.800000
46179.000000
48088.050000
48100.300000
49836.200000
49842.300000
49846.500000
52314.350000
52338.650000
56249.200000
56328.400000
56635.550000
57076.650000
57081.700000
57413.350000
57437.200000
57441.750000
57452.050000
58688.400000
60544.800000
61901.000000
61912.550000
62418.550000
62427.250000
62435.600000
62441.500000
62449.100000
65373.950000
65583.050000
66186.950000
68121.700000
69165.550000
69171.550000
70279.350000
70349.700000
71713.150000
73317.800000
75429.750000
75593.100000
79306.400000
79319.300000
79329.200000
79334.000000
79339.350000
79367.450000
79375.450000
79462.600000
81878.400000
81960.300000
81966.500000
86374.000000
86524.500000
86897.400000
88387.850000
88516.450000
89781.700000
89847.200000
89852.100000
90471.000000
92022.200000
92028.850000
92323.950000
92330.100000
93681.750000
97010.300000
97704.250000
98741.300000
99364.450000
99460.800000
102262.200000
103425.050000
105829.850000
106643.450000
106655.300000
106889.100000
108473.800000
108958.300000
108969.900000
108980.000000
112306.900000
112450.150000
113528.950000
114768.800000
117325.450000
118433.150000
118449.300000
119302.550000
119310.300000
119618.700000
120322.600000
122327.650000
123097.750000
123111.500000
124170.850000
125418.600000
126183.650000
126522.500000
127005.950000
127020.450000
128727.850000
128962.200000
129169.000000
130651.750000
130718.950000
131117.350000
131272.950000
133001.300000
133007.200000
133013.550000
134341.950000
139213.300000
139579.150000
141669.000000
142349.050000
142634.150000
145153.150000
145416.700000
145945.600000
151127.300000
153361.750000
154244.950000
154248.300000
154252.850000
158411.550000
159391.000000
160440.550000
160451.900000
160456.000000
160756.850000
162188.000000
162195.550000
162478.400000
162893.700000
163564.350000
163634.950000
166382.650000
166592.800000
166962.250000
167037.000000
171908.050000
175565.800000
178359.850000
179741.000000
179984.150000
180495.650000
180654.950000
180896.300000
181627.600000
182314.600000
184788.150000
185639.250000
200233.450000
200243.300000
200252.900000
201071.700000
201593.950000
201812.150000
201823.100000
202592.550000
205369.100000
205871.600000
206616.200000
207567.850000
207846.350000
208440.300000
208894.200000
212243.200000
212249.200000
212269.450000
213136.050000
213143.250000
214361.950000
214481.550000
214486.500000
214569.650000
214575.650000
215896.250000
216089.700000
217006.950000
217518.400000
219211.900000
219813.100000
221342.550000
221347.900000
221351.500000
221355.900000
222740.450000
223152.450000
223209.350000
223212.950000
223427.950000
223559.150000
223599.900000
224133.550000
224355.200000
227132.550000
228092.000000
230612.650000
232976.150000
233087.350000
233629.750000
233727.300000
233782.050000
233790.700000
233799.300000
234321.100000
235192.450000
235415.100000
236016.450000
236103.850000
237721.550000
238251.900000
239588.550000
239679.150000
239754.050000
241911.650000
241984.350000
242269.750000
242534.100000
242633.950000
244966.850000
245887.150000
246382.400000
246387.050000
246760.950000
246871.900000
246878.650000
246883.650000
246895.900000
246909.850000
246923.100000
247016.500000
247024.700000
247047.700000
247153.600000
247165.400000
247349.000000
247507.700000
248454.650000
248462.400000
248510.750000
248740.250000
250433.000000
251073.750000
251440.300000
252533.600000
253021.500000
254336.300000
257797.100000
258727.750000
258801.050000
258809.900000
259660.500000
259664.550000
259670.850000
259676.900000
259698.550000
260846.400000
260851.000000
260858.600000
260993.850000
262655.200000
262673.100000
262845.500000
263064.100000
263706.850000
263717.850000
263938.650000
265874.950000
266203.700000
266239.450000
267510.250000
267702.400000
267707.350000
267714.550000
270787.500000
271607.500000
271611.600000
271637.000000
272702.750000
277939.350000
279604.100000
280723.950000
282805.800000
282821.950000
282826.400000
282828.400000
284596.350000
285297.850000
285405.400000
292934.500000
293064.500000
293298.750000
293430.500000
293451.300000
294084.850000
294171.950000
294180.750000
294934.250000
295512.900000
295861.150000
296459.950000
297171.000000
298689.200000
299120.600000
299360.550000
299375.500000
300381.600000
301149.800000
302224.150000
302955.100000
303775.900000
303784.400000
303918.000000
305025.950000
306234.700000
307135.400000
307651.500000
307700.550000
310001.750000
310134.300000
310596.300000
310631.800000
310637.550000
311878.200000
311899.850000
314089.100000
314551.750000
315025.100000
315036.250000
315665.550000
315832.400000
316115.000000
316958.700000
316989.400000
317046.550000
317348.150000
317768.450000
317779.800000
317787.300000
317877.200000
317912.050000
318025.900000
318116.200000
319781.000000
319802.300000
320541.750000
321422.250000
322906.050000
323447.300000
324101.800000
325101.850000
327245.850000
328140.550000
329372.950000
330732.950000
331311.000000
332959.250000
333608.400000
335426.600000
335578.250000
340456.750000
340461.100000
340472.850000
342084.600000
345472.750000
346208.350000
347157.650000
347304.150000
347855.900000
348266.650000
349125.100000
349956.500000
349987.550000
351291.400000
351419.500000
351431.500000
352211.250000
352711.850000
352727.650000
353517.350000
353631.700000
354327.750000
354339.150000
354351.900000
354889.750000
354902.200000
355263.750000
355681.450000
356295.650000
359601.100000
362421.850000
367465.750000
367710.500000
368297.850000
368554.250000
369625.950000
369763.900000
370698.900000
372050.150000
375264.050000
375456.550000
375947.250000
376551.250000
376552.250000
376703.100000
380828.550000
383975.800000
388525.600000
390266.600000
390277.300000
390282.900000
395628.000000
396624.100000
396636.000000
398589.450000
398848.050000
401001.150000
401431.700000
403840.650000
406883.250000
407188.700000
408072.850000
410129.200000
411117.650000
411249.950000
411914.400000
411917.750000
415608.500000
416485.100000
417197.550000
418160.950000
418704.550000
418873.100000
418883.500000
419580.150000
419614.000000
421080.250000
425552.150000
426067.300000
426405.850000
428298.100000
428965.950000
429730.100000
430092.350000
430331.000000
430334.300000
430657.100000
430699.900000
430916.700000
430920.550000
430938.800000
433804.850000
434128.250000
434170.750000
436726.300000
444220.350000
447449.050000
449853.050000
453682.700000
459384.700000
460532.450000
461783.100000
464434.300000
464446.850000
464675.400000
464679.550000
465176.100000
465285.700000
465310.350000
465572.450000
465697.600000
467502.950000
467870.000000
468282.900000
468662.150000
468832.200000
469756.250000
469771.450000
469973.150000
470677.600000
470857.000000
470860.700000
471329.700000
471448.000000
472275.900000
472293.350000
472416.550000
473125.350000
474060.700000
474097.900000
474973.900000
476494.700000
486452.500000
488962.850000
490724.050000
493980.050000
494990.800000
495625.600000
502848.150000
506060.250000
506066.600000
510980.550000
511567.350000
512145.800000
513952.050000
514744.600000
514753.000000
514771.700000
516127.050000
517988.600000
519385.650000
523701.350000
529926.550000
530646.950000
533680.700000
533960.700000
534972.900000
537986.600000
538614.950000
539215.600000
546973.350000
547965.850000
547984.150000
550227.600000
552253.400000
554766.700000
554788.150000
555315.200000
557749.950000
559296.600000
559996.350000
560001.350000
560600.300000
560608.150000
560612.150000
561592.550000
561944.700000
564901.850000
565263.550000
565281.600000
565684.700000
566814.500000
566818.800000
567540.500000
567547.300000
568748.100000
571237.800000
571535.450000
571541.050000
571549.250000
571555.350000
571561.600000
571664.450000
573025.100000
575061.650000
575525.000000
576485.050000
576489.200000
576746.850000
578206.100000
578377.050000
578382.950000
580848.350000
581909.400000
581960.250000
582109.400000
582114.550000
582119.850000
585448.250000
586039.850000
586072.700000
586088.100000
586736.500000
589563.250000
589954.950000
591902.050000
592153.650000
592175.600000
592381.900000
592408.350000
592412.300000
593100.550000
594728.550000
595733.950000
595880.400000
596606.400000
598148.700000
600262.700000
602507.350000
611378.400000
611484.650000
611621.950000
615779.900000
617908.250000
618365.950000
620193.900000
621936.300000
624870.600000
625102.750000
631261.000000
633500.450000
635683.850000
638020.250000
640958.050000
641139.850000
641633.600000
643416.000000
645803.750000
647681.200000
648369.300000
648376.500000
651482.000000
652612.950000
652619.750000
652629.750000
659112.550000
659121.800000
661834.400000
661850.150000
664873.300000
664879.600000
665575.650000
665594.300000
667928.950000
668275.250000
671651.450000
672474.300000
673326.950000
676838.300000
679349.950000
679537.500000
679549.250000
681989.700000
683282.500000
684524.500000
685601.600000
690130.200000
690854.000000
690872.850000
691713.550000
691824.450000
691873.500000
692882.850000
693213.550000
695305.000000
695600.500000
695990.250000
696368.600000
696578.100000
698395.000000
699272.450000
699376.850000
699429.600000
700187.400000
701239.800000
702587.800000
704083.650000
707582.800000
707629.800000
707638.050000
710149.500000
710315.300000
710579.550000
710680.400000
711202.350000
711208.350000
712774.400000
713733.600000
714389.850000
714399.500000
715253.650000
716166.950000
716182.500000
717003.950000
717621.850000
717939.050000
720687.250000
720844.350000
720849.500000
720853.450000
720857.300000
721401.900000
722075.850000
722084.500000
722493.250000
722496.800000
722500.700000
722505.100000
722785.350000
722954.100000
723394.400000
723926.350000
723947.050000
725100.600000
725571.900000
725830.500000
726428.400000
726700.350000
726716.550000
726829.250000
727069.550000
727177.500000
727277.350000
727381.000000
728661.750000
728694.050000
729136.850000
729140.700000
729274.250000
729443.950000
729448.200000
729718.500000
730247.150000
730563.800000
731078.050000
735849.100000
736385.950000
736389.850000
736614.250000
738704.150000
738734.400000
738895.750000
739851.600000
740922.900000
742478.850000
742852.100000
743434.850000
743449.800000
744315.300000
744856.550000
745822.300000
745835.800000
745868.100000
746774.850000
747014.350000
747524.800000
748315.000000
748649.900000
748655.500000
749408.350000
749873.300000
749877.550000
749881.500000
749885.550000
751039.500000
751052.750000
751056.650000
751062.500000
751431.500000
751441.350000
753208.750000
753215.450000
753279.700000
754484.800000
754664.750000
754737.000000
754741.200000
755804.150000
755938.150000
756166.850000
756718.200000
757006.800000
757468.100000
757929.300000
757935.650000
757940.150000
757968.200000
758049.200000
758054.200000
758067.750000
758088.100000
758110.950000
758142.100000
758229.750000
758276.650000
758308.300000
758353.800000
758408.500000
758449.900000
758524.150000
759559.200000
760725.750000
760879.950000
760885.150000
760892.700000
760909.900000
760953.600000
761114.400000
761124.600000
761132.000000
761233.500000
761245.750000
761255.800000
761303.300000
761355.550000
761558.200000
761567.000000
761714.300000
761843.800000
762091.400000
762104.650000
764257.150000
766123.450000
766133.400000
766494.400000
768191.350000
768197.950000
768346.950000
768352.750000
768360.150000
768713.950000
768761.550000
768767.500000
768897.600000
768904.000000
768917.950000
768940.450000
769202.700000
769213.200000
769225.400000
769237.250000
769275.750000
769306.900000
769407.650000
770580.950000
770848.250000
770855.050000
770870.650000
770877.600000
770995.700000
772560.550000
772566.200000
772596.050000
773165.350000
774248.100000
774260.850000
774272.250000
774280.650000
774315.650000
774337.850000
774346.400000
774429.400000
774441.250000
776761.950000
776873.900000
777939.450000
777972.200000
778256.000000
778704.450000
779228.200000
779348.300000
782091.050000
783777.250000
783789.250000
787325.350000
788369.200000
789173.250000
789751.450000
791670.400000
791784.450000
793335.450000
794440.550000
794444.700000
794567.550000
794718.850000
794750.500000
795739.400000
795791.050000
796899.500000
796933.250000
798582.650000
799157.750000
799185.750000
799531.700000
801269.150000
801559.950000
802693.650000
803400.150000
803561.750000
803765.650000
803775.050000
803895.100000
804040.500000
804223.800000
804236.800000
804586.800000
806272.150000
806368.500000
807661.450000
808285.200000
808291.300000
808296.000000
808411.550000
808494.100000
808855.100000
808861.050000
808880.300000
809682.400000
810021.100000
810955.350000
811794.100000
814113.500000
816287.600000
820300.350000
820895.950000
821113.700000
821326.100000
822578.950000
822763.100000
822778.150000
823848.000000
824732.000000
824777.000000
825472.150000
825821.450000
827974.500000
828734.800000
829916.250000
830031.600000
835822.350000
836985.900000
837233.500000
837245.500000
843895.300000
844663.650000
845361.700000
845369.050000
845971.950000
850959.050000
850962.100000
852518.100000
854307.500000
859346.000000
859373.550000
859655.550000
859839.150000
862082.000000
862090.300000
864749.900000
867118.350000
870375.000000
872702.350000
874488.750000
876311.650000
876700.800000
878018.800000
878023.250000
879082.500000
882103.350000
882608.700000
885443.300000
887730.850000
895894.200000
896618.950000
898985.700000
898991.000000
899001.950000
899006.450000
901331.300000
902447.750000
906223.250000
912011.300000
914642.200000
915272.500000
915583.700000
915850.850000
917305.100000
917317.300000
917323.550000
919144.200000
919985.150000
919992.550000
920980.300000
922251.000000
923023.500000
923026.950000
923061.100000
924006.250000
924011.300000
925501.800000
927038.500000
927062.600000
928432.050000
928444.850000
929509.150000
929622.950000
929654.800000
930877.250000
932371.700000
932381.100000
932393.400000
933519.700000
934843.100000
935082.500000
935239.150000
935518.250000
936499.800000
937984.050000
938837.200000
940902.500000
941946.700000
942990.300000
943153.400000
945518.250000
945615.100000
946224.650000
946228.450000
946236.350000
946242.350000
948450.400000
948480.150000
949974.200000
949979.750000
949983.300000
950604.000000
953167.200000
953201.900000
954958.050000
955753.450000
956420.000000
957172.650000
958148.250000
958157.200000
958164.200000
958168.850000
958428.300000
958443.200000
959132.950000
960453.900000
960632.150000
961809.400000
961821.400000
961827.850000
963332.100000
963349.500000
966335.900000
967993.700000
968019.550000
969618.950000
969767.250000
969855.750000
970207.300000
970664.400000
970669.000000
971515.000000
971936.950000
973086.050000
973180.150000
975158.450000
975504.150000
977824.000000
978233.750000
978245.150000
980695.600000
981887.200000
983827.600000
984755.700000
985000.700000
985134.250000
986216.800000
986734.000000
987045.450000
987076.150000
989030.650000
989046.200000
990414.050000
995125.400000
995416.550000
995421.450000
995425.600000
995430.350000
997282.450000
997958.950000
999667.950000
999674.500000
999681.900000
999687.900000
999693.600000
1001445.400000
1001474.300000
1004669.950000
1006361.900000
1006583.900000
1006785.200000
1008604.550000
1009519.150000
1009544.650000
1009548.450000
1009569.550000
1009722.150000
1010051.100000
1012718.050000
1016422.250000
1016432.950000
1020206.250000
1020647.200000
1020715.000000
1021778.500000
1022945.650000
1024026.250000
1024981.650000
1025723.450000
1027057.950000
1028154.800000
1028394.350000
1030694.400000
1030713.650000
1031569.800000
1031611.650000
1033254.350000
1035185.500000
1038714.800000
1038884.000000
1038984.550000
1039077.650000
1043012.800000
1043593.800000
1043951.200000
1044319.600000
1044431.350000
1044437.050000
1045065.800000
1045173.700000
1047155.350000
1050120.200000
1052447.550000
1054804.300000
1055161.600000
1055171.800000
1055442.350000
1059573.700000
1063017.800000
1063025.050000
1064150.900000
1068971.000000
1071082.200000
1072909.750000
1072918.200000
1073617.450000
1075194.100000
1075210.650000
1076132.400000
1078248.950000
1081447.250000
1082906.100000
1082910.300000
1082917.350000
1087710.450000
1087807.400000
1087828.250000
1087831.800000
1087835.700000
1087840.750000
1087849.100000
1087855.150000
1088736.500000
1088740.650000
1089223.850000
1089432.900000
1090175.050000
1090905.400000
1098328.800000
1099767.100000
1099787.600000
1099795.250000
1099800.050000
1103749.250000
1105931.850000
1106027.350000
1106072.850000
1107771.500000
1107777.900000
1107786.100000
1112764.450000
1112770.700000
1118709.050000
1120870.600000
1127766.500000
1128195.400000
1128294.700000
1128728.200000
1128828.500000
1129499.100000
1129514.900000
1133629.550000
1135154.550000
1135305.300000
1136405.600000
1136411.150000
1137077.450000
1137761.600000
1139548.350000
1141544.200000
1141558.900000
1142720.600000
1143475.650000
1143478.950000
1143844.900000
1144056.100000
1144065.300000
1144069.350000
1144074.850000
1144079.750000
1145119.950000
1145123.900000
1145128.000000
1145518.850000
1145783.200000
1147101.350000
1147119.550000
1147136.450000
1149878.700000
1149895.000000
1152417.050000
1155811.800000
1155828.650000
1156352.100000
1156713.550000
1157105.950000
1157197.300000
1158400.150000
1158901.200000
1158905.700000
1160929.550000
1161335.900000
1161340.150000
1161534.450000
1162735.550000
1163641.150000
1164040.100000
1164063.450000
1165114.800000
1165182.900000
1165243.250000
1165275.200000
1166837.700000
1167191.900000
1167467.850000
1167480.300000
1167485.700000
1167492.700000
1167512.700000
1167777.000000
1167783.900000
1167788.550000
1167793.950000
1169435.550000
1172674.950000
1172727.000000
1173179.500000
1173180.600000
1174443.350000
1174574.950000
1177950.400000
1178078.550000
1179564.750000
1182769.650000
1185459.750000
1186514.300000
1187066.300000
1187318.700000
1187532.500000
1188550.150000
1189239.300000
1189259.950000
1189277.200000
1191635.650000
1192084.500000
1192098.650000
1192103.600000
1192111.500000
1192327.100000
1193169.250000
1194148.750000
1194227.450000
1196858.250000
1196887.850000
1196891.250000
1204637.550000
1204641.750000
1206089.300000
1206122.900000
1206131.650000
1216174.400000
1216308.250000
1219441.850000
1219450.600000
1225884.800000
1225923.350000
1225928.500000
1229779.450000
1229791.900000
1234152.050000
1240970.650000
1241933.550000
1243470.750000
1245233.250000
1248252.200000
1248263.100000
1248279.550000
1250524.450000
1250539.850000
1251072.700000
1251080.800000
1251086.150000
1251093.100000
1251509.700000
1251917.950000
1252387.650000
1254548.350000
1254703.950000
1254881.400000
1256716.950000
1256722.100000
1256726.200000
1256730.650000
1256741.550000
1258396.650000
1258406.650000
1258410.700000
1258414.650000
1258425.300000
1258458.600000
1258467.650000
1259808.450000
1261589.550000
1263926.950000
1264186.750000
1265132.450000
1265145.500000
1265151.350000
1265159.400000
1265165.100000
1265170.750000
1265465.950000
1265926.650000
1266029.500000
1268633.600000
1268814.350000
1268922.950000
1268929.100000
1270161.050000
1271016.700000
1273345.250000
1280052.800000
1281850.650000
1284215.400000
1284600.900000
1289402.650000
1289406.050000
1289421.300000
1290505.650000
1291471.500000
1291626.600000
1291648.000000
1291661.900000
1291685.200000
1293582.600000
1294081.250000
1294086.150000
1294338.400000
1295749.850000
1296247.100000
1297455.800000
1297468.850000
1297480.450000
1299501.150000
1299515.900000
1300935.100000
1301273.250000
1301277.050000
1307413.000000
1308047.400000
1308157.800000
1309591.300000
1309611.250000
1317503.900000
1317508.950000
1319193.900000
1319747.600000
1319750.150000
1320240.150000
1320244.550000
1320248.300000
1321717.100000
1321736.350000
1321754.000000
1322109.800000
1322847.300000
1322882.000000
1323790.200000
1325508.800000
1326027.050000
1326098.050000
1326896.200000
1328053.700000
1328058.500000
1328062.550000
1329421.450000
1331535.650000
1332984.700000
1334126.550000
1335103.200000
1341440.650000
1342065.350000
1342076.850000
1342080.850000
1342085.700000
1343029.900000
1345739.000000
1345747.250000
1345881.150000
1346792.350000
1347234.450000
1347405.300000
1347420.250000
1348281.750000
1348781.300000
1349533.350000
1352870.550000
1353435.550000
1353443.800000
1353448.500000
1353453.400000
1353458.350000
1354954.900000
1354963.350000
1354971.500000
1355024.700000
1355031.100000
1356292.150000
1357617.000000
1357639.600000
1357645.550000
1359624.950000
1360998.900000
1362731.500000
1362868.500000
1367209.200000
1367218.600000
1367282.850000
1367289.800000
1367293.700000
1367297.750000
1368281.500000
1368614.300000
1368621.850000
1368627.050000
1368632.950000
1368643.450000
1368651.100000
1373957.850000
1376792.450000
1376809.850000
1377143.150000
1381262.950000
1388363.200000
1391898.650000
1391933.000000
1392859.950000
1398193.300000
1402420.900000
1402431.650000
1402440.400000
1403511.150000
1404798.100000
1405494.850000
1407667.250000
1407868.000000
1407890.900000
1407917.550000
1408199.000000
1408208.400000
1409115.800000
1409143.600000
1409995.700000
1410500.000000
1413234.950000
1422569.350000
1422574.700000
1422587.600000
1423846.000000
1426372.300000
1427214.800000
1428496.550000
1429514.700000
1429665.650000
1431607.750000
1432353.850000
1432358.400000
1435980.600000
1442145.550000
1443368.750000
1444388.950000
1444393.800000
1444425.250000
1446143.750000
1446262.600000
1446523.750000
1450746.050000
1450750.250000
1450768.950000
1453458.850000
1454622.550000
1455237.550000
1462202.700000
1462679.800000
1464533.950000
1467912.500000
1467997.900000
1469665.500000
1473729.400000
1477898.750000
1477901.850000
1477910.150000
1480462.850000
1482352.000000
1482491.350000
1482700.500000
1483543.200000
1483779.600000
1483784.500000
1483788.600000
1483793.300000
1483811.100000
1489382.300000
1489392.450000
1489999.200000
1490075.850000
1490079.650000
1490084.700000
1491570.800000
1491668.250000
1491779.000000
1491878.350000
1492083.850000
1492467.850000
1492555.350000
1492938.800000
1493874.650000
1494119.950000
1494381.400000
1495352.450000
1495793.250000
1495795.750000
1501918.600000
1501936.350000
1501943.750000
1502061.950000
1502492.500000
1503367.100000
1503386.650000
1503400.950000
1506170.300000
1506686.650000
1507832.550000
1511757.900000
1512359.200000
1516186.700000
1517162.750000
1519867.250000
1520972.050000
1521003.200000
1522505.150000
1522512.000000
1522516.450000
1528210.500000
1528650.300000
1529301.000000
1529312.200000
1530986.250000
1531685.150000
1535324.500000
1536758.150000
1537824.400000
1538441.350000
1538447.450000
1538453.250000
1538841.300000
1540384.150000
1541439.450000
1541509.200000
1542318.250000
1544072.250000
1544077.300000
1544132.850000
1546876.600000
1547134.600000
1547420.050000
1547441.600000
1549124.800000
1549865.600000
1549870.400000
1549874.500000
1549878.200000
1550073.450000
1550784.300000
1551110.750000
1551115.150000
1551564.400000
1552083.550000
1553885.100000
1557146.900000
1557162.150000
1557166.100000
1557208.150000
1558238.950000
1558369.050000
1558385.150000
1558391.200000
1561616.600000
1562789.650000
1562798.450000
1562851.300000
1563854.300000
1564192.300000
1565531.550000
1565537.500000
1565541.950000
1567590.000000
1567619.650000
1567623.700000
1568560.750000
1570518.550000
1570525.900000
1570882.700000
1570942.350000
1572014.850000
1572095.350000
1572101.750000
1572158.900000
1577123.500000
1577273.000000
1579023.500000
1579767.400000
1581152.200000
1582078.500000
1582090.250000
1583051.300000
1583083.800000
1585624.800000
1585629.500000
1585633.350000
1585813.800000
1585818.200000
1586089.200000
1586152.350000
1587487.650000
1588064.850000
1588789.900000
1591195.600000
1592011.450000
1592015.100000
1592020.300000
1593544.850000
1595730.850000
1595982.400000
1596120.250000
1596148.350000
1596189.050000
1597143.500000
1598670.750000
1599254.300000
1599270.700000
1599283.500000
1599890.800000
1600631.750000
1607247.150000
1610471.450000
1612227.350000
1612234.750000
1612242.250000
1612252.850000
1612258.400000
1612552.000000
1612621.450000
1612625.000000
1612630.900000
1614176.650000
1614410.400000
1614774.300000
1614974.100000
1616146.400000
1616574.050000
1617052.100000
1617074.550000
1617078.950000
1618056.050000
1618710.650000
1620769.750000
1622260.850000
1622264.350000
1622471.500000
1626666.050000
1626673.050000
1626975.000000
1626978.050000
1627010.800000
1627941.050000
1628276.800000
1628282.650000
1628290.350000
1628295.450000
1628302.600000
1628429.600000
1628434.700000
1631945.750000
1633942.500000
1638710.900000
1638722.200000
1639993.100000
1640671.850000
1640681.650000
1640726.800000
1645150.400000
1645837.200000
1645880.300000
1645892.250000
1646133.650000
1646874.100000
1646885.450000
1652195.300000
1652617.750000
1653841.500000
1653908.600000
1659227.650000
1659237.800000
1659241.800000
1659246.150000
1660688.700000
1660693.550000
1660724.800000
1661227.600000
1661723.750000
1662386.400000
1662397.100000
1668157.450000
1669755.150000
1672822.700000
1673408.650000
1673660.400000
1673751.050000
1676477.150000
1677136.250000
1677142.850000
1677146.100000
1677147.600000
1677151.150000
1678482.850000
1678488.450000
1678492.550000
1678497.300000
1678919.350000
1681854.850000
1682280.300000
1683603.550000
1688018.850000
1688246.700000
1688247.850000
1688786.500000
1688986.950000
1689880.850000
1699978.500000
1700047.300000
1700073.050000
1700086.800000
1702478.900000
1702489.500000
1703371.600000
1703390.850000
1705198.000000
1710377.500000
1710391.400000
1710402.300000
1710671.100000
1711310.600000
1711484.950000
1711833.000000
1713369.050000
1713373.650000
1713437.350000
1714927.250000
1715969.700000
1716798.750000
1717187.050000
1717196.450000
1717200.400000
1718116.500000
1718153.800000
1718315.750000
1718910.900000
1720570.350000
1720576.200000
1720580.550000
1720800.750000
1720869.850000
1730026.300000
1730156.050000
1730161.350000
1730168.950000
1730174.650000
1730279.500000
1732360.600000
1732498.250000
1735641.700000
1736067.250000
1736097.400000
1739029.700000
1739033.350000
1739040.250000
1739051.650000
1739056.250000
1739128.900000
1739947.500000
1739955.000000
1739959.750000
1739965.050000
1739969.950000
1740328.200000
1740972.100000
1740977.300000
1741468.550000
1741492.950000
1741503.300000
1743818.950000
1743825.500000
1743833.800000
1744540.300000
1745696.800000
1747554.750000
1748019.550000
1748479.450000
1749835.900000
1750743.450000
1752493.050000
1753165.300000
1761026.300000
1761259.950000
1762711.500000
1764608.100000
1764669.850000
1766163.750000
1767235.850000
1767243.950000
1769784.950000
1769789.400000
1775067.550000
1777927.200000
1778347.100000
1782036.450000
1783136.200000
1783427.250000
1783899.000000
1790220.900000
1793570.100000
1794666.450000
1794988.550000
1800382.600000
1802402.650000
1802481.800000
1802868.600000
1802883.700000
1802891.200000
1805182.550000
1805784.900000
1806934.050000
1809266.500000
1809897.100000
1810230.900000
1810416.400000
1811648.900000
1811651.900000
1811662.150000
1812664.500000
1813312.650000
1813844.300000
1818061.300000
1818680.150000
1820059.550000
1821560.750000
1822364.200000
1826690.200000
1826841.050000
1828287.000000
1828725.250000
1828987.850000
1829195.300000
1833071.950000
1833458.300000
1836038.250000
1838062.850000
1840408.000000
1840823.650000
1842521.700000
1842657.600000
1842666.950000
1842670.750000
1842675.000000
1846433.650000
1846646.550000
1846731.850000
1846735.600000
1846743.850000
1846749.200000
1847355.100000
1847362.200000
1851588.700000
1851947.100000
1851951.900000
1853254.600000
1853739.350000
1853877.450000
1854076.700000
1855396.750000
1855405.300000
1858972.100000
1859281.150000
1861353.350000
1864120.750000
1864863.550000
1864870.300000
1864881.950000
1865022.900000
1865030.400000
1865035.150000
1866108.250000
1866112.400000
1870745.200000
1870755.150000
1873247.250000
1873855.600000
1873861.950000
1873867.450000
1873874.750000
1874509.200000
1874517.400000
1874521.400000
1874525.700000
1880270.300000
1880534.450000
1880607.400000
1880612.200000
1880617.450000
1880627.750000
1880641.100000
1880658.050000
1880832.700000
1880845.850000
1880882.100000
1880901.750000
1880998.750000
1881047.650000
1881069.200000
1881703.750000
1881712.900000
1881728.250000
1881821.500000
1881828.300000
1881838.150000
1884515.600000
1884625.050000
1885348.250000
1887696.450000
1888301.250000
1888329.550000
1888692.700000
1888707.400000
1890204.800000
1891605.050000
1891612.700000
1895196.700000
1895763.750000
1896115.200000
1896133.600000
1899468.800000
1900273.100000
1900759.800000
1901265.800000
1902080.500000
1905340.100000
1908067.650000
1909425.600000
1910085.750000
1912740.550000
1913414.350000
1916748.600000
1916755.350000
1916760.600000
1916764.000000
1917316.150000
1918891.450000
1920337.000000
1922309.000000
1922418.300000
1922435.100000
1923746.850000
1925336.900000
1929087.550000
1930169.400000
1930186.000000
1933293.250000
1934468.150000
1935077.650000
1938222.800000
1938228.800000
1938232.900000
1938237.750000
1943959.950000
1945204.100000
1946218.300000
1948153.200000
1948226.350000
1949518.100000
1951593.300000
1954158.250000
1954173.850000
1954181.600000
1954186.400000
1956497.950000
1957916.550000
1958199.850000
1959755.400000
1960495.750000
1963346.250000
1973606.250000
1979592.100000
1979607.950000
1982912.350000
1984229.550000
1985999.400000
1986146.350000
1986149.150000
1986186.800000
1986253.650000
1986949.050000
1987085.500000
1988644.350000
1988646.900000
1988826.050000
1988834.850000
1992494.300000
2003102.350000
2004702.050000
2005218.050000
2005224.550000
2005425.500000
2005443.900000
2005451.750000
2005457.450000
2007842.100000
2008366.650000
2022968.850000
2028966.850000
2028972.550000
2030596.400000
2030608.600000
2030617.900000
2031900.100000
2034903.550000
2035207.000000
2035678.550000
2039306.750000
2040262.050000
2046185.800000
2046569.750000
2046581.150000
2046900.900000
2046914.300000
2047725.200000
2048822.900000
2048825.200000
2050004.050000
2050024.050000
2050037.250000
2050040.950000
2050045.050000
2050170.800000
2050178.500000
2050184.200000
2050771.300000
2051084.600000
2051210.750000
2054585.800000
2054589.850000
2054595.950000
2061198.400000
2062016.650000
2064066.400000
2065841.300000
2066008.050000
2067847.800000
2071530.900000
2071904.750000
2076076.100000
2079124.950000
2079261.700000
2079290.250000
2079715.600000
2080005.850000
2081057.700000
2081411.100000
2083723.250000
2089037.200000
2089636.950000
2090568.750000
2090588.350000
2090592.100000
2090596.550000
2090601.550000
2090733.000000
2095417.850000
2098182.850000
2098190.550000
2098811.650000
2101565.000000
2102273.900000
2104562.550000
2105605.400000
2107727.200000
2107798.800000
2108011.600000
2108149.150000
2108267.950000
2108273.150000
2108280.800000
2108287.000000
2109778.050000
2109783.550000
2111632.700000
2111641.350000
2112033.750000
2117392.950000
2121043.650000
2121142.450000
2122211.550000
2122417.800000
2122706.250000
2124743.600000
2125154.500000
2125416.650000
2126173.150000
2126245.050000
2126361.750000
2126371.550000
2126602.200000
2126618.800000
2126729.250000
2126734.850000
2126745.550000
2128126.700000
2128862.600000
2128868.550000
2129402.350000
2129413.550000
2129630.250000
2131992.500000
2135975.800000
2136439.500000
2136443.750000
2136448.100000
2136452.900000
2137969.300000
2138454.000000
2138457.500000
2138472.250000
2142619.300000
2143032.150000
2143569.450000
2150004.900000
2153569.700000
2153629.350000
2154801.350000
2154975.400000
2154985.950000
2154993.650000
2154999.200000
2155011.150000
2157377.500000
2158986.450000
2159694.000000
2160211.350000
2160231.850000
2160236.600000
2160240.950000
2162233.650000
2162916.100000
2166949.150000
2167090.100000
2168461.450000
2171802.300000
2174254.850000
2182632.850000
2182729.150000
2182730.500000
2183540.850000
2184501.400000
2184509.050000
2184516.350000
2184535.950000
2185326.700000
2186491.000000
2186498.700000
2186502.550000
2186526.000000
2186935.500000
2189620.150000
2193808.200000
2196370.700000
2196375.250000
2197035.800000
2197053.300000
2199029.950000
2202996.250000
2203233.050000
2203465.700000
2204884.150000
2208796.400000
2209590.500000
2210031.250000
2210370.850000
2212479.900000
2212504.800000
2214523.300000
2217500.050000
2217511.150000
2218574.750000
2218586.750000
2219702.450000
2220132.250000
2222722.900000
2222977.300000
2222986.050000
2225369.200000
2225377.150000
2228114.700000
2228246.650000
2232119.250000
2232271.150000
2234304.150000
2235225.900000
2236376.200000
2241445.600000
2244514.100000
2244910.850000
2244919.200000
2245136.200000
2245140.350000
2245152.600000
2245159.800000
2246083.700000
2246092.000000
2246096.300000
2246856.250000
2247290.450000
2247444.800000
2247470.300000
2248905.050000
2249185.750000
2249199.200000
2251853.800000
2253266.400000
2253270.650000
2255760.900000
2257011.400000
2257051.450000
2257188.950000
2257197.800000
2264058.350000
2264359.300000
2264876.850000
2273287.350000
2273329.400000
2273334.050000
2273338.950000
2273344.150000
2274107.050000
2277453.200000
2279023.550000
2279029.550000
2281527.950000
2284693.650000
2285228.500000
2285234.900000
2289672.000000
2291449.050000
2297672.350000
2297675.900000
2299592.050000
2299607.350000
2300198.550000
2300210.350000
2300217.450000
2300223.800000
2300226.100000
2302351.250000
2304025.100000
2304693.850000
2304918.450000
2311173.000000
2312679.900000
2312782.050000
2315458.000000
2320845.250000
2320903.150000
2321135.000000
2322713.400000
2323050.700000
2324061.700000
2325639.500000
2326249.300000
2326280.750000
2329439.800000
2332792.550000
2332807.800000
2332857.100000
2334179.550000
2334635.550000
2335399.900000
2336513.950000
2339890.550000
2339919.650000
2339934.850000
2339939.150000
2339953.000000
2339993.750000
2340432.900000
2342176.300000
2343769.550000
2344281.250000
2345344.950000
2345452.600000
2345532.450000
2345555.400000
2345560.300000
2345649.350000
2346025.150000
2346029.500000
2348683.600000
2349340.100000
2349380.950000
2352221.250000
2352341.850000
2352350.150000
2352356.200000
2352404.100000
2352512.050000
2352523.400000
2352528.000000
2353488.700000
2354226.400000
2354345.350000
2354364.700000
2359517.950000
2359539.950000
2360305.850000
2360910.700000
2361619.100000
2362060.700000
2362963.600000
2364775.450000
2366530.600000
2368325.300000
2368861.200000
2368996.050000
2369065.300000
2369617.050000
2370522.050000
2371297.950000
2371304.050000
2371449.400000
2371682.500000
2372157.200000
2372223.000000
2372346.400000
2373784.800000
2373873.550000
2374723.750000
2375425.300000
2375437.500000
2375847.550000
2376306.200000
2376567.050000
2376574.200000
2377193.400000
2379552.850000
2379866.400000
2379870.500000
2379875.300000
2383101.000000
2385688.100000
2386590.600000
2386715.950000
2388271.350000
2390212.350000
2390598.750000
2391687.100000
2392355.200000
2393699.100000
2396683.200000
2399569.700000
2401137.700000
2401685.250000
2401760.300000
2401765.600000
2401769.750000
2401778.200000
2401783.900000
2402555.250000
2402769.600000
2402783.750000
2403172.250000
2404538.800000
2404544.850000
2405428.150000
2405437.400000
2405460.150000
2409288.800000
2410136.400000
2410141.750000
2410149.350000
2410166.950000
2412717.650000
2412760.950000
2413080.550000
2415414.450000
2416033.650000
2420860.650000
2422646.350000
2424864.550000
2426672.800000
2427514.500000
2427945.450000
2427952.000000
2427956.050000
2427960.300000
2431226.650000
2431710.900000
2432337.600000
2433407.050000
2433427.650000
2433432.000000
2433637.100000
2435118.200000
2435123.300000
2435130.600000
2435135.800000
2435155.050000
2435162.750000
2435182.600000
2435971.050000
2435975.750000
2435981.400000
2438742.750000
2439147.500000
2440901.450000
2441422.950000
2444107.950000
2451498.450000
2451505.900000
2451518.800000
2452987.050000
2452991.850000
2452996.300000
2453000.050000
2456453.900000
2457359.450000
2457632.600000
2457637.700000
2458641.200000
2460669.550000
2464905.350000
2465475.900000
2465580.800000
2465602.700000
2465610.650000
2465618.450000
2465711.450000
2465715.050000
2468757.950000
2470353.750000
2470364.650000
2470789.950000
2470793.550000
2471125.700000
2471589.600000
2472587.400000
2472652.050000
2480545.050000
2481717.400000
2483755.450000
2484014.300000
2484021.300000
2484031.300000
2485403.050000
2485421.700000
2487755.900000
2491357.650000
2491548.550000
2492809.650000
2493669.500000
2494506.250000
2494532.900000
2495382.200000
2495642.600000
2495649.500000
2495654.850000
2495665.350000
2495670.500000
2496202.500000
2498720.850000
2498725.950000
2500912.100000
2500916.450000
2501604.350000
2502249.250000
2505557.900000
2505561.000000
2506701.050000
2509314.900000
2509444.900000
2509453.800000
2509457.750000
2510079.750000
2511639.700000
2511644.800000
2514381.600000
2514400.700000
2516139.800000
2516181.900000
2517784.400000
2517983.950000
2518555.100000
2518559.100000
2518566.050000
2518571.100000
2518584.950000
2521120.800000
2521140.900000
2521541.800000
2521552.450000
2522868.450000
2525692.200000
2527728.550000
2528445.750000
2528451.250000
2528553.400000
2528560.350000
2528950.900000
2530068.550000
2530119.050000
2530124.400000
2530128.900000
2530133.400000
2530143.800000
2532055.050000
2532490.450000
2535033.350000
2535049.700000
2537249.400000
2538766.300000
2540224.350000
2541018.700000
2541031.050000
2541681.200000
2542449.900000
2542474.050000
2542481.750000
2545102.750000
2545109.500000
2545129.300000
2545684.100000
2547923.850000
2551460.900000
2551617.200000
2551635.400000
2551658.150000
2551665.350000
2551903.850000
2552594.150000
2552603.550000
2552607.750000
2553424.200000
2553954.900000
2553959.200000
2554215.300000
2555949.750000
2556105.350000
2556112.800000
2556122.800000
2556332.200000
2556342.950000
2556348.200000
2560918.750000
2560926.500000
2560934.350000
2563489.450000
2563615.600000
2564203.600000
2565740.500000
2565744.950000
2565750.000000
2571892.200000
2571900.500000
2572681.000000
2573373.100000
2573389.200000
2573795.000000
2574978.450000
2576357.450000
2576387.500000
2576740.600000
2576761.900000
2578132.800000
2578286.200000
2579090.350000
2580173.000000
2580876.550000
2582614.600000
2583283.550000
2583297.200000
2583521.150000
2584010.900000
2584273.100000
2586191.950000
2588489.450000
2590372.100000
2590376.350000
2593324.400000
2593944.550000
2594228.600000
2597738.400000
2600178.050000
2600611.050000
2601611.700000
2602136.100000
2602648.200000
2603669.850000
2603845.450000
2603847.450000
2606727.950000
2607512.150000
2608934.000000
2611672.250000
2611705.600000
2614372.550000
2615143.500000
2616568.750000
2616596.600000
2616600.850000
2618522.850000
2619051.800000
2619065.050000
2619887.700000
2620551.300000
2620564.300000
2621348.550000
2621380.550000
2621388.350000
2621789.100000
2621955.800000
2622272.800000
2623979.750000
2624376.700000
2630349.950000
2630359.650000
2630364.600000
2630369.150000
2632127.650000
2632257.900000
2632422.750000
2632584.300000
2633875.950000
2634471.400000
2634476.400000
2634480.400000
2634484.550000
2634489.750000
2634536.650000
2634548.400000
2634672.700000
2634685.700000
2635036.150000
2635042.800000
2635067.400000
2636019.600000
2637129.750000
2637665.550000
2639763.750000
2639776.500000
2640744.300000
2643955.700000
2644307.450000
2644322.550000
2644674.450000
2644860.900000
2646059.000000
2646790.100000
2647691.100000
2648646.350000
2648780.500000
2650207.000000
2650212.750000
2650222.300000
2650230.150000
2652836.350000
2655218.850000
2655648.850000
2661833.450000
2661838.300000
2661845.400000
2661850.450000
2661911.600000
2662015.350000
2662019.400000
2662896.000000
2665031.450000
2666020.400000
2667452.350000
2667457.800000
2667468.100000
2667664.400000
2670079.150000
2670849.050000
2671835.700000
2672021.450000
2673036.450000
2675156.500000
2679785.700000
2679789.100000
2680353.450000
2680361.100000
2680371.250000
2680392.700000
2681265.250000
2681270.500000
2683809.400000
2690237.850000
2692608.750000
2693061.950000
2693067.350000
2693322.500000
2697780.800000
2697803.650000
2700493.050000
2700501.600000
2700511.050000
2700516.400000
2701677.650000
2703727.750000
2704079.750000
2705900.400000
2706368.800000
2707682.300000
2710861.400000
2710868.850000
2712678.700000
2713170.650000
2713532.750000
2713550.150000
2714092.400000
2714360.500000
2714389.700000
2717961.900000
2721803.500000
2721811.850000
2721909.650000
2722395.850000
2723927.750000
2723941.450000
2724999.450000
2725006.800000
2725014.000000
2725708.750000
2726830.300000
2727462.750000
2727472.050000
2727820.350000
2727822.900000
2727954.250000
2728030.400000
2728658.500000
2729121.750000
2729356.700000
2731136.600000
2732097.600000
2732946.450000
2732952.350000
2733112.500000
2734376.500000
2735305.950000
2737380.200000
2737403.250000
2738708.850000
2739716.000000
2740412.500000
2741885.100000
2741890.450000
2741894.700000
2741899.500000
2742347.900000
2742572.550000
2744494.900000
2744665.600000
2752095.650000
2752641.650000
2752647.000000
2752651.200000
2752655.500000
2752661.900000
2754854.150000
2755144.050000
2755146.900000
2755155.500000
2755163.650000
2755379.350000
2756288.300000
2756418.650000
2756425.150000
2756434.350000
2756442.150000
2756726.350000
2756914.250000
2757100.450000
2757385.400000
2757843.600000
2757865.250000
2758530.850000
2765320.200000
2766897.550000
2773495.450000
2774364.050000
2775390.300000
2775991.950000
2778402.300000
2778407.550000
2778412.250000
2780098.450000
2785347.800000
2787952.750000
2789808.600000
2789816.300000
2789821.800000
2796163.750000
2797518.550000
2802278.250000
2802802.850000
2804895.400000
2805231.200000
2805731.700000
2805740.300000
2806245.800000
2806500.950000
2806511.200000
2806518.900000
2806531.400000
2806539.100000
2806655.100000
2806668.550000
2806680.900000
2807548.100000
2808393.350000
2808406.200000
2808412.400000
2817469.900000
2820422.800000
2820438.000000
2820455.200000
2821855.700000
2823581.800000
2828981.850000
2829140.150000
2831167.300000
2833741.400000
2833746.000000
2833749.950000
2833754.850000
2833760.500000
2834428.250000
2835402.200000
2837500.650000
2844832.250000
2844875.900000
2845324.400000
2845332.850000
2846510.700000
2848104.700000
2848111.550000
2850132.650000
2850395.250000
2851047.050000
2853387.650000
2855049.850000
2858514.450000
2858783.200000
2858891.450000
2858899.150000
2860013.250000
2860185.600000
2860273.100000
2861304.150000
2861668.950000
2862065.350000
2862377.900000
2862410.800000
2862792.950000
2862797.000000
2862801.550000
2862806.400000
2862817.400000
2862824.350000
2862836.150000
2863135.800000
2863177.450000
2863361.500000
2863409.050000
2863418.900000
2863421.000000
2863423.400000
2863431.650000
2863690.500000
2865267.950000
2865273.950000
2871775.600000
2873098.300000
2874016.150000
2876841.950000
2876849.950000
2876921.200000
2882397.050000
2883414.850000
2883429.500000
2883878.650000
2883910.300000
2883966.400000
2883974.400000
2883984.150000
2885468.450000
2886964.700000
2887024.250000
2889562.050000
2889760.350000
2889781.800000
2889786.000000
2889790.650000
2889807.050000
2889841.950000
2889848.250000
2890338.450000
2890352.900000
2890369.500000
2890474.950000
2893864.450000
2894398.350000
2894993.550000
2903503.800000
2903519.250000
2903526.000000
2903535.000000
2903603.900000
2903609.200000
2903621.050000
2903634.750000
2904545.450000
2904833.350000
2906207.500000
2907679.350000
2908733.400000
2910476.700000
2910482.850000
2910490.600000
2911571.900000
2911581.350000
2913778.050000
2913968.900000
2913972.800000
2913985.100000
2923906.150000
2923927.800000
2926031.100000
2926049.600000
2926054.350000
2929950.100000
2930181.000000
2930558.700000
2930709.250000
2931804.350000
2931814.050000
2933459.350000
2934625.950000
2937111.300000
2937838.450000
2937850.850000
2939447.300000
2940111.600000
2940117.150000
2942089.250000
2946164.650000
2946331.950000
2948858.500000
2951603.600000
2954430.550000
2955900.050000
2956124.350000
2956506.250000
2956510.300000
2956521.050000
2956526.400000
2956533.500000
2956540.550000
2956552.150000
2956609.700000
2956618.850000
2956626.950000
2956636.100000
2958105.150000
2958590.500000
2959427.950000
2964156.700000
2964195.150000
2969092.300000
2969410.750000
2970154.550000
2971059.300000
2971081.250000
2975126.050000
2975126.800000
2976621.200000
2980922.600000
2981748.850000
2982164.050000
2982278.150000
2982283.400000
2982287.550000
2982301.050000
2982319.500000
2982335.050000
2982870.050000
2985626.950000
2986196.250000
2987816.000000
2988509.750000
2990102.500000
2990527.250000
2990874.250000
2991540.850000
2992035.900000
2992045.100000
2993048.400000
2993069.650000
2993223.350000
2994011.600000
2995106.750000
2995319.350000
2996905.500000
2997391.150000
2999369.200000
3001171.400000
3001372.950000
3001682.500000
3001819.650000
3001838.100000
3002948.100000
3003147.850000
3003731.750000
3004339.800000
3004368.800000
3004949.600000
3005064.200000
3005521.500000
3005543.550000
3006816.700000
3010023.950000
3010029.150000
3010041.650000
3010136.050000
3011533.000000
3011556.300000
3011560.850000
3011565.950000
3011576.100000
3012166.150000
3013837.700000
3016656.750000
3018250.900000
3023128.400000
3024812.050000
3024846.200000
3025523.900000
3025752.100000
3026687.000000
3027157.950000
3027933.650000
3029293.450000
3029301.700000
3029315.050000
3029981.250000
3029993.650000
3030001.900000
3030007.300000
3030026.700000
3031935.850000
3033963.600000
3034960.900000
3034967.800000
3034977.400000
3035014.450000
3035027.800000
3035766.150000
3035775.100000
3035885.950000
3035954.450000
3035958.300000
3036166.850000
3036328.750000
3039004.450000
3039076.200000
3044840.800000
3045324.450000
3046601.900000
3047011.050000
3051914.400000
3053804.000000
3053820.900000
3053831.800000
3055004.700000
3055010.950000
3055846.550000
3057025.950000
3057040.850000
3057046.150000
3057050.400000
3058587.000000
3058597.600000
3058638.300000
3059193.750000
3059250.250000
3059261.200000
3062204.750000
3062205.850000
3062551.100000
3062976.750000
3062987.250000
3063001.450000
3063097.050000
3063357.600000
3064011.100000
3064043.300000
3064110.000000
3064643.500000
3067278.250000
3067282.600000
3067286.950000
3067291.750000
3067301.550000
3067633.850000
3067639.650000
3069351.550000
3069355.600000
3069366.700000
3069490.050000
3069565.050000
3070055.700000
3070664.550000
3070667.900000
3070797.050000
3070813.550000
3071365.400000
3071366.150000
3071412.950000
3074435.700000
3074998.200000
3075205.650000
3076019.100000
3077874.250000
3080419.750000
3080450.700000
3081583.250000
3081750.650000
3082178.800000
3083117.000000
3083123.150000
3083255.500000
3083923.250000
3084570.100000
3085168.550000
3085316.950000
3085694.250000
3086164.050000
3086885.200000
3087037.650000
3088262.650000
3088289.650000
3091031.000000
3091472.950000
3092545.050000
3092553.300000
3093341.550000
3093368.800000
3095322.650000
3095327.100000
3095335.450000
3097853.050000
3097881.100000
3098016.300000
3099788.450000
3099885.100000
3101098.700000
3106614.900000
3109974.550000
3111518.850000
3111532.350000
3111551.250000
3114248.000000
3114320.650000
3117405.700000
3117504.000000
3117508.550000
3117513.300000
3117826.000000
3117831.250000
3117840.450000
3117854.050000
3118607.050000
3118611.850000
3118619.050000
3119158.750000
3119167.500000
3119995.550000
3120015.950000
3120024.500000
3120535.200000
3120558.550000
3122499.500000
3122767.600000
3122788.600000
3123351.200000
3123358.350000
3123786.650000
3123789.300000
3127372.800000
3127671.650000
3130285.850000
3133025.050000
3133036.950000
3133044.800000
3133050.600000
3133056.250000
3133697.850000
3134212.850000
3135291.850000
3138025.550000
3139405.150000
3141084.300000
3141102.400000
3142146.100000
3143612.950000
3144103.900000
3144142.750000
3144148.000000
3145447.100000
3145517.750000
3147682.900000
3147692.900000
3147700.700000
3147708.400000
3147719.000000
3150912.750000
3151225.850000
3152076.800000
3152083.900000
3153202.100000
3154814.550000
3155668.600000
3155726.850000
3155882.950000
3157046.500000
3157109.800000
3157114.950000
3157125.000000
3157131.150000
3157204.900000
3159138.500000
3160194.650000
3165053.550000
3166791.750000
3170166.650000
3170830.000000
3171201.600000
3172005.050000
3172252.850000
3172334.000000
3172338.750000
3172456.050000
3173654.350000
3174319.150000
3175052.100000
3175386.550000
3176253.850000
3176267.100000
3176517.100000
3176951.800000
3182645.700000
3182649.900000
3182659.050000
3182664.000000
3182920.050000
3183565.150000
3184668.000000
3184822.450000
3184830.250000
3187260.950000
3187283.450000
3187289.350000
3187297.350000
3187454.750000
3190430.600000
3192205.600000
3193357.700000
3194019.150000
3194023.400000
3194037.800000
3194113.500000
3194788.700000
3194802.050000
3194806.700000
3194811.500000
3195537.600000
3200286.950000
3200757.900000
3201065.650000
3201282.700000
3201290.200000
3201294.700000
3201300.800000
3201306.550000
3204109.350000
3204272.950000
3204277.700000
3204282.300000
3204284.000000
3204451.400000
3206793.450000
3207585.500000
3207867.550000
3208300.650000
3208366.850000
3210005.300000
3212305.650000
3212323.650000
3212916.250000
3212948.150000
3212953.650000
3212963.100000
3214020.550000
3214620.000000
3214671.850000
3214687.300000
3218801.550000
3218806.800000
3219290.350000
3219294.850000
3219552.100000
3219558.900000
3219566.750000
3219574.850000
3219581.300000
3219740.200000
3219745.750000
3219758.600000
3219767.800000
3219953.200000
3219975.550000
3221574.500000
3222288.750000
3225920.500000
3230783.600000
3233004.150000
3233010.400000
3233013.150000
3233994.000000
3234709.850000
3237878.250000
3237927.550000
3240128.100000
3240134.050000
3240140.150000
3240144.900000
3240149.650000
3240163.400000
3242187.850000
3242879.450000
3245384.350000
3245817.150000
3247163.500000
3247169.550000
3251058.850000
3251777.000000
3251829.350000
3255404.500000
3256600.800000
3256729.550000
3256789.650000
3265375.500000
3266215.100000
3268147.300000
3268729.100000
3271455.600000
3272064.600000
3273421.050000
3273438.550000
3275858.700000
3278315.050000
3278317.300000
3278322.100000
3278458.900000
3278976.450000
3278983.650000
3280959.500000
3281251.600000
3281458.100000
3281492.300000
3284959.450000
3285320.550000
3286368.800000
3289727.750000
3291428.000000
3291434.750000
3291500.900000
3292098.400000
3292725.900000
3294446.700000
3294750.450000
3297172.350000
3298109.950000
3298613.200000
3299327.450000
3299337.050000
3301247.550000
3301253.100000
3302498.600000
3303544.200000
3303888.650000
3304118.600000
3304477.000000
3307941.300000
3307967.150000
3307972.000000
3310137.150000
3310608.050000
3312033.400000
3313993.400000
3321618.300000
3321917.200000
3324506.650000
3324512.900000
3324516.800000
3324521.000000
3324526.200000
3326835.900000
3328099.750000
3332720.000000
3332725.100000
3333202.900000
3333206.300000
3333212.000000
3333403.750000
3335083.950000
3335088.800000
3335093.000000
3335103.000000
3335109.100000
3335549.900000
3336544.500000
3336555.250000
3336847.600000
3336851.450000
3338621.650000
3338722.900000
3339099.050000
3339534.150000
3342276.800000
3343469.750000
3343975.500000
3345049.650000
3347259.400000
3350903.700000
3357927.450000
3358620.250000
3358624.300000
3358631.450000
3358636.500000
3359187.800000
3359482.750000
3359483.500000
3359560.300000
3359567.250000
3359575.500000
3359581.950000
3362706.850000
3363631.600000
3363725.550000
3363732.650000
3363738.350000
3363753.400000
3363912.250000
3363930.200000
3364692.500000
3365288.850000
3367032.700000
3367358.500000
3369290.800000
3372119.750000
3373614.750000
3374482.550000
3374811.200000
3374815.050000
3382420.600000
3383327.200000
3385117.150000
3385185.500000
3386574.500000
3386579.000000
3386589.200000
3388486.750000
3388499.300000
3389866.700000
3390066.100000
3390337.050000
3390346.550000
3390375.600000
3390452.850000
3390461.050000
3390466.050000
3390477.000000
3390489.500000
3390798.400000
3390809.950000
3391791.450000
3392254.200000
3392353.800000
3394625.200000
3394631.800000
3395977.200000
3396000.650000
3396244.050000
3397038.150000
3397051.000000
3398311.250000
3400233.200000
3401725.850000
3402960.650000
3402977.300000
3402981.000000
3403061.800000
3403488.150000
3404270.000000
3404341.400000
3407443.950000
3407453.050000
3410366.650000
3410825.100000
3410852.900000
3410858.450000
3414257.300000
3414261.800000
3414266.000000
3414977.000000
3417335.950000
3417972.150000
3419084.750000
3419102.750000
3419108.300000
3419564.100000
3419584.050000
3419593.150000
3421258.950000
3421522.750000
3421833.650000
3422050.550000
3422831.250000
3422867.250000
3422872.750000
3422878.800000
3423225.550000
3423229.550000
3423662.600000
3424165.900000
3424181.750000
3424584.100000
3425447.000000
3426451.650000
3427337.800000
3430005.250000
3430057.950000
3433286.800000
3434408.250000
3434413.000000
3434417.750000
3435182.500000
3435334.000000
3435585.100000
3437374.000000
3437379.350000
3438121.250000
3443328.500000
3443399.650000
3443523.500000
3443539.850000
3445039.750000
3445200.300000
3445246.700000
3446126.550000
3446241.050000
3446314.900000
3446322.150000
3447976.800000
3452120.650000
3452718.250000
3453349.150000
3453591.850000
3454557.250000
3454561.650000
3454831.550000
3455292.900000
3456716.650000
3456795.850000
3458162.300000
3458867.450000
3458872.150000
3458876.450000
3458881.300000
3459597.100000
3460349.150000
3460542.200000
3460548.200000
3460555.950000
3461048.000000
3467057.050000
3467063.200000
3467081.000000
3467481.550000
3467486.200000
3467490.550000
3467495.600000
3467511.100000
3467522.600000
3467613.600000
3467624.700000
3467637.750000
3470032.350000
3471823.700000
3473074.850000
3473082.750000
3474330.050000
3474353.450000
3474383.700000
3474626.150000
3475776.550000
3475782.050000
3475792.900000
3476319.050000
3480652.750000
3480663.350000
3481045.100000
3481057.050000
3481421.050000
3483410.800000
3483880.000000
3483886.300000
3483895.300000
3483900.350000
3485369.900000
3486806.950000
3488015.600000
3488021.600000
3488023.100000
3489481.200000
3492529.100000
3492533.600000
3492538.050000
3492543.400000
3492549.600000
3492975.850000
3503451.350000
3505040.250000
3505080.000000
3506010.450000
3508514.150000
3509903.500000
3509908.750000
3509914.900000
3512615.050000
3512730.200000
3513652.850000
3514275.200000
3514297.550000
3514304.750000
3514446.900000
3514451.550000
3514456.750000
3519010.800000
3519019.850000
3519601.050000
3521681.500000
3522730.500000
3523304.500000
3523672.650000
3523925.600000
3523935.950000
3524510.850000
3525041.250000
3525045.800000
3525049.850000
3525055.750000
3525211.650000
3526614.750000
3529335.650000
3531947.750000
3531952.350000
3532665.700000
3533770.650000
3533774.900000
3537651.400000
3540462.850000
3542328.150000
3546458.400000
3546726.050000
3547221.850000
3549492.050000
3551425.200000
3551429.700000
3551434.100000
3552027.300000
3552996.200000
3553639.850000
3554961.700000
3556503.350000
3557644.350000
3557654.300000
3560817.900000
3568909.950000
3568939.300000
3569993.650000
3569997.750000
3570007.700000
3570067.050000
3570093.550000
3571865.950000
3571869.700000
3571883.650000
3572437.900000
3576064.100000
3576071.950000
3576105.300000
3576128.650000
3576721.400000
3576750.250000
3580698.450000
3581565.650000
3581726.600000
3585474.450000
3586279.600000
3586280.400000
3591684.200000
3591969.750000
3592019.650000
3593851.200000
3594650.050000
3597025.950000
3599612.800000
3599617.350000
3599634.050000
3599643.700000
