2200.100000
9109.200000
9126.500000
9161.450000
9164.900000
9202.000000
9207.550000
9822.650000
10028.550000
10044.400000
16451.250000
29981.750000
30806.500000
30812.300000
30815.750000
30866.400000
30875.000000
30881.500000
31615.250000
31638.850000
32265.750000
32278.950000
32285.850000
32303.350000
36922.850000
37220.500000
41082.700000
41090.100000
41101.200000
42327.800000
46547.500000
46550.850000
47666.050000
47673.700000
49327.050000
50079.050000
50083.400000
50087.350000
50100.400000
50103.200000
50107.550000
56605.850000
58640.800000
59042.800000
61386.650000
61489.600000
61494.450000
67801.350000
74588.950000
74676.050000
74679.650000
74682.550000
81769.900000
81846.700000
83382.300000
83401.000000
86346.750000
90968.650000
91139.950000
91712.850000
91717.700000
95635.850000
97889.150000
97893.400000
97902.900000
97935.450000
98838.650000
100594.900000
103263.200000
106020.800000
117774.850000
119253.850000
121327.550000
121516.800000
121637.050000
121640.150000
121643.000000
123193.250000
123201.350000
130070.300000
130404.250000
131303.300000
133339.300000
133356.900000
133367.900000
133434.300000
133444.350000
133472.400000
133492.550000
133497.550000
133509.500000
133514.450000
133549.300000
133561.400000
133590.100000
136228.550000
136351.650000
137165.150000
137176.700000
137180.950000
137187.050000
137215.600000
138319.750000
139886.650000
139904.450000
139914.100000
139919.900000
139922.950000
140248.100000
141704.600000
141709.100000
141800.200000
141825.050000
141829.800000
141832.950000
141882.550000
141892.550000
141927.300000
142168.500000
142398.150000
142404.250000
142413.100000
142422.900000
142445.700000
142470.250000
142895.350000
143132.450000
143171.600000
143221.050000
143230.650000
143236.350000
145670.050000
145744.700000
145762.000000
146295.250000
146299.100000
146308.500000
146321.250000
146341.500000
146348.250000
146573.250000
146657.150000
146669.500000
146676.550000
149056.650000
149212.650000
149730.750000
153926.950000
154480.350000
156084.650000
156987.850000
157000.550000
157003.650000
157041.750000
157132.550000
157262.350000
159708.550000
159724.500000
159735.550000
159765.400000
159938.350000
160104.800000
161119.500000
161151.000000
161162.950000
161193.200000
161263.500000
161267.000000
161281.300000
162983.700000
162988.200000
162996.150000
163015.050000
163031.600000
163496.650000
165328.250000
165331.100000
165413.000000
166204.900000
166212.500000
166220.350000
166340.050000
166394.850000
166410.850000
167319.000000
167400.400000
168174.000000
168838.650000
171395.750000
171399.250000
171402.800000
171793.300000
171869.200000
173677.400000
182315.650000
182319.400000
182323.350000
182420.800000
182767.250000
182787.750000
182928.450000
182996.350000
183002.700000
183014.550000
183074.800000
183399.450000
183403.000000
183419.400000
183423.700000
183470.700000
183480.500000
184132.750000
184341.350000
184377.200000
184541.700000
184572.650000
185258.900000
186297.600000
189800.300000
189807.150000
189811.350000
197553.250000
197557.700000
200205.050000
201526.550000
201536.100000
201543.900000
201592.850000
201600.950000
203461.950000
203669.850000
204724.350000
204777.950000
204915.850000
204919.150000
204926.250000
204930.300000
204947.150000
205087.800000
207159.700000
212868.200000
212908.800000
215654.500000
216365.100000
223726.750000
227253.600000
227352.250000
231169.250000
233199.650000
238384.500000
238388.750000
238392.700000
238396.100000
238408.350000
238417.500000
241909.750000
242630.100000
242634.200000
248240.300000
248270.200000
248274.750000
248279.050000
248994.000000
249004.950000
249530.400000
257717.350000
257724.200000
257729.800000
262394.800000
262399.600000
264091.200000
264102.200000
265477.300000
265482.300000
277843.300000
278256.050000
278601.900000
280407.500000
280410.700000
280417.850000
296561.900000
296823.900000
296898.550000
297027.250000
297049.250000
297199.750000
297210.250000
297302.950000
297326.000000
297331.150000
316775.550000
316858.550000
321368.000000
321380.750000
322032.250000
322169.150000
322207.450000
322212.150000
322319.250000
322332.200000
322695.900000
323191.500000
323198.500000
323205.800000
323516.250000
323646.100000
323665.950000
323673.050000
324260.500000
324301.950000
324308.150000
325073.350000
326493.200000
326913.700000
327017.200000
327029.100000
327443.400000
331650.050000
331713.050000
331733.850000
331784.100000
331791.250000
331884.300000
331912.200000
331914.650000
331958.950000
331963.350000
331971.350000
331975.600000
333058.550000
334190.100000
334208.150000
334210.950000
334231.750000
334749.650000
334785.450000
334797.850000
334801.850000
334835.150000
334842.700000
334866.300000
334924.900000
335072.800000
335345.850000
335353.250000
335367.800000
335371.250000
335383.050000
335393.050000
335425.000000
335499.350000
338008.850000
338020.250000
338225.700000
341059.700000
341066.300000
341138.850000
341146.550000
341186.650000
341211.300000
341221.200000
341519.500000
341544.000000
341570.750000
341573.450000
341576.900000
341604.700000
341622.250000
341828.400000
341842.550000
342151.000000
346757.350000
346781.650000
346795.500000
346799.050000
346842.400000
348819.450000
348829.700000
349733.850000
349829.500000
351056.400000
351063.000000
351067.650000
351085.750000
351273.450000
351327.550000
354083.000000
372934.600000
373973.450000
374350.950000
374368.150000
374418.000000
374439.750000
377671.650000
377705.600000
377952.200000
377992.150000
377995.350000
380865.800000
380879.500000
380891.350000
380894.100000
380896.450000
380908.950000
380955.450000
381115.800000
381132.850000
381149.650000
381167.850000
381170.800000
381182.350000
381201.350000
381223.500000
381250.800000
381256.900000
381295.300000
381306.750000
381317.500000
381336.050000
381583.400000
381601.300000
381610.650000
381656.650000
381668.450000
382651.300000
382715.650000
382847.400000
382862.300000
383276.150000
383300.550000
383419.600000
383511.500000
383595.850000
383612.050000
383733.950000
383781.950000
383906.450000
384227.500000
384255.100000
384310.350000
384348.600000
384377.900000
384483.250000
384549.550000
384564.950000
384605.750000
384638.400000
384669.500000
384700.150000
384804.750000
384829.300000
386571.700000
386680.600000
386772.150000
386796.450000
386817.100000
386980.600000
387062.400000
388143.700000
389125.950000
389167.100000
389170.800000
389234.900000
389244.150000
389404.200000
389424.350000
389430.150000
389475.300000
389611.800000
389839.100000
389842.500000
390080.350000
390138.650000
390178.000000
390509.200000
390552.650000
390629.650000
390728.700000
390733.000000
390913.300000
390922.950000
390978.550000
391027.500000
391178.450000
391264.600000
391365.100000
391617.250000
391703.750000
392233.250000
392621.500000
392710.450000
392720.000000
392809.650000
392935.700000
393164.650000
393272.550000
393298.650000
393394.700000
393589.050000
394441.650000
394487.450000
396463.000000
396466.650000
396469.550000
396787.500000
396890.800000
396933.300000
396945.850000
396965.450000
397032.200000
397123.700000
397129.000000
397224.400000
397241.000000
397284.500000
397308.700000
397376.600000
397417.300000
397471.150000
397499.650000
397633.350000
397719.650000
398291.450000
398297.450000
398303.550000
398378.350000
398477.200000
398486.300000
398755.600000
399667.300000
399703.000000
399768.600000
399938.750000
399978.600000
400146.200000
400168.350000
400183.700000
400283.500000
400302.150000
400396.600000
400410.050000
401533.900000
401540.200000
401561.300000
401565.550000
401614.950000
401645.750000
401758.350000
401893.700000
402398.300000
402420.800000
404204.400000
404213.550000
404220.700000
404241.550000
404862.550000
404915.500000
404921.200000
405021.700000
405024.850000
405029.250000
405037.450000
405060.050000
405250.100000
405274.100000
405486.450000
405491.500000
405527.850000
405588.400000
406054.400000
406700.000000
406718.550000
407330.000000
407558.750000
407691.100000
407713.250000
407725.300000
407780.500000
409289.400000
409293.750000
409321.050000
409601.500000
409747.550000
409788.500000
409792.400000
415724.650000
415732.450000
415790.400000
417060.650000
417108.450000
417148.900000
417152.050000
417289.600000
417881.350000
417893.500000
421838.750000
421846.500000
421875.250000
427609.400000
427612.750000
427625.350000
430004.950000
430029.950000
431447.100000
434630.900000
434730.950000
438829.200000
439567.350000
440433.800000
440650.700000
442374.600000
442393.500000
442403.550000
442419.500000
442521.500000
442603.100000
442607.000000
442610.050000
449188.000000
449202.500000
452855.450000
464074.500000
465128.350000
465152.050000
465166.250000
465175.400000
465383.350000
465411.700000
465428.400000
465432.000000
465436.000000
465443.200000
466240.000000
466278.750000
466406.650000
466414.350000
466421.450000
466426.500000
466431.250000
466444.250000
466455.700000
466481.200000
466486.150000
466738.500000
466744.750000
466749.300000
466770.350000
466800.950000
466805.100000
466825.750000
466866.900000
467235.400000
467248.850000
467259.500000
467290.900000
468037.350000
468079.050000
469174.750000
469200.550000
469211.800000
469472.100000
469846.350000
473320.400000
473624.400000
475278.500000
475282.450000
475295.900000
475361.800000
475364.800000
475561.100000
475578.500000
475802.200000
476013.150000
476027.050000
476051.000000
476060.050000
476098.950000
477365.600000
477417.000000
479875.100000
480686.200000
484176.050000
504923.550000
505182.450000
505188.500000
505747.150000
505753.600000
506263.300000
506269.250000
506277.050000
506284.900000
506293.100000
506527.400000
506631.050000
506647.150000
506659.750000
506750.550000
506761.150000
506838.700000
506849.500000
506935.400000
506941.600000
506958.450000
506963.000000
506973.900000
506979.800000
507189.500000
507206.700000
507211.550000
507353.400000
507496.050000
507534.100000
507537.800000
507544.700000
507551.250000
507614.350000
507651.950000
507732.800000
507815.300000
507819.550000
507922.800000
508306.000000
508320.900000
508433.950000
508555.150000
508578.650000
508898.200000
509813.050000
509818.100000
509905.850000
509920.250000
509931.850000
510059.750000
510080.200000
510129.100000
510187.300000
510314.000000
510317.950000
511152.800000
512395.750000
513211.700000
513215.100000
513222.300000
513225.800000
513255.100000
513401.100000
514291.550000
514544.100000
514588.100000
514594.700000
514607.950000
514825.800000
514829.200000
514838.700000
514843.250000
515287.200000
515345.150000
515351.350000
516254.600000
516346.850000
516363.000000
516654.950000
516710.900000
516722.200000
517073.500000
517102.050000
517160.300000
517163.850000
517173.850000
517178.700000
517184.200000
517204.750000
517228.750000
517236.700000
517271.950000
517343.600000
517346.900000
518132.300000
518146.600000
518150.550000
519437.350000
519645.900000
519722.400000
519791.600000
519802.200000
519934.600000
520887.700000
521007.600000
521777.000000
521801.100000
521804.400000
522256.500000
522610.200000
522619.550000
522623.900000
522805.800000
522810.800000
522818.850000
522840.300000
522883.800000
522888.000000
523139.050000
525980.550000
525994.900000
525997.850000
527526.750000
527531.950000
527960.350000
528048.500000
528051.150000
528072.500000
528173.450000
528182.350000
531583.950000
531594.250000
532130.900000
532480.800000
532490.950000
532500.000000
533215.550000
533364.750000
533374.850000
533382.800000
533670.800000
533682.050000
533700.250000
533706.400000
533753.050000
534057.800000
534061.550000
534068.350000
534084.150000
534116.000000
534129.200000
534190.300000
534610.800000
535244.900000
536240.000000
536249.450000
536253.750000
536257.400000
536266.700000
536560.600000
539369.300000
539388.850000
539906.400000
539910.350000
539913.500000
539917.700000
540438.950000
540527.700000
541244.200000
541253.350000
541446.200000
541866.650000
546077.900000
547302.650000
547581.950000
547588.600000
547622.950000
547651.150000
552029.450000
552077.800000
553713.450000
554706.100000
555532.050000
555785.700000
561184.250000
562590.800000
562970.500000
566799.450000
571644.250000
571655.000000
574916.600000
581090.850000
582951.300000
585116.600000
586766.450000
586781.850000
587000.650000
587315.250000
588912.300000
589293.200000
590523.100000
590537.700000
590568.100000
590715.450000
590720.500000
591988.700000
592062.500000
592482.900000
592489.700000
592494.850000
592511.500000
592545.250000
593189.050000
594315.000000
594636.300000
594656.200000
594870.500000
594880.250000
595120.500000
595126.950000
595139.900000
595160.150000
595472.450000
595482.000000
595495.050000
595508.250000
595513.050000
595579.450000
597114.150000
597117.200000
597121.050000
597897.400000
597910.700000
597913.800000
602060.900000
602077.950000
605268.400000
605922.850000
606025.550000
606048.650000
606305.950000
606312.850000
606319.000000
606322.850000
607490.450000
607573.750000
608009.000000
608016.700000
608028.750000
608047.050000
608054.900000
608170.100000
610298.650000
610876.550000
618288.350000
618297.750000
618304.600000
618587.450000
618620.200000
618794.250000
619178.500000
619221.350000
619233.450000
619240.850000
619392.600000
619471.150000
619629.900000
619676.200000
619678.700000
619682.900000
619705.650000
619709.550000
620357.750000
620471.700000
620474.750000
620481.200000
620485.150000
620499.600000
620530.200000
621355.250000
621368.600000
621400.650000
621403.950000
621584.300000
621794.900000
621814.100000
621927.250000
621941.800000
621947.200000
622177.700000
622193.000000
622198.950000
622438.500000
622444.050000
622450.450000
622459.350000
622469.800000
622678.950000
622706.600000
622716.500000
622722.800000
622738.950000
622742.950000
622777.800000
622804.850000
622830.200000
622939.000000
622949.700000
623020.700000
623117.600000
623157.750000
623199.100000
623205.450000
623295.400000
623319.150000
623428.700000
623440.350000
623503.000000
623617.150000
623656.900000
623722.950000
623746.050000
623766.050000
623803.600000
623974.300000
624350.750000
624449.100000
624924.700000
625472.550000
625476.700000
625507.050000
625641.600000
625856.400000
625859.700000
625885.050000
626017.200000
626503.200000
626514.550000
626517.950000
626542.550000
627846.250000
627878.750000
627881.500000
627889.050000
627894.450000
627905.750000
627920.250000
628466.400000
628473.400000
628477.350000
628530.750000
628589.900000
628798.400000
628803.600000
628949.100000
628953.600000
629745.850000
629968.500000
629971.600000
629974.750000
630037.350000
630040.600000
630086.000000
630089.600000
630101.850000
630152.250000
630235.800000
630530.700000
630562.250000
630693.150000
630764.700000
630795.150000
630804.850000
630822.250000
630853.900000
631189.050000
631358.550000
631494.050000
631497.700000
631610.700000
631616.650000
631677.500000
631690.100000
631708.900000
632352.250000
632832.950000
632835.500000
633062.550000
633130.750000
633176.200000
633197.150000
634060.450000
634456.250000
634621.550000
634624.050000
634627.900000
634641.250000
634700.350000
634703.200000
634715.500000
634731.950000
634965.700000
634991.100000
634997.300000
635103.150000
635106.800000
636697.100000
636949.400000
636955.000000
636960.250000
636973.100000
637360.500000
637367.000000
637528.050000
637540.300000
638529.600000
639098.750000
639291.900000
639295.000000
639766.350000
640775.550000
640803.650000
640806.300000
640812.700000
642023.750000
642992.000000
643814.700000
647997.000000
648124.600000
648552.150000
648571.350000
648768.000000
648900.400000
648917.400000
649196.050000
649725.250000
649938.300000
649963.500000
649968.300000
650035.200000
650060.250000
650063.500000
650320.250000
650325.150000
650345.500000
650393.350000
651023.450000
651026.400000
651139.500000
651152.850000
651163.550000
651171.200000
651176.200000
651200.950000
651213.700000
651220.400000
651376.550000
652298.200000
652329.750000
652472.450000
652673.450000
652782.350000
652814.950000
652819.350000
652832.850000
652841.700000
652881.000000
652936.950000
652974.700000
653022.650000
653040.050000
653185.100000
653379.950000
653384.850000
653412.800000
653484.950000
653586.500000
653792.300000
653802.650000
653813.200000
653880.700000
654085.550000
654169.600000
654236.750000
654246.750000
654275.450000
654393.400000
654724.300000
654971.150000
655154.900000
655314.500000
655326.400000
655348.950000
655411.750000
655438.450000
655550.800000
655589.450000
655664.500000
655713.550000
655827.900000
656113.400000
656248.050000
656331.200000
656392.200000
656416.900000
656531.050000
656589.550000
656661.100000
656834.050000
656961.500000
657233.150000
657926.100000
657931.450000
657936.050000
657951.950000
658158.550000
658317.700000
658326.650000
658332.700000
658366.000000
658375.150000
658407.250000
658429.900000
658471.250000
658511.250000
658537.550000
658835.700000
658864.350000
658903.650000
658919.650000
658954.250000
658990.050000
659152.100000
659180.650000
659504.150000
659637.700000
659736.600000
659783.850000
659894.800000
659997.950000
660040.500000
660521.100000
660533.700000
660547.900000
660666.100000
660673.600000
661019.000000
661030.750000
662575.700000
662816.550000
662833.200000
664802.300000
664818.900000
664949.600000
664961.400000
664972.400000
664982.450000
665002.250000
665018.000000
665037.300000
665098.850000
665172.700000
665580.850000
665595.850000
665620.450000
665635.800000
665713.700000
665758.900000
665865.650000
665967.900000
666076.500000
666107.950000
666174.450000
666228.200000
666252.650000
666332.100000
666344.700000
666433.250000
666524.300000
666943.700000
666950.650000
667005.650000
667012.650000
667048.850000
667077.000000
667130.600000
667275.600000
667349.750000
667386.500000
667405.750000
668461.900000
668508.300000
668849.100000
668852.650000
668866.400000
668897.400000
668965.900000
669324.400000
669342.450000
669361.200000
670382.800000
671132.850000
671136.750000
671169.600000
671172.650000
671234.750000
671262.350000
671277.250000
672377.400000
672380.800000
672704.100000
673037.650000
673041.800000
673045.850000
673079.150000
673090.500000
673339.400000
673607.200000
673727.300000
673764.450000
673777.850000
673796.750000
675028.250000
675062.300000
675068.750000
675071.350000
675141.050000
675202.300000
675212.400000
675443.450000
675829.350000
675847.700000
675851.750000
675866.850000
676017.300000
676025.550000
676471.400000
676553.050000
676644.750000
676678.300000
677440.600000
677445.800000
677450.650000
677513.350000
677581.750000
677612.650000
677628.700000
677997.800000
678014.000000
678409.150000
678425.800000
678435.050000
678459.450000
678679.800000
679002.600000
679013.200000
679030.200000
679054.900000
679091.550000
679306.850000
680392.850000
680396.300000
680570.650000
680573.700000
682422.950000
683409.200000
683611.950000
683627.700000
683631.150000
683639.600000
683988.450000
684186.550000
684203.350000
684206.150000
684354.750000
684357.500000
684491.400000
684506.950000
684510.700000
685697.200000
686015.950000
686195.550000
686428.200000
686433.050000
686435.900000
686450.400000
686528.250000
686553.000000
686984.400000
687014.200000
687447.300000
687537.150000
688979.450000
688982.950000
689157.100000
689171.600000
690570.050000
691800.000000
691805.350000
692169.400000
692192.200000
692195.850000
692213.600000
692222.200000
692290.750000
692408.550000
692542.000000
692832.550000
692837.600000
693725.650000
693862.800000
693870.150000
694317.250000
694449.750000
694459.900000
696088.050000
696095.250000
696109.850000
696113.150000
697714.700000
697718.100000
697721.650000
697856.400000
706150.100000
706154.150000
706176.150000
707171.150000
707197.000000
707217.300000
707226.700000
707234.900000
707238.450000
708323.150000
708395.200000
708400.700000
708409.050000
708413.800000
708479.600000
708490.100000
708499.200000
708511.550000
708535.500000
708555.500000
708589.050000
708606.750000
708647.100000
708662.650000
708825.000000
708921.700000
709355.500000
709370.950000
709382.900000
709637.850000
709643.300000
709665.200000
710060.950000
710077.300000
711984.100000
712006.950000
712013.700000
712015.950000
712319.200000
712322.800000
712348.750000
712383.250000
712624.500000
712860.700000
713068.850000
713073.050000
713454.350000
713528.050000
713539.650000
713615.350000
713640.650000
713655.600000
715461.900000
715759.750000
716034.550000
716053.100000
716519.500000
716579.700000
716586.000000
716591.800000
716600.550000
716844.950000
717455.500000
717687.200000
718035.250000
718041.050000
718047.150000
718347.550000
718831.500000
718834.450000
719371.650000
719387.000000
720899.750000
720912.900000
720920.400000
721128.650000
721399.500000
721463.900000
721513.600000
721793.050000
721806.800000
721869.000000
721871.950000
722413.200000
722916.100000
722923.250000
723286.400000
723303.600000
723625.350000
724008.700000
724082.000000
724086.900000
724234.600000
724823.750000
725018.500000
725267.500000
725270.150000
725433.850000
725528.850000
725856.850000
725887.800000
725960.650000
726211.350000
726249.600000
726265.450000
726285.700000
726460.850000
726539.200000
726646.750000
726782.400000
726866.050000
726881.350000
726885.800000
727018.300000
727115.850000
727149.150000
727154.150000
727206.900000
727226.250000
727230.100000
727311.700000
727515.950000
727546.600000
727586.650000
727616.550000
727690.200000
727693.900000
727748.700000
727799.900000
727804.950000
727833.350000
727895.500000
727920.600000
727930.500000
727938.400000
727946.200000
728004.150000
728035.900000
728073.600000
728100.750000
728185.000000
728506.900000
728636.200000
728964.250000
728974.550000
729016.600000
729265.500000
729311.000000
729540.600000
729616.350000
729633.350000
729637.550000
729798.950000
729803.750000
729821.450000
730143.000000
730147.100000
730886.700000
730894.650000
730967.950000
731559.550000
731564.250000
732778.100000
733105.750000
733125.950000
733349.950000
733916.350000
734017.650000
735665.950000
737309.000000
737319.400000
737322.250000
737631.650000
737666.250000
738518.900000
738522.050000
739032.050000
739035.350000
739040.050000
739059.650000
739198.700000
739209.650000
739215.500000
739342.500000
739634.200000
739941.200000
740172.950000
740254.150000
740423.300000
740429.550000
740439.000000
740795.350000
740806.750000
740829.950000
740994.650000
741027.700000
741047.400000
741108.950000
741120.450000
741149.850000
741960.100000
742072.250000
742550.950000
742560.700000
742589.000000
742823.000000
743318.050000
743327.750000
743336.850000
743360.000000
743364.100000
743435.050000
744057.700000
744148.150000
744154.250000
744169.650000
744182.350000
744185.750000
744262.700000
745449.800000
745460.900000
745560.400000
745569.550000
745632.450000
745879.200000
745905.000000
745911.900000
745942.000000
747130.650000
747362.900000
747367.400000
747383.750000
747387.200000
747397.000000
747441.600000
747458.650000
747485.500000
747492.800000
747612.250000
747615.950000
747626.750000
747777.250000
748116.500000
748142.800000
748146.500000
748153.650000
748169.350000
748468.850000
748476.100000
748645.100000
748649.050000
748727.100000
748912.850000
749390.650000
749491.900000
749501.150000
749505.000000
749530.150000
749534.400000
750210.650000
750214.900000
750312.450000
750792.300000
751502.050000
751505.400000
751519.800000
751593.200000
751597.650000
751627.700000
751715.900000
752683.450000
752745.000000
752802.850000
754184.150000
754224.550000
754863.200000
754939.650000
754952.400000
755139.300000
755173.000000
755189.150000
755608.050000
755731.200000
756121.050000
756140.750000
756143.650000
756634.150000
756744.500000
756763.000000
756775.500000
756807.800000
757317.350000
757898.600000
758070.250000
758074.150000
758311.300000
759001.300000
759595.200000
760002.450000
760051.000000
760065.200000
760097.300000
760278.300000
760364.550000
760437.500000
760933.000000
760960.300000
763024.200000
763031.550000
763036.450000
763497.300000
763774.350000
763820.300000
763851.800000
763857.050000
763890.000000
768065.950000
768255.550000
768525.000000
769067.050000
769080.150000
769524.550000
777278.950000
806824.400000
807091.300000
808016.150000
808283.650000
808323.100000
808327.300000
808600.550000
808638.350000
808745.000000
808882.050000
808909.850000
809181.450000
809185.000000
809214.850000
809265.250000
809329.450000
809337.100000
809490.600000
809505.900000
809509.300000
810057.850000
810121.000000
810125.650000
810134.250000
810145.900000
810161.250000
810186.850000
810217.450000
810241.400000
810282.150000
810299.650000
810366.600000
810375.500000
810447.250000
810677.750000
810682.750000
810843.500000
810848.700000
810873.650000
810928.800000
810976.550000
810991.250000
811148.000000
811157.000000
811163.250000
811232.900000
811247.500000
811587.950000
811651.600000
811703.700000
812103.250000
812240.450000
812246.550000
812381.100000
812392.350000
812455.800000
812564.000000
812673.200000
812776.850000
812902.100000
813106.800000
813206.100000
813457.750000
813492.600000
816388.800000
816428.600000
817422.650000
817430.200000
817435.150000
817439.700000
817443.500000
817749.300000
817752.100000
819985.050000
820882.500000
821129.650000
822257.600000
822705.650000
822709.700000
823095.650000
823103.850000
823765.650000
823925.800000
824017.300000
824025.700000
824045.650000
824673.650000
824698.600000
825376.400000
825382.900000
825722.500000
826347.450000
826515.200000
826623.800000
827255.900000
827293.300000
827298.100000
829241.250000
831783.000000
831798.200000
831805.150000
832994.700000
833013.000000
833047.850000
833053.350000
833085.650000
833525.700000
834219.300000
834228.650000
834615.250000
834618.550000
834621.500000
834627.850000
834640.600000
834645.350000
834671.800000
834680.000000
834687.550000
834705.250000
834834.950000
834849.500000
834860.100000
834876.200000
835083.700000
835099.850000
835107.550000
835139.300000
835146.000000
835344.850000
835356.200000
835423.650000
835542.150000
835817.950000
835975.200000
836108.250000
836112.700000
836147.350000
836160.450000
836502.350000
836514.150000
837161.600000
837467.850000
837512.800000
838396.100000
838428.800000
838535.100000
838549.600000
838565.050000
838635.750000
838643.350000
839261.450000
839265.300000
840332.200000
840874.900000
840903.900000
840910.000000
840913.000000
840943.400000
840959.700000
843058.900000
843805.200000
843995.100000
844077.350000
844094.700000
844100.750000
846185.850000
846189.650000
847694.100000
847697.700000
847700.400000
849368.150000
849372.850000
849402.650000
849453.000000
849459.350000
850205.350000
850236.200000
850531.500000
850954.750000
851739.000000
855434.550000
855680.150000
856992.000000
857011.550000
857020.800000
857032.950000
857042.500000
857046.400000
857663.750000
857669.550000
857999.600000
858028.450000
858045.300000
858632.800000
861237.350000
861249.600000
861252.550000
861262.200000
861281.400000
861293.200000
861435.500000
861446.550000
867034.850000
868345.950000
869137.350000
869969.300000
870530.500000
871654.300000
871658.200000
876703.050000
880598.500000
888977.600000
890667.800000
891613.150000
891624.550000
893421.150000
893767.150000
893839.000000
895255.100000
895305.200000
895823.750000
895844.650000
900152.650000
900160.550000
902613.550000
902616.800000
902620.700000
902624.450000
903518.550000
903530.450000
903534.100000
903544.550000
903548.250000
903558.300000
903587.200000
906260.050000
907827.450000
910692.400000
910696.200000
910747.850000
911562.350000
911678.750000
911733.200000
914108.800000
916169.100000
916889.800000
916986.850000
918605.100000
926358.000000
926364.500000
926369.750000
926376.150000
929833.850000
931176.450000
934463.000000
935443.550000
937626.950000
937632.500000
941525.200000
941533.150000
941538.400000
942557.200000
946720.250000
946744.050000
952921.350000
960158.550000
960163.850000
964602.250000
964605.850000
964620.750000
966168.450000
968117.750000
968125.500000
969139.250000
969143.150000
971306.700000
971320.050000
971325.800000
976367.700000
976379.400000
985881.400000
985886.400000
985919.100000
985921.850000
985926.100000
985931.100000
985938.400000
988607.700000
992125.450000
995290.700000
995294.400000
995297.250000
996069.150000
996075.650000
1000581.500000
1000617.750000
1000625.800000
1001624.950000
1001665.650000
1001671.000000
1001815.750000
1016380.950000
1016387.050000
1017074.750000
1017134.850000
1017139.450000
1017163.500000
1017183.950000
1018686.250000
1018702.150000
1018814.900000
1019543.250000
1019551.650000
1019735.650000
1020956.650000
1021540.150000
1021573.200000
1021897.100000
1022226.300000
1022234.900000
1022801.400000
1023890.100000
1023892.900000
1024524.700000
1024550.400000
1025511.200000
1025543.700000
1026167.000000
1026176.500000
1029626.350000
1029629.850000
1029653.350000
1029661.350000
1029853.100000
1029857.450000
1030016.200000
1034633.150000
1034661.950000
1036868.850000
1039365.800000
1039385.200000
1039733.250000
1040858.600000
1041765.200000
1042676.600000
1042901.400000
1043024.350000
1043043.000000
1043046.950000
1043155.350000
1043435.300000
1047719.550000
1047722.750000
1047725.500000
1047914.650000
1047977.200000
1047982.950000
1047988.050000
1048313.750000
1048459.550000
1048695.250000
1048952.500000
1048967.850000
1049040.050000
1049066.650000
1049166.050000
1049168.950000
1049175.400000
1049216.900000
1049272.500000
1049280.550000
1049307.700000
1049368.650000
1049372.700000
1049387.900000
1049422.900000
1049478.750000
1049500.400000
1049558.600000
1049678.150000
1049692.400000
1049780.400000
1049795.500000
1049929.800000
1049942.350000
1050090.950000
1050122.600000
1050195.750000
1050228.100000
1050264.000000
1050517.900000
1050524.000000
1050549.950000
1050563.850000
1050627.700000
1050631.800000
1050694.000000
1050872.250000
1050972.500000
1051603.400000
1051730.300000
1051749.150000
1053344.500000
1053398.700000
1053402.550000
1053419.050000
1053422.450000
1053432.400000
1053439.500000
1053476.400000
1053545.150000
1053597.400000
1053602.500000
1054921.450000
1055254.500000
1055260.000000
1055351.850000
1055357.300000
1055367.700000
1055373.100000
1055380.500000
1055410.600000
1055433.950000
1055555.000000
1055574.250000
1055593.100000
1055611.800000
1055627.800000
1055633.250000
1055704.000000
1055863.800000
1055884.450000
1056413.950000
1056453.850000
1056463.550000
1056759.900000
1056907.250000
1057164.300000
1057182.400000
1057202.450000
1057570.200000
1057637.750000
1057679.850000
1057685.300000
1057747.550000
1057752.750000
1057763.200000
1059786.850000
1059815.150000
1059821.500000
1059930.000000
1059945.150000
1059966.850000
1059974.800000
1059995.100000
1060010.500000
1060023.850000
1060045.050000
1060063.400000
1060081.900000
1060323.750000
1060360.850000
1060555.000000
1061815.700000
1061821.450000
1061849.300000
1062054.300000
1062672.700000
1062675.950000
1062936.050000
1062942.100000
1063281.400000
1066920.900000
1067173.750000
1067422.400000
1067434.900000
1067438.100000
1067934.600000
1068413.450000
1068436.400000
1069227.450000
1069327.700000
1069355.950000
1069362.550000
1069996.150000
1071323.200000
1073071.750000
1073105.900000
1073109.800000
1073119.650000
1073124.150000
1073413.350000
1073419.550000
1073422.750000
1073450.600000
1073574.650000
1073580.500000
1073702.400000
1074284.650000
1074321.900000
1074546.850000
1074575.900000
1074593.200000
1075764.250000
1076006.900000
1076013.000000
1076071.150000
1076533.600000
1076659.800000
1076678.250000
1076786.450000
1077157.050000
1077331.750000
1077925.950000
1077928.950000
1077966.050000
1077968.600000
1077981.550000
1079266.700000
1079275.500000
1079279.850000
1079308.250000
1079320.300000
1079327.250000
1079503.400000
1080421.600000
1080449.900000
1080460.450000
1080470.700000
1080474.900000
1081605.250000
1081674.250000
1081679.000000
1081687.900000
1081693.550000
1082278.250000
1082323.450000
1082326.000000
1084021.600000
1084025.050000
1084037.250000
1084044.500000
1084050.000000
1084060.650000
1084138.900000
1084155.700000
1084170.400000
1084249.450000
1084259.450000
1084286.200000
1086289.350000
1086298.750000
1086312.000000
1086314.800000
1087401.100000
1088215.850000
1088219.550000
1092003.050000
1092007.850000
1093075.150000
1093080.850000
1093100.850000
1093118.600000
1093182.050000
1093229.900000
1093271.900000
1093326.050000
1093338.700000
1093342.050000
1096154.750000
1096782.850000
1097400.900000
1097423.350000
1097426.350000
1097466.550000
1099022.000000
1099636.300000
1099658.250000
1099663.350000
1099684.150000
1099708.550000
1100318.600000
1102708.650000
1102711.550000
1102714.500000
1102734.200000
1102737.200000
1102765.350000
1102777.550000
1103701.800000
1103712.100000
1103715.400000
1103728.100000
1107401.600000
1107418.850000
1108946.900000
1109010.200000
1109446.850000
1109654.700000
1109669.700000
1109723.050000
1112359.700000
1112363.800000
1113243.000000
1113247.200000
1113249.400000
1113255.350000
1113264.350000
1113279.750000
1113794.800000
1113835.750000
1113838.700000
1114470.600000
1114496.600000
1114501.350000
1116173.050000
1116182.250000
1116486.800000
1116491.250000
1117118.800000
1117133.700000
1117136.900000
1117142.350000
1117166.600000
1117210.150000
1118394.400000
1118976.350000
1120443.900000
1121047.400000
1121052.000000
1121057.900000
1121323.900000
1121327.100000
1121333.050000
1124393.150000
1127623.500000
1127928.500000
1129324.150000
1129432.700000
1129445.350000
1129468.950000
1131131.650000
1131148.800000
1132892.750000
1133389.000000
1133579.450000
1133603.300000
1133969.550000
1133992.700000
1133998.500000
1134027.000000
1134588.200000
1134829.900000
1134834.150000
1135106.900000
1136597.700000
1138565.500000
1139074.950000
1139083.300000
1139086.650000
1139528.050000
1140093.200000
1140466.150000
1142822.150000
1142825.700000
1142831.100000
1142877.950000
1142898.050000
1145355.650000
1145360.900000
1146135.700000
1150571.850000
1151429.350000
1151441.400000
1153074.450000
1153078.800000
1155098.400000
1155108.200000
1155117.800000
1159478.000000
1159484.500000
1159822.850000
1162059.950000
1162107.150000
1165434.450000
1166481.450000
1166682.150000
1166689.200000
1166845.250000
1167975.400000
1167995.050000
1168055.300000
1168064.050000
1168778.900000
1169166.300000
1169203.700000
1170672.800000
1172309.500000
1172354.800000
1173033.950000
1173046.250000
1173050.750000
1173057.050000
1173060.950000
1173065.550000
1173102.500000
1173108.600000
1173113.750000
1173936.800000
1174421.200000
1174424.700000
1174444.600000
1174456.650000
1175028.150000
1175038.100000
1175313.900000
1175677.050000
1175685.750000
1175711.300000
1175718.550000
1175723.500000
1176550.150000
1176553.950000
1176570.850000
1179136.400000
1180405.900000
1180699.350000
1180711.950000
1180929.750000
1182352.700000
1182360.300000
1182365.200000
1186574.800000
1190077.750000
1190083.850000
1190086.900000
1190093.050000
1190105.050000
1191375.000000
1191401.800000
1195101.800000
1197122.200000
1197138.100000
1200622.800000
1200629.600000
1203573.400000
1205848.800000
1206940.150000
1206948.900000
1206965.200000
1210065.400000
1210829.250000
1210838.500000
1210869.550000
1215843.850000
1215851.800000
1215859.400000
1217344.300000
1219259.300000
1219415.200000
1221184.000000
1221977.850000
1223380.600000
1224458.450000
1224476.800000
1225519.300000
1225528.150000
1225564.100000
1228523.700000
1230969.550000
1233528.600000
1234233.750000
1234369.400000
1234919.350000
1234962.000000
1234998.600000
1235002.750000
1235012.650000
1235057.450000
1235093.050000
1236708.900000
1241828.200000
1241846.600000
1241849.850000
1241854.800000
1241891.950000
1242887.750000
1242938.050000
1246995.200000
1246999.050000
1247009.900000
1247015.750000
1247018.950000
1250788.650000
1251339.850000
1251343.600000
1251807.200000
1251823.400000
1251853.850000
1252308.250000
1252852.750000
1253739.700000
1253751.200000
1255443.000000
1255540.900000
1255551.750000
1255560.250000
1256194.550000
1259417.000000
1259425.400000
1259435.900000
1259438.500000
1260132.800000
1264395.400000
1264426.100000
1264431.550000
1264434.500000
1264473.400000
1264483.900000
1265285.350000
1265293.750000
1265306.550000
1265318.400000
1265327.950000
1265578.100000
1267511.500000
1268013.100000
1268047.750000
1269618.400000
1269653.050000
1269661.950000
1281073.050000
1281697.300000
1290786.900000
1300603.150000
1300763.750000
1300776.650000
1301017.000000
1306777.500000
1308440.500000
1309301.600000
1310227.500000
1310237.300000
1311999.950000
1312067.450000
1313765.900000
1314931.800000
1314939.400000
1316295.250000
1316332.400000
1316337.700000
1316340.500000
1316343.950000
1316356.100000
1316367.200000
1316417.300000
1317043.750000
1317402.250000
1317435.750000
1318838.550000
1319179.600000
1319322.750000
1319715.450000
1319928.150000
1319943.150000
1319952.200000
1319964.450000
1320374.500000
1320870.050000
1320874.650000
1321143.000000
1321148.000000
1321154.550000
1321161.800000
1321190.000000
1321193.500000
1321199.850000
1321487.100000
1321575.250000
1323931.150000
1324330.000000
1324349.100000
1324364.200000
1324934.800000
1324940.750000
1325265.150000
1325937.950000
1326752.900000
1327559.200000
1327565.100000
1327574.600000
1327578.200000
1327582.200000
1327588.350000
1327593.750000
1327864.700000
1327878.200000
1330166.200000
1331285.900000
1331290.850000
1331296.900000
1331337.000000
1344047.550000
1344618.850000
1345549.000000
1345682.300000
1346338.650000
1346352.400000
1346363.950000
1347658.900000
1347661.600000
1347783.800000
1349811.600000
1349957.500000
1349963.950000
1350530.750000
1352678.200000
1352687.750000
1352897.550000
1353263.950000
1353484.400000
1354860.850000
1354867.600000
1354884.100000
1354890.100000
1355834.300000
1355842.350000
1355845.700000
1356065.450000
1359599.350000
1359705.900000
1361577.900000
1363419.700000
1363744.500000
1367557.150000
1367568.800000
1367690.600000
1368930.200000
1374886.850000
1375499.050000
1375546.250000
1375550.150000
1376263.450000
1376317.400000
1377815.950000
1379222.400000
1379631.500000
1379636.800000
1380765.450000
1381174.950000
1382469.000000
1382474.800000
1383256.950000
1384084.200000
1384111.950000
1388183.150000
1388388.650000
1388395.650000
1388402.750000
1388406.550000
1388450.750000
1391457.150000
1392158.200000
1392166.600000
1392198.950000
1392864.550000
1401040.850000
1401044.350000
1401072.250000
1401604.250000
1401755.600000
1402031.300000
1402051.750000
1402597.400000
1402631.100000
1402642.600000
1402647.150000
1402650.100000
1402654.950000
1402661.650000
1402671.750000
1402676.450000
1402681.200000
1402694.900000
1402705.100000
1402742.900000
1402803.250000
1402816.950000
1402821.400000
1402925.350000
1404334.900000
1405660.800000
1405665.100000
1405688.850000
1405694.900000
1405717.850000
1406117.950000
1406556.450000
1406562.150000
1406753.650000
1407574.350000
1407589.350000
1407605.850000
1407609.450000
1408101.050000
1409007.550000
1409016.050000
1409899.750000
1409925.100000
1412033.400000
1412037.350000
1412062.900000
1413572.550000
1413979.400000
1413988.750000
1415376.450000
1415379.650000
1415393.550000
1415398.500000
1418728.900000
1418731.900000
1418751.900000
1418755.150000
1418757.800000
1418772.550000
1421347.450000
1421553.100000
1421977.850000
1421987.400000
1422583.150000
1430360.050000
1433996.900000
1435881.000000
1436738.200000
1436774.850000
1442357.600000
1442379.750000
1444312.300000
1445865.300000
1446782.400000
1447555.000000
1447565.800000
1448115.500000
1448146.550000
1448164.000000
1448186.150000
1448221.300000
1450882.800000
1451117.750000
1451122.200000
1451139.600000
1451143.500000
1451163.200000
1451170.250000
1451441.600000
1451447.500000
1451453.900000
1451466.750000
1451474.150000
1451478.350000
1451492.450000
1451518.900000
1451631.350000
1452139.000000
1455537.700000
1460556.950000
1461733.150000
1465049.350000
1467338.050000
1467342.250000
1467355.650000
1474589.050000
1478527.950000
1478748.550000
1478764.100000
1478778.450000
1478826.700000
1479523.750000
1480076.550000
1480114.650000
1480673.850000
1480678.700000
1480686.250000
1480692.700000
1480961.850000
1481130.900000
1483922.300000
1484125.050000
1484131.350000
1484371.200000
1487669.350000
1489188.850000
1489590.800000
1489603.200000
1489610.500000
1489613.450000
1489618.700000
1489626.350000
1489645.050000
1489660.650000
1489694.900000
1489709.350000
1489719.300000
1489747.900000
1489757.900000
1489776.350000
1489788.850000
1490047.900000
1490713.250000
1490735.850000
1490756.750000
1490804.750000
1490810.100000
1491436.300000
1491655.350000
1492803.500000
1496416.150000
1502993.650000
1503007.850000
1503031.700000
1503063.100000
1503082.700000
1505854.650000
1512628.350000
1513006.150000
1521304.100000
1521357.050000
1522062.400000
1522204.650000
1522675.050000
1522688.800000
1522793.650000
1522856.850000
1522863.650000
1522893.950000
1523170.100000
1523179.350000
1523191.850000
1523493.200000
1523746.000000
1523872.150000
1523878.100000
1523907.750000
1524444.300000
1524513.950000
1524552.050000
1524792.400000
1525264.700000
1525527.000000
1525540.150000
1525543.500000
1525913.900000
1526004.400000
1526065.100000
1526267.150000
1526311.550000
1527056.950000
1527133.150000
1527382.500000
1527504.600000
1527780.550000
1527890.200000
1527911.300000
1527935.850000
1528192.550000
1530023.700000
1530032.900000
1530036.450000
1532184.800000
1532548.100000
1532599.650000
1532617.150000
1532729.100000
1532739.350000
1534102.250000
1535248.150000
1535251.650000
1535284.750000
1535288.100000
1535291.100000
1535303.800000
1535309.000000
1537513.000000
1538053.450000
1538060.050000
1538064.000000
1539568.650000
1539924.950000
1540381.450000
1540661.850000
1543907.900000
1544025.500000
1544402.250000
1545182.300000
1545243.650000
1545250.050000
1545375.250000
1545402.350000
1545414.150000
1546393.250000
1546440.750000
1546455.900000
1547281.500000
1547354.050000
1548642.400000
1550726.150000
1550737.150000
1550780.200000
1550785.500000
1552163.450000
1553080.400000
1553094.000000
1555688.050000
1557304.450000
1557320.150000
1557580.350000
1561443.050000
1564767.600000
1564830.600000
1566845.300000
1567878.550000
1567882.250000
1567885.450000
1568039.900000
1568042.700000
1568046.550000
1569444.550000
1569447.400000
1569491.700000
1569535.550000
1569546.700000
1570720.500000
1570730.400000
1570795.500000
1570801.050000
1570805.800000
1570813.550000
1572244.250000
1572508.250000
1572657.150000
1572696.200000
1573330.550000
1573352.650000
1573359.400000
1573646.800000
1573651.900000
1573666.800000
1573980.550000
1578015.000000
1579140.800000
1579798.350000
1581811.100000
1585712.700000
1587146.950000
1588069.950000
1590119.950000
1590124.850000
1590138.600000
1590788.300000
1591464.150000
1592175.050000
1592182.550000
1592186.250000
1592425.050000
1594873.450000
1594957.950000
1597057.600000
1597395.650000
1597678.450000
1600797.350000
1600801.700000
1601912.350000
1602022.100000
1602143.550000
1602148.350000
1602151.750000
1602191.200000
1602195.150000
1602244.500000
1602918.800000
1602922.750000
1611958.200000
1612550.750000
1612590.150000
1612595.550000
1612598.850000
1614222.450000
1616166.350000
1617363.200000
1617375.600000
1617391.400000
1618994.050000
1619008.400000
1619024.650000
1619046.200000
1619689.300000
1619916.750000
1620018.650000
1620732.050000
1620744.150000
1620750.800000
1620753.950000
1620768.400000
1620951.500000
1621658.800000
1622759.200000
1623130.300000
1623134.550000
1623148.150000
1626630.750000
1626643.050000
1627863.100000
1627880.350000
1627905.000000
1627918.600000
1631493.500000
1631497.400000
1631513.500000
1631569.050000
1631941.250000
1632707.650000
1634011.500000
1634015.750000
1634018.400000
1634030.750000
1635794.650000
1635803.000000
1636653.600000
1637302.250000
1637343.750000
1637351.300000
1637354.250000
1639013.050000
1640289.950000
1640296.300000
1640299.800000
1641189.600000
1642223.050000
1642229.350000
1643094.900000
1643098.000000
1643319.950000
1646515.050000
1646758.450000
1646771.650000
1646777.600000
1646782.050000
1646787.800000
1650247.350000
1650254.750000
1652161.550000
1653629.000000
1653634.600000
1653713.950000
1655280.450000
1655283.600000
1656401.850000
1659501.800000
1659933.200000
1659945.050000
1659964.950000
1660009.600000
1660110.850000
1660412.900000
1660419.100000
1660425.100000
1660438.850000
1662332.200000
1662345.650000
1662524.300000
1666397.750000
1666403.550000
1666903.400000
1667108.450000
1667137.750000
1667143.350000
1667932.500000
1667936.750000
1668155.900000
1670270.250000
1670274.850000
1670285.000000
1674453.700000
1674478.200000
1674481.900000
1674484.900000
1674497.500000
1677920.550000
1677940.050000
1677975.800000
1677981.100000
1678345.450000
1683258.700000
1686856.950000
1686860.600000
1686863.550000
1692573.000000
1692581.150000
1692626.850000
1692646.650000
1693330.300000
1693653.850000
1694111.300000
1694118.950000
1694126.250000
1696447.050000
1696458.200000
1696462.250000
1697557.200000
1697568.900000
1697774.900000
1698195.550000
1698489.900000
1698493.700000
1699471.700000
1699775.250000
1699834.300000
1701387.450000
1701394.600000
1701466.200000
1701981.950000
1701992.250000
1701999.550000
1702008.350000
1702020.500000
1702028.500000
1702040.800000
1702376.850000
1702431.400000
1702445.900000
1702880.750000
1703039.800000
1704476.900000
1704486.150000
1704497.000000
1704528.750000
1704533.650000
1706201.300000
1706209.950000
1706212.650000
1709114.050000
1709277.650000
1710483.000000
1710506.000000
1710509.950000
1710512.550000
1710766.800000
1710876.500000
1710899.400000
1710914.200000
1711160.900000
1711234.950000
1711714.300000
1711846.700000
1712531.700000
1712556.650000
1712560.700000
1713378.250000
1713439.500000
1713454.550000
1713458.300000
1713462.850000
1714021.000000
1714026.000000
1714033.100000
1715839.550000
1716822.100000
1716841.200000
1716925.900000
1716941.900000
1716947.200000
1716952.350000
1716959.150000
1716976.350000
1717263.750000
1717268.050000
1717295.300000
1717299.150000
1717309.800000
1718441.100000
1721610.250000
1722138.900000
1722141.450000
1722144.300000
1722148.550000
1722155.450000
1722175.600000
1722187.150000
1722587.150000
1722591.900000
1722597.750000
1722654.350000
1723311.000000
1723618.600000
1723627.500000
1723655.400000
1723659.700000
1723758.600000
1724081.750000
1724849.900000
1728193.700000
1728201.100000
1728215.350000
1728224.250000
1728235.000000
1728491.500000
1729966.950000
1729972.750000
1729982.650000
1730906.000000
1730972.500000
1730977.150000
1731119.600000
1731125.000000
1731128.200000
1733651.150000
1733654.200000
1733906.900000
1733915.550000
1735297.200000
1735710.650000
1736431.800000
1736438.650000
1737680.000000
1738207.600000
1739133.050000
1739139.200000
1739164.900000
1739217.450000
1739835.850000
1739843.000000
1741039.250000
1741217.550000
1742235.500000
1744040.950000
1751818.300000
1751833.850000
1751846.950000
1752900.400000
1761452.100000
1761495.850000
1762393.350000
1762401.900000
1762407.700000
1762412.500000
1763277.900000
1763414.650000
1763431.100000
1763444.200000
1764433.350000
1764572.450000
1764576.800000
1765919.700000
1765929.750000
1765934.350000
1765937.400000
1766912.550000
1767307.800000
1767314.750000
1767334.050000
1767625.950000
1767633.800000
1768860.950000
1769191.500000
1769661.100000
1774557.300000
1777338.100000
1777349.000000
1777901.750000
1777906.200000
1777908.700000
1779811.400000
1779827.050000
1779835.500000
1779847.900000
1780207.250000
1780239.500000
1780386.950000
1780472.900000
1780486.600000
1781039.000000
1781213.050000
1781716.450000
1781719.750000
1783714.000000
1783920.600000
1789560.900000
1789910.800000
1789915.250000
1789918.150000
1790123.550000
1790167.600000
1790252.650000
1790277.250000
1792491.500000
1792675.600000
1792701.650000
1792706.050000
1792714.850000
1792738.250000
1793676.700000
1794881.050000
1796415.150000
1796907.300000
1797220.650000
1797356.700000
1797378.950000
1798322.100000
1801406.900000
1802135.500000
1802169.150000
1802401.400000
1802654.200000
1802666.850000
1802669.800000
1803697.200000
1803746.050000
1804469.800000
1804476.150000
1804995.350000
1805004.500000
1806917.200000
1806927.850000
1808168.100000
1808181.850000
1808192.000000
1808197.300000
1808212.850000
1809059.550000
1809513.400000
1809520.500000
1809631.550000
1809685.350000
1809697.700000
1809707.300000
1809715.000000
1810697.400000
1817203.450000
1820019.000000
1820928.750000
1821944.350000
1821951.150000
1823067.200000
1823540.700000
1824171.000000
1824333.900000
1824455.850000
1824993.800000
1825213.500000
1825442.000000
1828058.900000
1828064.350000
1830416.400000
1831566.050000
1841588.900000
1841597.450000
1847645.550000
1847655.300000
1847674.550000
1847693.850000
1847698.550000
1847701.700000
1847710.350000
1848973.950000
1849173.250000
1849180.250000
1849191.700000
1852771.450000
1852784.100000
1854752.350000
1854909.050000
1854921.150000
1859587.050000
1859614.050000
1859621.750000
1860248.250000
1860355.150000
1860363.450000
1860372.250000
1861156.950000
1861380.050000
1862194.150000
1862198.350000
1862210.100000
1862414.600000
1863778.950000
1866806.300000
1866815.100000
1868443.800000
1868452.750000
1868458.150000
1869738.900000
1870882.500000
1872927.650000
1872944.450000
1876455.900000
1880658.200000
1880663.750000
1880670.850000
1880678.650000
1880683.700000
1880691.800000
1880698.250000
1880726.900000
1880730.500000
1880740.700000
1887366.000000
1887369.500000
1887667.600000
1887677.300000
1887706.850000
1888403.550000
1889482.900000
1889488.500000
1889538.850000
1890086.200000
1890981.450000
1891024.600000
1894849.750000
1895414.650000
1895418.750000
1895422.200000
1895431.850000
1900083.800000
1900093.900000
1900558.450000
1901485.200000
1902485.300000
1902529.600000
1902533.850000
1902852.500000
1902868.150000
1904349.550000
1917608.050000
1919078.450000
1919084.650000
1920204.850000
1922431.400000
1922454.900000
1922964.700000
1924529.600000
1924534.100000
1924538.850000
1925054.750000
1926366.900000
1927155.800000
1928044.600000
1928611.700000
1928628.650000
1930862.400000
1930871.600000
1930924.300000
1931353.450000
1933274.050000
1933284.900000
1933288.750000
1933294.450000
1933298.050000
1933683.200000
1934117.600000
1935424.650000
1935429.850000
1938962.650000
1938986.950000
1939825.450000
1939838.250000
1939846.250000
1939851.950000
1940178.300000
1943075.900000
1943085.600000
1943178.200000
1943932.300000
1943942.550000
1943949.400000
1943955.350000
1943959.050000
1944624.500000
1944885.900000
1947332.650000
1948538.100000
1948545.950000
1948559.900000
1948567.900000
1948571.050000
1948580.750000
1948811.300000
1948817.500000
1951047.750000
1951080.450000
1951099.600000
1951921.200000
1952893.600000
1953895.500000
1959873.450000
1960277.100000
1977158.300000
1977161.050000
1977190.500000
1978932.000000
1980662.550000
1980674.800000
1980678.700000
1980683.100000
1980688.200000
1981097.800000
1981103.450000
1981109.100000
1981113.650000
1981121.300000
1982096.800000
1982102.950000
1982109.900000
1982113.500000
1982125.400000
1982136.900000
1983770.200000
1984206.550000
1984220.750000
1984239.300000
1986011.100000
1988645.100000
1989247.000000
1989550.000000
1989569.550000
1989997.600000
1990005.000000
1990012.750000
1990019.050000
2001600.400000
2003858.550000
2004925.900000
2004932.050000
2005063.200000
2011426.000000
2012746.600000
2012993.600000
2014542.900000
2019005.250000
2019009.950000
2021649.850000
2021654.150000
2021657.800000
2021660.500000
2024658.350000
2026655.600000
2026660.800000
2026666.300000
2027184.100000
2027191.450000
2027212.000000
2028748.500000
2033655.150000
2033659.050000
2033665.350000
2034319.200000
2034328.400000
2038055.800000
2038059.050000
2038062.350000
2039912.500000
2041761.400000
2045212.550000
2045216.350000
2045233.600000
2046209.050000
2046308.050000
2046324.450000
2046364.200000
2046367.800000
2046394.600000
2048908.200000
2049605.700000
2053332.050000
2053758.850000
2053775.100000
2064144.500000
2069684.150000
2069695.450000
2069699.700000
2073387.700000
2077988.000000
2078012.950000
2078023.350000
2078105.250000
2079221.900000
2087211.150000
2087218.800000
2087226.500000
2091093.150000
2091114.750000
2093968.600000
2096246.850000
2096253.250000
2096256.800000
2096269.550000
2096273.900000
2097120.650000
2104814.450000
2104823.550000
2106656.950000
2107135.050000
2111342.650000
2111594.700000
2111752.000000
2112475.300000
2112481.250000
2113196.950000
2113202.050000
2113207.300000
2129463.950000
2132342.300000
2132357.650000
2132366.600000
2132782.000000
2132802.700000
2134673.500000
2134689.350000
2136466.700000
2136499.900000
2136515.700000
2137968.900000
2139445.250000
2139453.400000
2139458.500000
2139464.050000
2139484.950000
2139488.600000
2139499.850000
2141702.850000
2141897.000000
2141904.350000
2141907.100000
2145129.700000
2150006.300000
2152064.500000
2154064.700000
2154082.600000
2154269.850000
2154368.900000
2154372.500000
2154458.400000
2154485.200000
2154500.250000
2157377.750000
2158793.650000
2158797.500000
2158802.000000
2158810.450000
2158814.050000
2158876.750000
2158963.600000
2158982.500000
2160082.700000
2160287.900000
2162236.050000
2162248.450000
2163522.550000
2163528.950000
2163536.800000
2164690.400000
2165053.150000
2166413.050000
2171029.550000
2171038.050000
2171040.900000
2171058.250000
2184965.550000
2187802.150000
2187809.700000
2194234.450000
2194258.850000
2194296.400000
2199320.150000
2199491.550000
2200063.700000
2200204.000000
2200377.200000
2200388.050000
2201413.850000
2201419.450000
2214120.650000
2214487.550000
2214495.300000
2214499.000000
2214512.550000
2218576.150000
2218595.400000
2218994.850000
2219076.100000
2219087.850000
2219093.000000
2219385.050000
2219390.250000
2219401.150000
2219405.550000
2219513.750000
2219518.450000
2219557.400000
2219817.150000
2219822.100000
2220103.600000
2221632.300000
2221809.100000
2223622.800000
2225474.250000
2225514.150000
2227149.450000
2227488.350000
2227591.250000
2227656.150000
2227674.250000
2227689.950000
2227692.950000
2227782.100000
2227799.550000
2230684.100000
2231943.200000
2233724.550000
2233734.150000
2233744.350000
2233749.800000
2233753.300000
2233758.950000
2233767.450000
2233775.650000
2235139.750000
2245263.450000
2246394.000000
2246400.200000
2246404.750000
2246415.550000
2246423.250000
2246435.300000
2246656.350000
2246659.950000
2247271.400000
2247276.300000
2247308.250000
2247317.700000
2247321.700000
2249435.950000
2249448.750000
2249458.450000
2252092.100000
2253048.550000
2257254.450000
2258967.500000
2258970.850000
2267038.100000
2267045.000000
2269626.000000
2275388.300000
2283829.250000
2286224.700000
2286229.500000
2287653.550000
2287689.200000
2287709.550000
2287719.350000
2287722.250000
2290042.150000
2292944.000000
2293411.900000
2293927.800000
2293991.750000
2294063.850000
2294068.500000
2297001.950000
2297013.400000
2297019.050000
2297276.450000
2298866.900000
2298881.500000
2299569.750000
2300290.500000
2300293.950000
2300304.100000
2300433.650000
2300543.550000
2300547.850000
2300552.900000
2300645.200000
2300648.900000
2300658.650000
2300690.250000
2300728.950000
2300732.700000
2300745.200000
2301604.650000
2301647.700000
2304829.450000
2304917.800000
2304923.500000
2304972.000000
2304981.950000
2304986.500000
2304990.200000
2307503.400000
2312770.550000
2312776.800000
2313136.500000
2313164.150000
2313169.350000
2313176.350000
2313184.500000
2313190.150000
2313640.850000
2313645.450000
2313657.300000
2319304.650000
2319949.050000
2332698.200000
2333454.300000
2335975.950000
2342549.300000
2344388.000000
2344409.250000
2344433.050000
2345693.800000
2345698.200000
2345702.600000
2345707.050000
2345711.200000
2347687.200000
2348657.700000
2349652.450000
2349680.650000
2349683.300000
2352066.400000
2352220.250000
2352536.250000
2352542.700000
2352962.800000
2353357.450000
2353361.900000
2353367.300000
2353374.200000
2353963.550000
2354004.150000
2354431.900000
2354440.750000
2363539.300000
2363542.850000
2363587.750000
2363691.300000
2363694.250000
2364392.150000
2364401.500000
2368658.050000
2368709.200000
2368716.450000
2368726.950000
2368743.900000
2368750.450000
2368759.350000
2368764.300000
2368780.900000
2369043.650000
2369403.350000
2369650.700000
2374234.000000
2374251.050000
2374997.650000
2375581.650000
2375585.900000
2376151.100000
2376160.600000
2376180.500000
2376385.400000
2376410.400000
2377200.500000
2377220.900000
2377266.200000
2377270.950000
2377280.550000
2377356.300000
2377386.150000
2377397.950000
2377857.350000
2378357.750000
2379870.900000
2387832.000000
2387835.350000
2388093.000000
2388220.350000
2388256.850000
2388270.750000
2388280.100000
2388290.200000
2388437.000000
2388485.950000
2388494.400000
2388500.550000
2388612.850000
2388786.150000
2388797.850000
2388914.400000
2389118.000000
2389125.600000
2389458.900000
2389480.850000
2389783.800000
2389946.550000
2390818.900000
2395474.250000
2395486.700000
2400141.450000
2401675.750000
2401681.950000
2402919.200000
2408206.550000
2408671.500000
2408683.450000
2412240.400000
2414883.600000
2427557.150000
2429756.500000
2429762.550000
2431252.850000
2433530.400000
2438737.750000
2438743.100000
2438747.200000
2438751.800000
2438756.750000
2438764.700000
2439620.000000
2439632.300000
2441257.050000
2441260.350000
2441274.350000
2442921.200000
2442937.950000
2443153.200000
2443759.500000
2447980.550000
2447985.650000
2448759.750000
2448765.500000
2448777.300000
2448787.250000
2448927.550000
2453527.350000
2453541.800000
2456847.950000
2462134.500000
2462150.500000
2464139.250000
2465301.600000
2466380.850000
2468429.100000
2471921.450000
2472932.150000
2473003.350000
2473012.300000
2482763.950000
2482779.550000
2485566.000000
2485999.600000
2486007.300000
2492888.350000
2493818.050000
2494934.850000
2496274.600000
2496279.050000
2496284.500000
2496288.700000
2497933.750000
2499825.650000
2501359.950000
2501367.750000
2501378.950000
2501494.800000
2501586.300000
2501982.200000
2504342.000000
2508182.250000
2509047.000000
2509055.150000
2509064.150000
2519902.350000
2520342.200000
2520354.800000
2520996.300000
2521000.550000
2521018.750000
2526331.200000
2528855.800000
2534269.750000
2535130.950000
2535334.300000
2535443.050000
2535450.400000
2535458.300000
2535480.250000
2535485.000000
2535488.450000
2535493.100000
2535498.350000
2535524.400000
2535531.900000
2545110.250000
2545115.100000
2545887.650000
2546413.950000
2546425.900000
2546431.750000
2546462.450000
2547155.950000
2551371.000000
2551380.850000
2551668.700000
2551773.750000
2553913.550000
2554127.100000
2554132.500000
2554135.650000
2555069.450000
2559058.050000
2559074.300000
2559082.750000
2559087.400000
2559283.600000
2559577.700000
2559588.300000
2559591.800000
2559643.600000
2559653.650000
2559670.650000
2559934.650000
2559938.350000
2560890.400000
2562632.600000
2562638.700000
2563615.450000
2564046.450000
2564050.300000
2564053.300000
2564057.000000
2564062.550000
2566054.200000
2575946.100000
2577463.500000
2580855.050000
2580860.550000
2580865.700000
2581213.650000
2583118.100000
2583849.150000
2585119.800000
2585134.500000
2585154.200000
2585224.700000
2585233.300000
2585833.750000
2587366.350000
2587630.900000
2588490.200000
2589607.600000
2589611.900000
2589614.900000
2589983.750000
2590755.200000
2590798.000000
2591973.200000
2592095.950000
2592118.350000
2592127.200000
2592134.750000
2594348.050000
2604614.200000
2606234.500000
2610403.250000
2612474.200000
2612478.500000
2612495.350000
2612507.550000
2612536.150000
2614326.200000
2614381.600000
2614393.900000
2615009.550000
2616705.600000
2616708.450000
2616711.350000
2618752.600000
2620023.600000
2620050.600000
2620077.700000
2620536.400000
2625620.150000
2625628.850000
2625644.300000
2630561.100000
2633513.600000
2634261.200000
2634661.900000
2634793.850000
2636685.550000
2636696.250000
2636747.900000
2638592.600000
2638649.200000
2638654.100000
2638658.200000
2638685.750000
2639108.900000
2639750.550000
2639754.150000
2641742.200000
2641754.850000
2643225.850000
2643683.150000
2643688.650000
2645756.600000
2646449.100000
2646464.050000
2646825.650000
2646864.350000
2648300.650000
2648313.700000
2648316.900000
2648320.950000
2648332.900000
2648968.550000
2650756.350000
2651470.350000
2651600.450000
2651606.250000
2651611.150000
2655120.750000
2661650.300000
2662044.150000
2662060.900000
2663699.150000
2663711.500000
2664675.450000
2664703.650000
2664707.250000
2672802.200000
2673550.450000
2673555.050000
2673567.800000
2674518.850000
2676989.450000
2677174.150000
2677810.500000
2677818.650000
2677827.450000
2677831.750000
2677837.900000
2677865.450000
2679204.000000
2680371.700000
2684821.450000
2693821.050000
2703754.350000
2705250.100000
2710313.100000
2711922.050000
2711927.200000
2714072.000000
2714077.450000
2714080.650000
2714083.600000
2714093.600000
2714330.550000
2714359.950000
2721540.750000
2721548.250000
2722980.450000
2726441.350000
2726445.000000
2726447.900000
2726466.850000
2726585.800000
2726703.500000
2726717.650000
2726976.000000
2726988.400000
2726993.400000
2727130.450000
2727150.100000
2727161.500000
2727217.850000
2727428.150000
2727433.050000
2727438.550000
2727455.200000
2728450.300000
2731683.600000
2732254.750000
2741053.650000
2741095.100000
2741100.500000
2741540.650000
2741567.150000
2741574.100000
2741582.000000
2741603.250000
2741751.800000
2741992.100000
2741997.700000
2742030.400000
2742034.300000
2742253.250000
2742309.150000
2742317.450000
2742321.800000
2742333.900000
2747027.200000
2747036.400000
2752428.700000
2757384.800000
2757523.450000
2757526.950000
2757531.300000
2757534.950000
2757574.650000
2757921.250000
2760518.250000
2760529.050000
2761004.200000
2761704.200000
2761731.300000
2764338.750000
2770049.600000
2770053.850000
2770056.650000
2770061.150000
2770075.250000
2770083.800000
2770087.550000
2770097.500000
2779201.500000
2785333.350000
2785339.900000
2785351.300000
2785360.300000
2786246.900000
2786249.900000
2786259.900000
2787840.550000
2796291.450000
2798202.650000
2798986.050000
2803800.200000
2803804.950000
2804928.000000
2804932.100000
2804936.350000
2804996.250000
2809902.750000
2811014.700000
2811421.500000
2811439.200000
2811451.600000
2812529.200000
2812538.550000
2812609.650000
2813412.600000
2815885.200000
2816763.100000
2816766.900000
2816770.000000
2816783.500000
2816789.000000
2816806.900000
2816817.250000
2816827.200000
2816843.650000
2817417.650000
2819196.750000
2819821.100000
2820782.450000
2821407.450000
2821743.850000
2821754.400000
2822695.950000
2823651.300000
2823659.200000
2823671.450000
2825719.350000
2827358.450000
2827362.950000
2834377.850000
2834438.050000
2834450.350000
2837926.000000
2843636.400000
2843642.200000
2843668.900000
2844630.900000
2844750.100000
2844788.350000
2844805.750000
2844855.000000
2844861.050000
2845124.350000
2845134.300000
2846174.200000
2846466.150000
2846471.300000
2846481.300000
2846491.000000
2846921.400000
2852569.300000
2853188.350000
2853238.000000
2863407.050000
2865250.000000
2877631.850000
2877834.150000
2879250.750000
2879262.400000
2882407.700000
2882414.300000
2886767.500000
2887924.100000
2887931.950000
2887934.650000
2888217.550000
2888224.000000
2888228.850000
2889291.100000
2891373.900000
2900663.550000
2900683.600000
2900720.450000
2900760.350000
2901697.100000
2905430.150000
2910723.700000
2910729.650000
2914491.400000
2920014.450000
2920027.550000
2920036.100000
2920039.950000
2920046.150000
2920054.450000
2920974.950000
2925153.650000
2936289.200000
2939558.850000
2939572.950000
2939616.900000
2939622.500000
2939631.900000
2940416.350000
2940432.250000
2940435.600000
2945673.600000
2946328.250000
2946953.950000
2950874.200000
2950882.400000
2950889.800000
2951335.700000
2951338.450000
2951351.900000
2956325.400000
2956336.200000
2956350.150000
2960924.700000
2961000.250000
2961006.350000
2961016.900000
2961022.400000
2961027.500000
2961035.700000
2961041.100000
2961055.900000
2961099.900000
2962386.650000
2962395.750000
2962410.400000
2964088.500000
2968250.300000
2973766.400000
2973810.250000
2974735.200000
2975098.250000
2975123.350000
2975126.450000
2975136.250000
2976447.300000
2976454.100000
2976458.850000
2976556.300000
2981360.550000
2981365.550000
2982078.100000
2993798.200000
3000285.550000
3005620.700000
3013985.900000
3014121.400000
3014492.300000
3015199.100000
3015233.550000
3015262.800000
3020239.550000
3020247.250000
3020922.000000
3020931.450000
3023960.950000
3028927.000000
3028941.250000
3031659.450000
3031776.400000
3031783.100000
3032703.250000
3032706.800000
3036160.800000
3036173.700000
3037929.500000
3037956.400000
3037972.950000
3039196.400000
3039199.850000
3044004.150000
3045059.750000
3055862.000000
3056491.450000
3056544.650000
3056817.700000
3056823.650000
3057665.500000
3062010.550000
3062180.550000
3062203.250000
3062214.150000
3063372.700000
3063859.450000
3063917.750000
3066142.350000
3068518.300000
3075183.750000
3075191.200000
3075194.100000
3076626.200000
3087937.200000
3095279.550000
3103885.000000
3118151.900000
3122277.700000
3123777.600000
3123787.650000
3130289.650000
3130294.750000
3133343.050000
3133363.050000
3133374.700000
3133380.150000
3133387.150000
3134937.250000
3134941.050000
3134969.500000
3145002.650000
3145006.450000
3145497.000000
3149667.600000
3161976.350000
3161985.250000
3164622.300000
3164637.000000
3171971.650000
3172334.950000
3177136.250000
3185527.400000
3188898.800000
3188902.900000
3188907.050000
3189000.000000
3189006.550000
3189146.550000
3189638.600000
3189644.000000
3189648.100000
3190786.300000
3190793.600000
3190864.600000
3191079.450000
3191086.400000
3191552.050000
3191557.150000
3191566.800000
3194259.200000
3196416.600000
3196420.100000
3196424.900000
3203155.800000
3203196.400000
3204344.300000
3204349.200000
3204355.700000
3204362.650000
3205576.250000
3206478.550000
3207799.050000
3208261.350000
3208267.000000
3208277.150000
3208772.400000
3208778.600000
3209289.200000
3209482.500000
3209492.950000
3209523.700000
3209546.350000
3210412.000000
3210736.500000
3212092.450000
3214863.500000
3217009.200000
3217018.000000
3217435.600000
3218142.300000
3219296.300000
3219756.250000
3219786.650000
3219790.650000
3224891.000000
3224897.550000
3224902.250000
3224916.300000
3227207.200000
3234792.100000
3234800.950000
3241602.050000
3241609.300000
3242944.150000
3243945.650000
3252515.800000
3252520.800000
3253217.900000
3253221.650000
3253224.350000
3255315.700000
3255396.500000
3267529.300000
3268380.800000
3274083.700000
3274110.800000
3275371.050000
3276032.750000
3276037.600000
3276048.950000
3276112.850000
3276117.550000
3276126.600000
3276151.450000
3276164.000000
3278254.550000
3280108.450000
3280143.550000
3281061.700000
3283211.550000
3283468.450000
3283477.550000
3283502.000000
3283514.750000
3285978.950000
3286810.350000
3296030.950000
3297009.650000
3297276.300000
3297397.100000
3297425.600000
3301237.750000
3305231.650000
3305237.500000
3305240.450000
3308154.800000
3308977.600000
3308999.150000
3309016.350000
3309254.800000
3313142.600000
3313152.800000
3314864.300000
3316749.500000
3318101.300000
3325049.600000
3325053.300000
3325702.150000
3325707.550000
3325713.700000
3329206.750000
3329211.800000
3330212.100000
3330222.450000
3330236.000000
3330516.450000
3333000.600000
3333747.700000
3334089.700000
3334102.700000
3334624.800000
3334629.250000
3334636.350000
3334646.700000
3334652.000000
3334657.550000
3334723.100000
3335547.650000
3336719.050000
3336764.150000
3336829.550000
3336836.300000
3337245.650000
3337255.600000
3337265.000000
3337270.350000
3337639.300000
3337764.850000
3338231.050000
3338719.100000
3339148.050000
3344350.600000
3344447.000000
3344789.800000
3346470.350000
3346473.900000
3346477.800000
3352540.850000
3356426.850000
3360964.950000
3361463.350000
3363038.250000
3364043.800000
3365302.750000
3366209.750000
3366680.850000
3366684.700000
3366998.300000
3367713.550000
3367734.950000
3367739.650000
3367771.750000
3368085.450000
3376269.850000
3376696.800000
3384346.500000
3384352.150000
3388422.500000
3388429.950000
3389776.150000
3389782.500000
3390362.450000
3390796.600000
3390824.750000
3391687.400000
3391697.450000
3396217.950000
3396233.250000
3396713.300000
3400500.250000
3403499.600000
3403507.550000
3403512.300000
3403519.650000
3404012.950000
3404870.700000
3404994.700000
3405009.950000
3405019.800000
3405041.500000
3405051.850000
3405096.600000
3405123.200000
3407918.100000
3412986.450000
3412997.300000
3418417.550000
3419632.800000
3420195.900000
3420210.800000
3420222.000000
3420227.250000
3420232.050000
3423059.300000
3423069.300000
3423921.600000
3423926.450000
3423935.100000
3423942.800000
3429828.150000
3431521.450000
3431526.650000
3432340.050000
3432914.400000
3432930.900000
3432934.300000
3432945.000000
3432957.250000
3433284.500000
3441527.950000
3443050.800000
3449030.250000
3449036.400000
3451233.350000
3451240.550000
3451246.450000
3451259.150000
3451268.950000
3451280.300000
3453369.450000
3454137.900000
3462574.250000
3462582.400000
3462592.600000
3463053.200000
3464026.450000
3464033.500000
3464036.850000
3464041.650000
3464049.450000
3464060.350000
3464064.500000
3464453.400000
3464464.200000
3464469.900000
3465287.200000
3465580.950000
3467177.300000
3467190.650000
3467197.750000
3467266.300000
3467271.650000
3467275.150000
3476405.750000
3476409.150000
3477112.250000
3478327.650000
3480523.600000
3480531.800000
3480536.550000
3480593.650000
3480606.050000
3480628.600000
3480636.350000
3480649.250000
3481054.750000
3488460.050000
3489048.800000
3489058.350000
3489061.950000
3489067.200000
3489078.550000
3489973.050000
3491295.150000
3491315.100000
3493967.500000
3493975.550000
3495372.600000
3495435.800000
3495985.750000
3495994.750000
3496412.700000
3496877.300000
3496972.950000
3496990.400000
3497134.000000
3497153.650000
3497160.750000
3497164.850000
3499157.600000
3500260.800000
3501633.400000
3501850.900000
3502172.950000
3502655.500000
3502659.550000
3502666.650000
3502671.550000
3503492.700000
3503511.750000
3509613.550000
3509630.500000
3509704.650000
3509716.350000
3509749.100000
3512582.100000
3514490.150000
3514499.550000
3514503.700000
3514513.450000
3514529.250000
3514533.250000
3514543.550000
3514550.300000
3514572.800000
3514580.300000
3515010.600000
3515018.750000
3515566.150000
3524237.800000
3524245.200000
3524257.500000
3525417.500000
3525794.700000
3525798.900000
3539050.050000
3539226.250000
3539233.950000
3539323.050000
3539326.100000
3539330.700000
3539336.750000
3539347.050000
3539390.750000
3540638.000000
3541178.550000
3544051.700000
3544058.250000
3544336.900000
3544350.750000
3544371.500000
3544553.000000
3545296.100000
3545300.050000
3545608.550000
3547367.450000
3547376.550000
3547381.300000
3547388.650000
3548824.200000
3548830.400000
3548872.550000
3550065.850000
3550069.850000
3551670.750000
3557813.450000
3569604.250000
3570093.900000
3570098.000000
3572421.050000
3572429.700000
3572435.100000
3572439.100000
3574822.350000
3577048.800000
3578497.900000
3583057.300000
3583060.950000
3583065.950000
3583071.000000
3584034.600000
3585643.950000
3585650.800000
3589504.100000
3589513.800000
3590765.550000
3590768.650000
3590773.500000
3591614.300000
3591683.300000
3592165.100000
3592173.800000
3597208.300000
3597211.650000
3597225.100000
3597890.850000
3599176.550000
