1183.400000
3973.300000
4573.250000
4581.350000
5062.200000
5442.650000
7455.000000
8205.500000
8420.150000
8621.450000
9456.250000
9691.000000
11076.850000
11574.900000
12635.300000
12669.500000
13028.100000
20578.200000
23433.550000
24509.200000
34777.750000
35975.700000
40353.500000
45653.950000
50615.700000
52435.550000
57340.600000
58142.750000
60759.500000
63875.250000
66294.500000
66741.150000
68285.300000
68615.000000
69083.150000
69149.200000
70953.700000
70961.100000
70963.800000
70968.800000
71342.700000
71999.200000
73393.000000
73809.300000
77040.500000
77117.950000
77121.450000
83515.650000
91023.900000
91724.250000
93634.450000
93957.350000
97827.750000
99491.400000
102300.950000
104883.700000
105201.400000
105209.850000
106846.350000
107722.500000
107784.350000
108820.150000
110001.600000
113502.300000
115594.700000
115631.700000
115718.300000
117634.700000
118226.050000
119271.900000
128711.550000
128795.200000
129406.050000
131921.950000
133406.400000
136622.450000
139116.650000
140145.600000
143237.300000
145880.400000
147042.150000
147749.850000
155062.050000
158688.700000
159942.650000
162814.600000
175786.100000
178365.800000
179677.200000
185362.600000
187703.000000
187879.050000
188777.500000
189218.850000
189349.400000
190575.450000
196558.700000
197719.500000
197877.100000
199909.200000
200379.350000
203131.400000
203225.300000
203778.550000
204807.600000
205341.700000
206000.450000
206170.000000
216048.500000
216214.300000
216382.100000
217877.600000
218706.700000
219228.750000
219523.950000
219855.250000
220968.850000
223723.450000
224431.850000
224481.300000
225697.750000
225718.300000
227084.500000
227216.600000
227755.550000
235074.350000
241360.350000
242713.700000
244759.000000
244762.950000
244766.900000
244771.250000
244778.600000
244784.100000
244789.700000
244807.850000
244818.800000
244824.550000
244831.300000
244834.850000
245575.350000
247397.850000
249887.050000
253605.150000
253627.850000
253632.000000
255384.950000
255495.350000
256148.600000
263812.700000
264280.850000
264961.050000
266606.700000
271084.800000
272225.650000
272439.400000
272665.800000
272901.150000
272944.450000
272964.450000
274265.300000
274848.100000
277240.750000
278618.600000
280193.750000
283661.450000
283965.350000
284378.000000
284783.600000
284817.200000
284869.200000
285882.900000
286343.300000
286461.400000
287456.900000
287557.600000
287675.450000
288404.000000
288605.800000
291817.750000
293602.950000
295595.600000
308710.500000
316290.050000
320403.400000
321348.450000
321691.650000
322159.950000
322568.000000
322751.200000
322779.300000
322994.950000
323087.500000
323699.250000
323855.850000
323918.650000
324195.350000
325322.350000
325329.900000
325804.750000
325930.500000
326080.750000
326498.850000
326609.750000
326859.450000
326882.150000
326963.850000
327325.400000
327506.800000
327532.450000
327886.050000
327967.400000
327968.800000
328191.700000
328334.250000
328914.800000
329598.500000
329602.800000
330425.800000
331298.550000
331375.550000
331399.300000
332389.250000
332492.050000
332918.350000
333053.550000
333117.350000
334024.100000
334104.450000
334213.200000
335614.000000
335808.250000
337142.850000
337225.000000
343004.250000
345236.300000
346650.600000
349818.300000
350207.900000
350260.150000
365491.100000
375794.050000
376645.300000
379742.150000
379859.550000
379883.900000
380807.300000
380917.300000
381512.500000
381547.950000
382526.900000
382536.950000
383952.450000
385171.200000
386461.750000
387812.500000
387946.150000
387999.400000
388053.350000
392144.300000
392148.050000
392307.500000
392314.800000
392548.600000
392997.300000
395280.800000
395284.300000
395409.950000
395548.750000
395600.800000
395705.800000
397635.900000
397883.100000
397893.850000
400968.750000
402081.800000
402779.350000
402838.550000
402957.050000
403307.850000
403942.700000
405010.450000
405104.600000
408011.300000
408168.350000
408520.700000
408540.700000
410348.650000
410698.050000
412099.550000
412812.150000
414020.100000
417155.150000
418975.950000
422795.000000
423553.100000
424647.650000
425896.900000
426235.350000
431345.200000
431821.250000
433098.850000
433205.050000
434738.600000
437089.750000
437153.400000
437581.950000
437820.250000
438034.200000
438286.250000
438749.650000
440025.950000
440282.800000
442639.000000
443470.650000
445239.650000
448037.000000
448591.200000
449001.600000
451405.550000
462761.250000
462898.150000
463471.000000
463758.750000
463957.300000
464046.650000
464900.300000
465066.950000
465100.650000
466071.500000
476949.350000
493313.450000
506553.500000
506756.850000
508013.900000
508276.200000
508365.750000
508713.150000
510077.850000
510103.250000
510113.100000
510435.150000
510462.900000
510599.500000
510816.000000
510836.000000
510840.050000
510959.800000
511115.650000
511165.300000
511375.250000
511658.200000
512221.000000
512416.250000
512521.550000
512924.700000
513076.150000
513223.700000
513290.450000
513336.750000
513498.650000
513723.500000
513894.100000
514392.700000
514517.550000
515834.200000
517823.500000
518615.300000
518725.250000
518934.750000
521151.250000
521197.100000
521217.250000
521900.900000
522101.950000
522239.400000
522582.100000
523023.800000
523452.500000
524227.500000
524349.500000
525099.650000
526005.350000
528119.350000
529521.350000
529652.850000
531497.750000
533019.250000
533021.950000
533496.700000
534155.800000
534818.400000
535537.500000
535650.000000
535814.650000
537099.100000
537104.950000
537130.850000
537406.950000
538474.250000
542040.650000
542090.400000
542228.600000
542858.250000
543159.300000
543573.450000
544662.700000
544809.200000
545589.600000
546497.250000
547227.500000
548255.250000
549060.950000
549396.200000
550165.600000
550548.600000
552249.300000
553160.150000
555572.050000
557050.050000
561674.150000
562210.750000
562597.450000
563560.000000
565194.450000
567038.900000
567436.950000
573443.550000
574367.300000
575021.700000
575613.650000
577900.650000
578181.800000
578197.850000
579636.350000
579774.850000
580357.700000
580663.700000
582271.050000
582300.000000
582304.100000
582307.800000
582994.500000
583008.500000
583084.450000
583118.700000
583655.700000
584041.600000
584929.500000
585359.850000
586431.100000
586595.350000
588008.750000
589277.150000
589412.550000
590793.800000
591576.350000
591586.700000
591601.200000
618298.000000
624312.650000
625001.500000
625100.800000
625587.850000
625954.050000
626258.900000
626595.450000
626696.450000
627967.850000
628032.250000
628149.500000
628246.200000
628558.900000
628703.350000
629353.600000
630296.850000
630616.350000
631128.250000
631434.900000
632677.800000
632909.050000
633007.450000
633201.900000
635437.150000
636825.000000
636999.650000
637015.950000
638897.150000
642601.300000
645835.300000
645853.350000
646109.850000
646288.200000
648678.200000
649109.950000
649172.850000
649670.600000
649849.250000
650326.900000
651095.250000
653421.600000
654635.800000
661795.400000
661852.050000
662270.050000
662347.700000
662880.150000
662953.500000
664529.200000
664764.050000
666558.450000
667747.250000
669780.250000
671068.350000
672074.550000
672336.450000
672564.600000
672651.200000
673132.700000
673891.550000
673972.050000
675595.800000
678652.300000
679519.500000
680156.500000
680534.500000
680979.050000
681038.200000
681061.100000
681077.050000
681664.850000
682202.100000
682371.150000
682492.350000
683531.950000
683928.950000
684463.000000
684884.350000
685100.600000
686271.300000
686763.250000
687238.500000
688308.250000
688357.000000
689616.600000
690774.600000
691681.350000
693798.800000
694530.200000
695434.300000
695560.100000
696222.600000
696237.400000
697038.900000
697704.000000
697948.000000
698553.600000
699179.000000
699616.300000
700040.400000
700420.350000
701603.450000
706393.050000
707384.000000
716073.500000
733654.550000
734295.500000
739498.700000
740493.600000
740641.100000
740647.550000
740881.800000
741017.800000
791430.200000
795142.950000
806844.200000
807099.100000
808027.100000
810436.450000
810683.450000
811097.200000
811489.150000
811908.550000
813374.350000
813781.050000
813806.050000
813943.900000
814124.050000
814213.000000
814894.650000
816521.450000
817237.100000
817559.350000
817577.850000
818378.400000
820815.700000
823140.850000
824335.000000
827711.750000
827847.050000
828460.550000
828564.850000
829271.350000
829513.700000
834354.250000
835011.450000
836200.350000
838680.250000
843084.950000
843615.650000
843834.850000
845648.350000
847843.700000
848300.950000
855678.650000
857450.650000
859216.650000
863339.800000
864439.000000
868236.300000
880916.250000
884645.450000
884916.150000
890453.450000
894353.350000
896332.800000
900621.000000
903673.850000
909513.300000
913736.100000
915395.950000
915516.300000
918874.850000
918908.400000
920102.800000
922903.000000
923618.750000
924813.450000
926382.600000
932152.150000
933715.900000
934060.050000
934156.250000
934387.100000
935342.100000
935346.650000
935352.250000
935358.700000
935364.150000
935370.250000
936614.900000
938423.700000
939191.850000
939918.350000
941419.750000
950123.100000
951639.450000
954111.700000
962405.150000
962411.900000
962416.700000
962420.450000
966137.250000
971843.900000
972964.100000
973959.650000
976088.800000
982685.900000
986600.500000
986604.800000
986617.200000
986622.350000
986633.150000
986638.850000
986646.650000
986653.150000
986663.200000
986669.950000
986682.850000
988083.850000
989768.150000
994611.400000
1001538.850000
1001811.900000
1001816.000000
1001820.350000
1003332.050000
1003433.700000
1004415.350000
1009887.350000
1010127.950000
1010134.150000
1010142.350000
1010147.600000
1010779.450000
1012438.450000
1012497.850000
1014306.100000
1023833.200000
1028990.700000
1038583.050000
1038882.150000
1051294.900000
1052362.300000
1052466.600000
1053048.800000
1053725.450000
1055415.250000
1056242.700000
1057974.450000
1061628.200000
1061670.250000
1063729.500000
1064316.400000
1064399.650000
1065099.250000
1065161.400000
1065527.000000
1065605.000000
1066905.100000
1069454.950000
1069712.850000
1069834.000000
1070153.200000
1070170.150000
1070227.150000
1070829.700000
1070992.750000
1071141.750000
1071431.650000
1071579.200000
1071610.950000
1071691.400000
1073254.650000
1073500.950000
1073890.000000
1076664.850000
1076896.950000
1077084.900000
1077328.200000
1077555.050000
1077578.700000
1078062.500000
1079007.550000
1085209.300000
1085334.700000
1085785.950000
1089229.600000
1090388.500000
1091237.900000
1093642.950000
1094262.800000
1097720.650000
1098435.100000
1098650.100000
1101132.000000
1104493.700000
1104824.850000
1106362.250000
1106745.700000
1108162.200000
1108423.050000
1109646.800000
1110843.650000
1111353.100000
1112620.750000
1118940.550000
1119199.350000
1119832.350000
1120545.100000
1121154.250000
1121327.050000
1121445.750000
1121495.350000
1122014.000000
1123420.400000
1123808.350000
1126965.300000
1128204.950000
1128924.900000
1130700.450000
1130910.000000
1137744.750000
1141152.150000
1147523.300000
1147530.300000
1147727.450000
1148566.400000
1149521.300000
1150178.550000
1155078.900000
1166389.350000
1171359.050000
1174138.100000
1182437.650000
1182442.600000
1182458.000000
1182498.650000
1184948.400000
1185456.250000
1189040.300000
1191039.350000
1197367.450000
1197790.700000
1197898.200000
1198904.200000
1200113.850000
1200144.950000
1201079.400000
1201950.850000
1203695.650000
1204350.200000
1204661.650000
1206092.250000
1206306.850000
1206348.150000
1206400.400000
1211440.950000
1211760.350000
1213653.600000
1214080.750000
1214084.850000
1214123.300000
1214913.050000
1215131.400000
1217456.150000
1218228.550000
1222682.450000
1224480.250000
1224494.600000
1229070.950000
1233210.650000
1233883.050000
1234053.150000
1234137.950000
1235293.550000
1236233.250000
1238535.900000
1238569.850000
1239187.350000
1239449.550000
1239875.400000
1240168.250000
1240192.350000
1240607.800000
1240881.650000
1241317.300000
1242789.500000
1243021.350000
1244408.000000
1245017.150000
1251618.550000
1252562.100000
1257854.550000
1259645.600000
1264574.650000
1267047.800000
1278300.550000
1280036.550000
1280361.200000
1282222.150000
1282824.200000
1283854.500000
1284183.050000
1284340.700000
1284350.100000
1284667.900000
1285098.800000
1285237.600000
1285975.150000
1291833.300000
1301799.750000
1305554.800000
1306258.100000
1306622.850000
1306883.750000
1306961.250000
1307009.300000
1307090.200000
1307526.250000
1307784.650000
1308195.200000
1308754.400000
1309722.700000
1309775.200000
1310633.050000
1311189.800000
1311216.550000
1311890.900000
1312205.000000
1312696.150000
1319730.150000
1321501.800000
1322926.200000
1330569.450000
1335804.600000
1336923.350000
1338839.000000
1339679.800000
1339717.550000
1343905.800000
1344379.900000
1344389.600000
1344393.000000
1344396.100000
1344973.450000
1344980.500000
1346758.400000
1346784.150000
1347513.000000
1352895.650000
1354163.100000
1354193.200000
1356637.250000
1359603.900000
1360121.950000
1365221.600000
1366197.650000
1366225.650000
1366292.850000
1366617.950000
1367432.500000
1367661.800000
1367720.650000
1375540.700000
1378418.600000
1381176.100000
1392850.750000
1392866.200000
1392873.600000
1392889.700000
1394588.700000
1404120.050000
1408877.200000
1410082.600000
1413253.800000
1419164.950000
1419168.900000
1421545.550000
1425116.200000
1425437.900000
1428089.300000
1428362.200000
1428629.650000
1428715.950000
1428736.250000
1428744.500000
1428954.150000
1429135.800000
1430589.400000
1431892.050000
1431960.200000
1432149.550000
1434823.000000
1434958.500000
1435708.950000
1435895.850000
1436097.700000
1440582.250000
1441366.850000
1442948.700000
1443016.550000
1445122.000000
1446092.700000
1446340.600000
1448003.650000
1448188.300000
1448673.500000
1448676.850000
1450484.600000
1451937.700000
1453479.300000
1453483.300000
1457830.250000
1459938.100000
1460649.450000
1461110.400000
1463480.750000
1465443.500000
1467052.800000
1468713.700000
1468854.250000
1469132.750000
1472995.350000
1473146.100000
1474075.600000
1475042.750000
1476648.000000
1479344.500000
1480011.200000
1481274.150000
1481402.650000
1481498.050000
1482471.800000
1483707.300000
1484737.500000
1487008.050000
1525206.600000
1525221.350000
1525833.250000
1525957.000000
1526064.700000
1526088.350000
1527210.550000
1528378.400000
1528764.500000
1529535.850000
1529949.650000
1530485.950000
1530735.850000
1531392.350000
1532096.700000
1533085.250000
1533243.550000
1533851.150000
1535579.250000
1539692.450000
1540560.300000
1540564.700000
1540570.350000
1540951.750000
1542261.750000
1545400.700000
1547033.500000
1547080.150000
1548287.000000
1552186.050000
1557202.500000
1559615.250000
1562011.450000
1563957.850000
1570496.000000
1574477.850000
1574675.450000
1574880.850000
1575668.250000
1576564.450000
1576573.850000
1576749.600000
1576784.400000
1576957.250000
1577537.400000
1577748.650000
1578839.550000
1579043.700000
1579084.500000
1580293.150000
1588420.800000
1589954.400000
1589963.750000
1589968.650000
1589977.550000
1589983.550000
1589988.750000
1589995.200000
1602478.250000
1602482.400000
1605268.850000
1613136.700000
1613222.400000
1615704.150000
1616154.000000
1617102.250000
1629486.650000
1632609.900000
1635503.450000
1639777.000000
1645472.100000
1648153.000000
1649138.650000
1649619.550000
1649622.850000
1649627.550000
1654524.900000
1655950.650000
1657791.550000
1664187.350000
1667807.150000
1667812.500000
1668420.550000
1669403.000000
1670555.300000
1670558.450000
1674894.250000
1674900.450000
1674903.050000
1675251.900000
1675457.500000
1675461.200000
1687040.750000
1687044.800000
1687049.700000
1687537.450000
1687541.350000
1687549.550000
1691197.400000
1691570.050000
1692656.200000
1693313.550000
1694541.550000
1700045.950000
1704423.300000
1705784.550000
1708214.500000
1708281.700000
1708323.150000
1708586.300000
1708782.800000
1709303.150000
1709549.650000
1733356.200000
1735634.300000
1744447.800000
1746566.100000
1748125.150000
1748129.550000
1748132.550000
1751787.900000
1754400.500000
1755457.200000
1756044.000000
1756227.650000
1756240.100000
1756434.100000
1757659.250000
1757872.450000
1757900.400000
1758202.550000
1760307.650000
1760973.650000
1765175.450000
1767237.600000
1781102.400000
1782484.900000
1785459.700000
1785905.750000
1786763.200000
1787126.900000
1787852.900000
1789380.650000
1790052.950000
1790361.900000
1792527.450000
1793533.100000
1793545.650000
1804354.300000
1810125.350000
1810135.100000
1811383.200000
1811391.400000
1811394.400000
1815108.650000
1816411.900000
1819843.100000
1821535.500000
1822494.350000
1822574.850000
1838076.400000
1843840.300000
1850777.150000
1851741.000000
1851801.850000
1852129.800000
1852134.600000
1852141.050000
1852147.050000
1853290.400000
1863674.950000
1887705.950000
1887709.950000
1890807.800000
1890811.900000
1891493.650000
1891502.200000
1896805.600000
1898876.400000
1905823.650000
1906733.650000
1907604.450000
1909876.750000
1910105.400000
1918631.550000
1921889.550000
1924525.100000
1930139.200000
1933797.650000
1940656.850000
1947323.350000
1949128.500000
1949133.400000
1950319.200000
1951235.050000
1952107.650000
1952259.700000
1953226.600000
1957145.100000
1960157.550000
1960161.700000
1960166.800000
1960172.500000
1960178.650000
1961147.650000
1962593.900000
1963998.050000
1965229.700000
1967931.350000
1971049.150000
1972762.300000
1972890.800000
1975347.050000
1979129.400000
1983549.500000
1984220.050000
1990082.950000
1993749.700000
1997453.800000
2002612.750000
2003103.700000
2005131.800000
2011218.750000
2011222.300000
2014837.150000
2021469.300000
2028756.250000
2033746.050000
2033852.200000
2034569.400000
2039649.100000
2043477.300000
2045228.950000
2047015.300000
2054450.450000
2056392.000000
2057199.800000
2059174.150000
2059930.450000
2059956.200000
2060197.800000
2060363.200000
2060789.900000
2061725.800000
2061877.000000
2062470.650000
2064539.050000
2065210.800000
2065454.700000
2065662.750000
2068517.150000
2069174.950000
2072481.800000
2073395.750000
2073418.650000
2078971.000000
2080945.350000
2081068.450000
2083963.050000
2084453.650000
2084591.250000
2085473.350000
2093251.750000
2093560.150000
2097956.400000
2099385.950000
2099586.800000
2103917.400000
2103921.300000
2103923.700000
2103946.600000
2111026.950000
2111035.600000
2113222.050000
2114750.350000
2119883.450000
2121274.950000
2125046.350000
2129869.250000
2131993.450000
2134750.150000
2134753.950000
2134759.300000
2134765.250000
2134772.550000
2137132.800000
2146202.950000
2149124.350000
2149509.900000
2155512.350000
2156817.900000
2162234.350000
2162902.400000
2166393.950000
2170897.800000
2173856.850000
2175371.650000
2176674.200000
2177033.350000
2177253.600000
2178399.900000
2184963.250000
2194280.700000
2201315.050000
2202641.900000
2202647.350000
2202653.100000
2202659.200000
2205027.150000
2206125.450000
2207207.650000
2207230.950000
2207237.900000
2208479.500000
2208831.700000
2208935.150000
2209107.000000
2209207.450000
2209541.350000
2210006.150000
2210125.000000
2210245.350000
2210586.950000
2211269.650000
2212295.800000
2221782.600000
2224520.900000
2224943.950000
2225470.550000
2225690.050000
2225700.600000
2226725.600000
2227145.900000
2235298.350000
2237305.500000
2239267.450000
2240606.350000
2252313.150000
2253718.600000
2254851.650000
2254856.600000
2256706.650000
2256943.750000
2261637.100000
2264537.700000
2269593.050000
2269626.200000
2276001.400000
2276153.200000
2276164.400000
2276168.150000
2276172.150000
2276675.000000
2277173.300000
2277177.250000
2277183.050000
2277188.850000
2277197.000000
2277203.550000
2277231.250000
2277244.650000
2277257.450000
2277272.000000
2277280.700000
2277289.450000
2281832.650000
2289465.600000
2293713.600000
2294949.850000
2295948.900000
2296240.950000
2301996.350000
2315730.800000
2317310.100000
2317438.050000
2320143.150000
2320157.300000
2320160.100000
2330384.900000
2330410.800000
2330719.650000
2330832.450000
2330986.500000
2331177.400000
2331325.050000
2331626.700000
2332065.700000
2332190.350000
2333429.750000
2335053.450000
2335606.900000
2341666.150000
2342636.550000
2345441.650000
2348408.100000
2348411.850000
2350541.600000
2354148.800000
2354257.300000
2354265.150000
2354267.800000
2356676.500000
2358450.100000
2359771.700000
2366060.750000
2366176.050000
2367146.200000
2367157.850000
2389038.750000
2389647.300000
2389782.200000
2389920.100000
2389926.400000
2390469.950000
2390595.700000
2390879.550000
2390926.100000
2390932.750000
2390962.850000
2391072.400000
2391151.650000
2391294.300000
2391328.200000
2391952.850000
2391954.050000
2392031.550000
2392250.400000
2392316.900000
2392335.500000
2393082.700000
2398533.650000
2401682.800000
2403161.300000
2408921.150000
2411819.850000
2413446.100000
2417004.000000
2418975.150000
2421598.350000
2422588.400000
2423173.200000
2423679.500000
2426432.050000
2431244.100000
2440992.400000
2441580.250000
2442037.300000
2442042.000000
2448773.100000
2451518.250000
2458676.300000
2460237.300000
2460245.350000
2461732.050000
2461735.300000
2461739.500000
2461743.300000
2464468.750000
2465905.500000
2465908.900000
2465911.800000
2477498.200000
2477919.100000
2479228.700000
2482475.600000
2491082.950000
2491087.050000
2491092.250000
2491100.200000
2500327.150000
2500868.350000
2500919.150000
2507122.250000
2511227.900000
2514430.200000
2515495.350000
2515785.650000
2515789.850000
2515793.600000
2518489.450000
2518494.950000
2518502.450000
2527616.400000
2532426.500000
2532430.550000
2536939.000000
2537267.850000
2538170.150000
2538490.500000
2538899.300000
2539721.050000
2540487.400000
2540492.400000
2540863.200000
2541534.150000
2541832.450000
2541853.600000
2546209.050000
2546428.950000
2546438.100000
2547166.850000
2548700.550000
2550304.000000
2551656.500000
2555067.250000
2555649.900000
2558536.900000
2561870.100000
2570248.850000
2571866.800000
2572055.000000
2572872.200000
2572970.400000
2574229.000000
2574862.600000
2578247.650000
2580204.600000
2582079.750000
2586048.050000
2588734.650000
2589830.800000
2590666.300000
2595737.100000
2596188.850000
2597224.800000
2598123.100000
2599027.550000
2600594.300000
2600903.050000
2601033.450000
2601230.650000
2602305.400000
2602345.900000
2602631.250000
2603120.400000
2603417.450000
2606394.400000
2608160.350000
2608186.900000
2608632.250000
2611384.250000
2621347.550000
2625088.900000
2641710.900000
2650913.950000
2658827.250000
2658830.350000
2659719.700000
2660745.200000
2661938.750000
2661947.250000
2661955.750000
2663875.900000
2664311.200000
2664315.400000
2664318.550000
2664322.500000
2664904.450000
2676215.750000
2676218.450000
2679737.850000
2679741.500000
2682334.900000
2684774.350000
2684847.400000
2685703.900000
2687255.050000
2689289.300000
2689335.900000
2691465.950000
2692084.400000
2692251.750000
2693067.350000
2693168.500000
2693387.600000
2693797.700000
2694504.900000
2694771.650000
2694894.000000
2695076.200000
2696373.200000
2696432.100000
2696452.600000
2697213.250000
2699469.550000
2704676.050000
2705303.650000
2715538.400000
2717910.200000
2719296.350000
2720998.550000
2721275.000000
2721548.850000
2725819.450000
2728378.500000
2738160.950000
2738165.350000
2738170.850000
2739374.200000
2739773.800000
2740363.400000
2743208.650000
2743320.750000
2750844.800000
2750855.900000
2750862.400000
2754390.050000
2754930.400000
2760529.300000
2765798.300000
2767585.000000
2768471.950000
2771360.550000
2776248.450000
2778023.850000
2784291.650000
2798821.350000
2798826.100000
2800867.300000
2804561.000000
2817990.700000
2819205.650000
2822586.700000
2822768.500000
2824168.350000
2824423.550000
2826409.400000
2828210.500000
2829501.000000
2829504.100000
2829507.550000
2829511.400000
2829520.250000
2831818.900000
2840513.550000
2842073.700000
2844607.900000
2850374.600000
2850380.400000
2851439.000000
2857175.750000
2857190.000000
2857801.800000
2857805.800000
2857810.450000
2857815.800000
2858672.950000
2859826.550000
2865250.800000
2868985.400000
2869532.050000
2869816.800000
2870143.300000
2870504.050000
2871105.500000
2871146.450000
2871440.100000
2871729.600000
2871753.400000
2873209.000000
2873492.550000
2873722.300000
2879560.400000
2882405.850000
2887416.350000
2887436.150000
2887443.600000
2890238.300000
2890337.900000
2895139.050000
2895151.800000
2895157.550000
2896638.700000
2897111.900000
2897545.250000
2899267.450000
2899283.200000
2900823.650000
2900828.000000
2906412.450000
2907586.350000
2912683.950000
2915598.000000
2917685.450000
2917690.500000
2924491.400000
2925925.600000
2925931.800000
2928231.850000
2928387.850000
2928539.350000
2930208.100000
2930365.600000
2930661.650000
2930907.650000
2931988.600000
2932161.700000
2932650.250000
2932760.450000
2932802.550000
2933259.500000
2933696.450000
2933807.050000
2939476.450000
2942457.050000
2945653.350000
2945659.950000
2950791.700000
2963276.900000
2963290.350000
2963340.150000
2964023.000000
2970031.750000
2979521.250000
2980504.750000
2984946.900000
2986096.750000
2986276.150000
2986280.650000
2986295.150000
2986298.650000
2988535.450000
2989946.050000
2990820.300000
2991355.750000
2991407.750000
2991419.100000
2991506.050000
2992506.100000
2992623.200000
2993018.900000
2993349.200000
2994368.300000
2995103.400000
2996092.650000
2996097.100000
2996213.250000
2996497.000000
2997269.900000
2997332.000000
2999438.450000
3003476.250000
3003914.500000
3009548.250000
3010831.300000
3010987.900000
3011424.950000
3012143.950000
3018377.100000
3020054.050000
3023316.700000
3025838.150000
3026197.400000
3026554.800000
3046619.450000
3050721.300000
3050726.900000
3050732.900000
3055854.850000
3062208.800000
3073662.000000
3073668.400000
3079296.450000
3081052.800000
3081206.600000
3081863.000000
3082331.950000
3082789.450000
3082926.550000
3083030.950000
3083794.900000
3083897.250000
3084064.650000
3084514.250000
3085143.150000
3085910.550000
3086158.850000
3086291.450000
3087273.750000
3092340.800000
3092471.000000
3095575.500000
3097047.250000
3109281.800000
3111348.250000
3113888.650000
3124215.000000
3125205.750000
3132429.250000
3132432.550000
3134313.250000
3134324.900000
3134328.500000
3134332.250000
3142147.550000
3145009.650000
3147033.750000
3151008.700000
3151013.450000
3151139.650000
3161029.450000
3161408.150000
3161915.100000
3165452.100000
3167999.400000
3176732.150000
3178769.900000
3180911.000000
3181452.850000
3182750.150000
3188791.700000
3188887.550000
3189668.300000
3189671.000000
3190384.850000
3195158.450000
3208522.800000
3209176.400000
3216162.950000
3218592.150000
3221019.400000
3221021.800000
3221024.800000
3225232.900000
3226047.150000
3226256.200000
3228982.450000
3232128.100000
3232906.950000
3232917.250000
3233229.850000
3235453.000000
3239247.950000
3244421.250000
3244426.000000
3245326.750000
3246818.650000
3247202.700000
3249200.300000
3252399.200000
3252410.250000
3255475.200000
3255487.250000
3260977.600000
3262259.000000
3262995.850000
3263970.900000
3264435.100000
3265232.850000
3265319.650000
3266147.150000
3266167.600000
3266190.650000
3266995.100000
3267010.550000
3267367.600000
3267583.350000
3269356.300000
3270963.050000
3272030.250000
3272644.700000
3273511.050000
3274056.600000
3282963.650000
3289571.000000
3290535.050000
3292636.050000
3293283.950000
3293554.950000
3293568.650000
3293686.700000
3293924.900000
3294059.150000
3295514.900000
3295529.300000
3295541.400000
3295548.050000
3295864.500000
3295977.850000
3297371.050000
3297712.450000
3299265.050000
3308372.450000
3309257.150000
3319346.900000
3320405.700000
3325044.500000
3326778.900000
3329984.450000
3331814.950000
3331819.550000
3348010.650000
3349101.450000
3349243.550000
3349447.750000
3350267.850000
3350870.400000
3351533.000000
3351909.700000
3360171.750000
3373702.150000
3374913.200000
3376577.500000
3376582.900000
3376595.400000
3376610.750000
3377062.650000
3378295.900000
3379208.450000
3379730.150000
3379745.750000
3381544.300000
3382994.000000
3390238.950000
3396117.050000
3403475.150000
3404995.850000
3405916.350000
3414310.200000
3416646.750000
3417049.950000
3426398.950000
3426403.850000
3427707.200000
3427803.250000
3427956.000000
3431101.500000
3431360.000000
3431547.650000
3431564.950000
3439064.950000
3442440.900000
3443090.500000
3444052.650000
3455549.350000
3455553.050000
3455556.100000
3457862.900000
3457869.350000
3460090.450000
3463049.350000
3471006.950000
3471754.600000
3471797.950000
3472386.200000
3472583.550000
3472905.950000
3473077.550000
3473256.850000
3473913.350000
3474752.950000
3475008.500000
3475276.000000
3475513.700000
3475544.950000
3475773.200000
3476012.400000
3476082.950000
3476397.100000
3476728.250000
3476736.200000
3477686.000000
3478259.600000
3478441.400000
3478704.450000
3478952.950000
3479064.700000
3479579.450000
3479804.450000
3481691.400000
3484771.650000
3488254.750000
3488486.200000
3490229.550000
3496560.750000
3506791.150000
3511894.100000
3512433.850000
3514306.200000
3514313.200000
3515145.950000
3515750.500000
3515760.050000
3518276.650000
3521389.850000
3521394.850000
3521397.900000
3525034.100000
3533718.200000
3534034.550000
3536062.600000
3536673.300000
3536901.950000
3537341.100000
3539391.800000
3540444.550000
3543081.100000
3544058.650000
3551750.150000
3555900.650000
3557223.200000
3579522.100000
3579601.650000
3580660.850000
3581214.800000
3582252.250000
3582269.250000
3586826.650000
3587034.900000
3587210.100000
3587217.850000
3587222.650000
3587442.050000
3587447.000000
3589223.600000
