268.050000
4022.000000
4607.350000
4721.900000
5904.100000
5907.750000
5914.500000
5920.650000
8258.650000
8262.450000
8265.550000
8269.250000
8273.650000
8871.450000
8914.100000
8930.850000
8942.150000
10117.000000
10295.450000
11399.000000
12528.750000
12534.050000
12547.250000
12830.350000
13353.600000
13360.700000
14866.300000
14871.600000
14882.000000
14888.350000
15028.300000
21097.350000
22396.850000
24547.650000
30209.100000
30221.500000
30223.500000
30230.750000
30234.950000
30241.750000
31811.550000
32832.600000
34475.650000
34501.800000
34627.350000
34634.600000
34648.950000
36925.800000
36933.350000
37436.550000
40034.350000
40914.100000
43242.850000
43246.900000
43254.650000
43259.100000
43266.200000
43376.450000
44189.900000
44470.750000
44568.100000
45446.200000
47312.150000
47318.950000
47348.600000
50083.900000
50090.600000
50096.900000
50401.750000
50536.000000
51430.150000
52114.050000
52125.600000
52277.900000
52288.200000
52291.550000
52300.350000
52307.650000
52315.900000
54479.700000
56329.050000
56608.600000
58012.050000
60606.500000
60613.450000
60620.200000
60629.750000
61370.550000
61376.500000
62220.600000
62423.050000
63516.050000
68814.500000
70440.500000
70998.000000
71021.050000
71691.800000
71697.150000
71708.450000
71715.100000
72150.050000
73965.650000
77226.600000
82787.200000
82851.700000
84019.750000
84024.850000
86381.200000
86392.100000
86399.500000
86407.550000
86496.100000
86517.150000
86522.650000
86526.750000
88737.100000
89831.000000
89841.400000
89958.150000
89969.750000
91718.100000
92596.650000
95495.850000
96051.100000
96075.700000
96078.800000
97974.800000
98021.150000
98754.800000
98845.300000
98870.400000
99982.200000
102297.300000
102303.250000
102306.950000
102312.350000
105127.950000
105342.100000
106280.350000
108235.900000
108246.950000
108254.100000
108270.100000
109713.700000
109740.400000
109749.700000
109756.200000
110090.900000
112725.700000
115734.750000
117730.600000
118948.450000
119148.300000
119256.050000
119260.450000
119264.850000
119271.250000
119280.500000
119289.100000
119620.550000
119629.850000
119840.450000
119858.900000
119865.700000
119926.400000
119961.800000
120701.900000
121334.500000
121347.200000
121363.450000
121370.400000
121380.850000
122180.550000
122861.600000
122888.050000
122891.950000
123810.150000
124136.950000
124169.350000
125439.950000
125450.900000
125461.650000
125468.500000
125472.150000
126141.350000
128545.950000
128558.500000
130751.200000
131645.800000
131650.600000
132745.650000
132758.950000
134544.400000
135687.600000
135744.900000
135771.550000
135801.950000
135805.900000
135827.000000
135843.700000
135857.750000
135939.950000
136619.350000
136837.350000
136864.000000
136873.400000
136906.350000
137185.500000
137188.350000
137277.250000
137326.550000
137356.500000
137743.400000
140187.350000
140202.750000
140241.050000
140247.800000
141812.150000
142909.000000
143025.250000
143029.900000
143040.700000
143158.950000
143166.000000
146330.750000
146337.650000
146342.200000
146361.550000
146369.150000
146765.200000
148047.150000
149462.350000
149689.850000
150631.250000
150640.600000
151441.750000
153349.400000
153357.850000
153360.700000
153363.300000
153371.000000
153502.350000
156218.050000
156233.100000
157003.600000
157819.250000
159827.500000
160311.350000
160317.850000
160327.050000
160331.550000
160335.450000
160348.100000
160630.850000
160743.950000
161133.200000
161139.350000
161753.100000
162905.100000
163375.400000
163605.250000
164217.000000
167042.150000
167228.850000
167694.050000
168202.600000
168860.950000
168937.000000
169466.200000
170216.450000
170229.050000
171198.700000
171295.800000
171417.700000
174234.600000
174425.000000
174460.950000
175170.100000
175282.300000
175294.350000
175429.800000
175436.950000
175560.300000
175798.800000
175857.600000
175957.950000
176233.250000
176326.450000
176338.650000
176345.300000
176350.750000
176406.800000
176678.850000
176883.350000
176925.250000
176932.300000
176948.250000
177151.050000
177353.600000
177365.300000
177382.700000
177385.500000
177566.250000
177581.350000
177643.800000
177722.650000
177948.700000
177952.850000
177971.600000
178212.650000
178351.450000
178365.600000
178641.950000
178905.450000
179018.300000
179024.400000
179284.150000
179293.900000
179493.850000
179500.300000
179528.850000
179531.850000
179903.300000
180363.800000
180663.700000
181180.450000
182235.050000
184360.900000
184482.000000
185299.250000
189815.900000
189955.050000
189961.150000
189974.550000
196164.000000
197264.300000
197616.450000
197624.800000
197630.150000
199334.550000
199345.050000
199362.000000
199542.100000
199608.000000
199617.500000
199620.200000
199628.350000
200241.400000
201600.000000
201603.950000
201612.750000
201811.950000
201820.250000
203330.950000
203447.800000
203697.650000
203841.500000
203846.950000
203863.600000
203875.900000
203888.500000
203908.250000
204912.750000
204916.650000
204921.200000
204929.600000
208142.000000
212758.650000
212765.650000
216876.450000
216981.900000
216986.050000
216991.150000
216994.950000
223813.350000
226300.650000
226592.750000
227369.150000
230561.250000
230568.300000
233769.400000
233804.450000
233808.000000
235427.450000
235889.250000
235905.600000
239697.050000
239707.150000
239871.250000
240268.300000
241668.950000
241972.450000
241981.700000
245411.550000
245438.800000
245446.600000
245462.750000
245463.350000
247072.550000
248457.750000
249416.050000
250446.800000
253867.250000
255428.800000
255439.050000
260716.750000
260727.050000
261042.050000
261057.800000
263979.050000
265439.400000
265635.900000
267542.900000
267655.600000
267675.300000
267686.850000
267695.250000
268459.450000
268676.100000
273458.500000
273967.200000
274517.300000
277828.800000
277863.750000
277870.800000
277906.500000
277926.100000
277936.900000
280281.100000
280286.000000
281261.050000
282794.000000
286458.800000
291063.900000
291216.400000
293917.950000
295298.450000
295493.850000
295764.550000
296266.450000
296560.050000
296612.200000
296761.700000
297276.850000
298039.150000
298205.350000
298218.600000
299377.350000
299381.550000
299527.600000
299584.650000
300472.950000
300846.500000
300873.550000
301106.050000
301348.500000
301385.300000
301485.150000
301494.450000
301510.800000
301625.850000
301760.900000
301825.950000
301850.150000
301903.900000
301930.650000
302017.250000
302309.550000
302499.950000
302524.900000
302662.000000
303916.250000
304013.100000
304124.350000
304136.550000
304963.500000
305224.950000
305249.850000
305887.900000
306077.900000
306214.900000
306222.050000
306233.650000
306386.100000
306404.800000
306517.300000
306521.250000
306531.350000
306693.250000
306813.100000
306825.550000
306996.800000
307146.350000
307221.400000
307256.600000
307280.000000
307458.750000
310135.350000
310139.900000
310152.200000
310248.600000
310385.550000
310395.050000
310881.750000
311601.800000
311609.350000
311612.750000
311648.050000
312363.000000
312365.800000
312392.550000
312465.400000
312589.950000
312760.500000
312768.250000
312786.650000
313231.750000
313235.150000
313642.100000
313646.100000
313656.800000
313743.700000
313772.450000
313789.550000
313822.200000
314481.300000
314742.450000
314989.200000
315024.200000
315038.500000
315116.000000
315121.500000
315392.800000
315414.150000
315438.500000
315541.150000
315655.400000
315662.200000
316001.850000
316090.600000
316186.200000
316206.200000
316224.500000
316282.750000
316432.300000
316441.550000
316452.500000
316513.800000
316779.950000
317613.800000
317905.800000
317910.150000
318804.500000
319623.800000
320239.550000
320315.450000
320506.200000
320508.850000
320511.950000
320935.150000
321001.800000
321035.250000
321057.100000
321824.700000
321913.900000
322116.450000
324438.550000
325932.400000
326921.100000
330720.350000
331737.150000
331762.450000
331890.450000
331918.700000
331988.450000
332056.400000
332086.800000
333607.950000
334101.550000
334242.350000
334464.850000
334583.000000
334598.350000
334609.250000
334745.100000
334750.400000
335005.200000
335390.600000
335405.650000
337135.350000
337495.700000
338236.300000
338239.650000
338245.450000
338262.300000
338394.750000
338485.150000
339141.450000
340414.050000
340418.300000
340582.100000
340620.200000
340720.200000
340844.150000
340873.250000
341547.450000
341581.750000
341604.850000
341619.750000
341630.200000
341631.350000
341843.600000
341887.400000
342370.200000
342502.550000
342645.450000
342651.150000
343108.300000
343162.750000
343454.800000
343542.600000
343709.200000
343843.050000
343933.900000
344049.150000
344290.100000
346122.900000
346186.950000
346193.000000
346200.300000
346292.950000
346390.250000
346510.850000
346635.300000
346650.450000
346848.750000
346904.100000
346907.800000
348425.200000
348721.600000
348817.050000
348837.550000
349396.950000
349562.000000
350200.800000
350731.250000
350742.400000
350846.450000
351286.750000
351560.100000
352198.550000
352655.250000
352719.500000
352735.900000
353091.750000
353097.150000
353179.950000
353198.050000
354045.300000
354192.900000
354201.050000
354216.650000
354231.250000
355139.350000
356568.300000
356577.750000
356580.500000
356939.700000
357828.450000
358499.800000
360366.400000
364402.850000
364972.650000
365941.250000
366394.600000
366548.700000
366944.650000
367625.900000
367639.400000
367910.800000
368369.200000
368488.600000
368510.000000
368591.300000
368619.650000
368652.550000
369242.950000
369629.050000
370156.650000
371384.000000
371901.700000
372782.700000
375039.900000
378868.550000
378882.100000
381052.500000
381057.050000
381187.950000
381245.600000
381373.650000
381382.000000
381422.600000
381556.150000
381708.150000
381757.250000
381822.400000
382023.100000
382188.550000
382944.550000
383384.100000
383391.800000
383394.950000
383920.350000
383943.000000
384496.700000
385050.700000
385057.050000
385073.800000
385105.850000
385354.000000
385500.450000
385658.950000
386121.600000
386257.050000
386271.950000
387420.450000
387520.500000
389482.950000
389491.100000
389502.800000
389699.650000
390759.650000
391141.150000
391816.400000
391836.600000
392014.750000
393667.600000
395134.450000
395855.350000
395859.400000
396695.500000
397298.850000
397393.450000
397446.250000
397463.100000
398197.000000
399930.150000
400456.500000
401457.150000
405483.200000
405601.950000
408387.400000
408653.350000
408828.800000
408842.750000
408863.000000
408874.200000
409504.050000
410389.900000
410740.400000
412915.700000
412986.100000
412990.200000
413007.100000
415603.000000
415616.000000
416461.200000
416467.250000
417192.550000
417200.300000
417204.250000
417210.350000
417378.650000
417708.500000
419600.650000
419607.100000
419615.950000
420256.550000
422834.200000
422859.850000
423561.600000
423578.750000
424453.900000
426084.650000
429273.050000
429283.700000
429512.100000
430021.500000
430076.050000
430086.350000
430089.850000
431245.100000
431248.850000
431257.800000
434002.550000
434714.350000
437356.150000
437370.900000
438445.450000
438549.400000
439118.150000
439124.600000
439133.150000
439564.300000
439574.950000
439797.850000
442208.650000
442398.950000
442411.050000
442507.100000
442622.600000
442849.600000
442919.400000
442934.700000
442978.400000
444020.300000
444024.800000
444337.000000
444345.500000
444792.450000
444810.850000
445206.550000
445224.800000
445469.150000
445521.900000
446452.150000
446638.450000
446995.700000
447803.450000
447824.900000
447857.500000
448200.400000
448223.250000
448621.650000
448637.100000
449037.550000
449190.150000
449197.650000
449223.200000
449237.700000
449350.500000
449779.450000
449816.850000
451430.250000
451603.400000
451948.100000
452274.800000
452558.050000
452797.200000
452916.250000
452921.600000
454802.700000
455737.000000
455749.950000
455767.350000
455772.500000
455983.150000
455987.600000
457003.000000
457013.600000
457035.050000
457161.800000
457169.250000
458876.550000
458923.450000
458953.750000
459234.700000
459244.050000
459311.350000
460106.500000
460248.350000
463071.200000
463402.200000
463600.150000
464234.550000
465961.600000
466495.250000
466607.400000
466841.150000
467876.950000
467881.900000
468395.800000
469333.400000
469339.300000
469474.150000
469673.350000
469943.900000
469953.350000
469955.150000
469964.700000
470681.400000
472886.050000
473627.600000
473899.200000
473910.950000
473919.800000
473925.200000
473928.350000
476312.050000
477011.050000
478693.400000
478714.100000
479738.050000
480378.600000
480382.600000
480631.300000
480692.350000
481712.500000
483210.650000
483218.700000
485429.150000
486478.800000
486816.750000
486841.600000
487829.500000
487911.200000
490355.700000
490429.800000
490664.950000
490693.350000
490742.250000
491454.500000
492984.550000
494537.100000
494959.650000
495104.800000
495661.950000
495995.550000
496425.500000
496438.250000
498029.500000
499306.650000
503111.350000
503838.300000
505239.150000
505780.100000
506778.250000
506839.200000
507001.000000
507575.050000
508041.250000
508144.650000
508152.650000
508163.700000
508177.950000
508659.750000
508806.350000
509107.950000
509113.850000
509131.000000
509521.550000
510449.150000
510621.950000
510635.400000
510643.100000
510703.500000
510707.750000
512780.300000
513255.250000
513537.300000
513550.700000
514771.000000
514777.350000
514782.400000
514913.600000
515434.200000
515441.800000
516739.400000
518786.500000
519143.000000
519496.950000
519948.800000
521033.250000
521441.450000
524610.600000
525940.900000
528562.850000
528576.100000
528958.500000
530703.450000
531352.150000
531365.000000
531372.000000
531440.050000
531454.950000
533678.400000
533683.600000
536268.900000
538595.150000
538614.850000
538625.050000
539993.600000
540023.950000
541517.500000
541613.000000
541639.050000
541647.850000
542732.550000
543239.600000
545971.500000
552047.350000
552258.000000
552261.600000
552265.400000
552274.500000
554179.200000
554373.400000
554398.150000
554408.500000
554413.000000
555317.250000
555317.850000
555795.600000
558132.000000
558135.650000
559263.850000
559271.950000
559980.900000
559984.650000
559990.550000
560684.050000
562320.150000
562665.700000
563337.550000
563728.700000
564007.550000
566583.500000
566805.300000
566810.350000
566915.450000
568706.450000
568711.700000
569951.950000
571519.550000
572536.300000
572575.950000
573813.100000
573817.650000
573823.900000
573828.600000
573831.900000
573833.150000
575530.850000
576226.250000
576241.150000
576733.250000
576744.000000
577647.450000
580621.900000
581079.050000
585494.550000
585966.650000
586489.450000
587252.550000
588008.400000
589810.200000
590716.950000
590722.250000
591351.000000
592052.750000
593060.900000
593471.000000
593657.950000
593661.500000
593670.600000
594051.900000
594200.500000
595883.350000
595887.750000
595895.000000
595903.300000
595905.650000
596031.650000
597086.500000
597115.750000
597585.050000
597613.600000
598249.050000
602228.250000
602234.550000
602245.450000
602251.550000
603725.450000
604081.050000
604440.050000
604445.050000
604461.250000
608214.950000
608913.150000
610937.300000
612169.350000
613517.550000
613736.950000
618064.950000
618777.000000
618924.850000
620202.400000
620207.100000
620210.150000
620216.250000
620224.000000
621950.800000
622275.050000
622460.300000
622474.350000
622483.400000
623245.350000
623305.200000
623775.500000
623782.900000
623803.050000
624725.250000
625145.450000
625479.500000
625584.750000
625814.400000
625824.600000
626633.950000
628359.500000
628839.950000
629157.400000
630049.650000
633250.950000
635823.600000
639682.050000
640792.350000
640982.150000
641238.200000
644115.100000
646846.800000
646852.750000
647675.800000
647684.000000
647694.550000
647698.950000
647705.300000
648341.000000
648657.000000
649195.900000
651357.800000
651986.650000
652096.500000
652102.700000
652498.150000
652571.850000
652866.750000
652890.450000
653441.500000
653465.800000
653658.500000
653662.200000
654104.650000
654111.200000
654236.700000
654243.800000
654317.050000
654431.850000
654438.600000
654483.050000
654490.050000
654731.200000
654745.300000
654758.400000
654806.000000
654870.350000
654900.700000
654911.850000
654968.450000
655041.900000
655067.550000
655097.650000
655212.150000
655222.400000
655893.800000
655908.650000
655915.350000
655968.700000
655984.300000
656006.600000
656035.650000
656069.600000
656129.750000
656143.550000
656881.150000
656896.450000
657157.500000
657193.050000
657243.600000
657269.750000
657273.400000
657283.900000
657709.600000
657814.200000
657866.300000
658397.350000
658550.000000
658601.250000
658651.900000
658817.150000
658821.400000
658867.050000
659194.950000
659376.350000
660181.650000
660984.750000
661037.300000
661334.900000
661397.700000
661408.150000
661466.650000
661471.450000
661925.000000
662113.850000
662144.350000
662148.000000
662161.000000
662685.800000
663170.950000
663176.750000
663182.000000
663192.050000
663826.750000
663837.350000
663849.200000
663853.400000
663859.650000
664287.250000
664394.000000
664856.550000
665052.050000
665206.650000
665237.600000
667013.900000
667521.100000
668513.200000
668544.050000
669103.600000
669957.700000
669965.550000
670371.900000
671086.900000
671188.250000
671256.200000
671276.050000
671319.900000
671384.700000
671388.100000
671570.100000
671880.700000
671884.550000
671888.150000
671902.300000
671911.550000
672549.200000
672855.500000
673078.950000
673090.550000
673094.050000
673301.150000
673339.100000
673352.050000
673367.850000
676602.000000
676645.400000
677103.750000
678421.950000
678438.950000
678444.100000
678793.500000
678939.150000
679307.150000
679552.700000
679666.550000
681356.150000
681380.950000
681509.700000
681514.600000
681533.900000
683685.550000
684178.500000
684746.400000
684807.450000
684827.150000
684909.550000
685118.900000
685714.000000
685730.750000
685749.050000
685755.900000
686509.400000
686870.550000
687240.600000
687255.200000
690838.750000
690843.900000
692423.850000
693729.950000
696854.100000
699388.950000
699397.150000
699409.900000
700152.650000
700313.500000
700614.450000
700627.750000
700640.050000
701080.350000
701489.600000
701504.400000
701861.400000
701877.000000
702579.150000
703037.300000
703153.500000
703165.400000
703198.900000
704355.050000
704368.550000
704396.150000
704494.150000
704495.150000
704506.700000
704706.350000
704730.400000
705084.350000
705208.750000
705580.100000
705595.550000
705608.500000
705624.600000
705639.100000
705703.800000
706995.850000
707054.650000
707198.600000
707305.150000
707534.700000
708038.150000
708054.650000
708292.900000
708470.200000
708475.850000
708480.750000
708601.250000
708823.800000
709690.900000
710574.300000
711152.050000
711514.500000
711726.700000
711876.000000
711912.700000
712014.450000
712438.150000
712509.950000
712521.000000
712551.700000
712931.000000
713435.100000
713955.800000
713988.350000
714256.600000
715175.400000
715694.500000
715868.350000
715993.200000
717702.650000
718556.450000
718575.750000
719061.600000
719723.250000
720733.250000
721027.350000
721580.150000
722950.500000
723539.200000
724174.150000
725498.750000
726122.900000
726126.650000
726868.300000
727238.250000
727935.800000
728229.050000
728240.700000
728399.700000
732029.150000
732050.000000
732057.600000
732276.400000
732372.150000
732382.350000
732392.600000
732780.650000
734807.950000
735033.450000
735054.800000
735075.050000
735152.900000
735164.550000
735168.400000
735180.950000
735458.050000
735473.950000
735655.200000
735659.550000
735776.600000
735923.700000
736097.700000
736343.000000
736750.550000
736759.600000
737069.400000
737130.100000
737140.700000
737161.450000
737264.700000
737440.750000
737513.250000
737527.000000
737544.750000
738047.400000
738089.050000
738171.550000
738303.500000
739044.450000
742363.150000
742583.550000
742597.400000
742694.650000
742700.950000
742705.850000
742817.850000
742916.800000
742918.050000
743069.250000
743088.850000
743312.700000
743366.450000
744041.950000
744605.900000
744805.100000
745508.800000
745637.700000
746245.500000
746290.800000
746308.350000
747420.600000
748779.800000
748793.900000
749588.200000
749600.700000
750544.400000
750775.800000
750906.950000
751171.200000
751482.700000
751537.150000
751873.400000
752270.750000
752325.450000
752397.950000
753714.400000
755264.050000
755890.050000
755989.600000
756257.600000
756356.250000
757122.200000
757143.650000
758642.350000
758687.700000
760093.000000
760382.200000
761345.900000
761444.750000
765919.750000
766388.550000
767353.950000
769100.500000
770444.750000
773098.700000
773214.250000
775222.450000
775293.050000
775543.550000
775838.100000
776602.200000
776747.750000
776761.200000
778399.850000
780477.750000
781724.200000
783233.600000
783404.250000
783655.250000
785388.000000
786118.950000
786125.950000
789776.150000
792031.850000
792515.750000
792529.500000
793545.850000
793551.900000
793556.700000
793650.700000
793907.850000
793914.550000
794374.600000
794616.050000
795137.450000
795155.150000
795159.900000
796443.450000
796448.050000
798688.300000
798693.000000
798698.800000
798704.650000
798878.450000
799360.300000
800198.300000
800447.650000
800566.400000
800584.450000
802542.650000
802550.000000
803164.000000
803167.850000
803174.300000
803179.150000
803183.000000
803778.400000
804121.750000
804405.600000
805474.950000
805712.100000
807673.350000
809887.750000
809896.650000
809904.300000
810567.350000
810587.550000
810667.800000
810904.700000
810916.100000
810922.150000
810925.700000
810930.400000
810936.850000
811335.550000
811406.650000
811743.700000
811860.600000
812107.850000
812334.600000
812376.050000
812402.800000
812407.150000
812412.650000
812415.200000
812423.000000
812801.450000
812808.200000
812812.250000
812818.900000
812823.700000
812953.850000
813082.650000
815901.150000
816301.750000
817501.950000
818076.250000
820893.800000
820897.750000
820916.250000
821119.750000
821128.150000
821132.850000
821136.200000
821152.100000
823794.850000
823822.000000
824407.000000
825079.200000
825437.000000
825441.100000
825451.050000
825459.250000
827693.300000
828371.650000
828375.350000
828447.800000
828659.350000
830692.950000
830706.200000
831830.350000
832466.550000
833378.400000
834849.900000
836510.450000
836967.600000
837326.000000
837624.000000
843873.000000
843981.250000
844266.050000
846278.200000
847230.450000
847291.200000
848131.450000
850958.950000
850968.350000
850976.450000
853064.100000
859839.850000
861733.000000
862096.050000
862101.350000
862105.150000
862111.950000
862117.650000
867027.700000
867031.500000
867335.200000
870366.550000
872301.850000
872708.150000
872711.800000
874487.550000
874491.600000
874496.250000
874513.150000
880472.800000
882606.950000
882610.850000
882614.700000
888651.400000
889045.550000
889434.850000
889462.900000
889466.000000
889469.650000
889478.650000
889578.250000
890820.700000
890992.950000
891615.550000
892807.800000
893825.600000
893841.600000
893846.750000
894378.550000
895304.850000
895313.700000
895323.250000
895327.400000
899514.250000
901123.250000
902155.200000
902414.950000
902615.800000
903512.700000
903539.500000
903559.300000
905166.250000
905183.250000
905589.850000
909591.800000
909596.850000
915602.150000
917325.250000
918216.750000
918222.000000
920376.250000
922723.000000
922899.050000
922999.500000
923003.650000
923670.550000
924854.050000
925502.800000
925512.250000
925515.750000
927560.200000
929430.000000
929544.850000
929563.050000
929576.650000
929578.300000
929597.400000
931189.600000
931193.350000
931197.100000
931204.600000
931216.200000
933527.000000
935506.800000
935511.750000
935910.550000
940876.100000
940884.250000
946216.400000
946221.700000
946228.650000
946716.450000
946754.550000
949083.350000
949478.850000
950593.500000
950601.050000
954996.200000
955000.650000
955007.200000
955012.800000
958436.450000
962630.850000
968585.150000
971087.300000
971201.500000
971752.300000
973314.850000
979555.350000
979559.150000
979579.100000
991607.500000
991612.400000
991615.400000
991619.600000
991640.850000
992680.250000
995186.850000
996054.500000
1001483.750000
1001981.200000
1012679.400000
1013300.950000
1013875.650000
1015280.150000
1015294.650000
1016411.600000
1017318.800000
1017323.900000
1017330.650000
1017572.950000
1019555.300000
1021407.000000
1021479.100000
1022240.250000
1022246.950000
1022259.450000
1024281.350000
1026911.850000
1029363.350000
1029856.450000
1031800.200000
1036989.150000
1039467.800000
1039809.900000
1039996.600000
1040242.500000
1040824.200000
1041042.400000
1041790.800000
1041796.300000
1041802.450000
1041808.900000
1041915.750000
1041921.550000
1042021.350000
1042124.050000
1042342.300000
1042379.500000
1042382.050000
1042746.800000
1042901.800000
1043189.900000
1043354.950000
1043699.600000
1044573.200000
1044681.250000
1044853.850000
1044902.850000
1044992.350000
1045243.650000
1046473.750000
1049711.300000
1049997.350000
1050240.050000
1050336.600000
1050578.000000
1050637.250000
1051327.750000
1051732.850000
1051836.750000
1051844.450000
1052186.200000
1052205.000000
1052265.150000
1052271.950000
1052278.450000
1052283.550000
1052930.700000
1055446.150000
1055469.100000
1058629.400000
1059317.550000
1059441.650000
1060594.850000
1060605.450000
1060703.500000
1060882.750000
1063007.000000
1063047.000000
1063051.800000
1063062.750000
1063069.700000
1063463.650000
1066073.250000
1067632.200000
1067740.300000
1069304.100000
1073935.250000
1075122.000000
1075886.650000
1076022.900000
1076725.800000
1076729.400000
1076733.850000
1076740.700000
1078117.050000
1078137.950000
1078856.400000
1078864.450000
1078873.450000
1078887.500000
1080841.350000
1081760.650000
1082147.200000
1084067.250000
1087340.000000
1087678.700000
1087681.850000
1087684.750000
1087689.550000
1089210.200000
1090172.600000
1090910.700000
1090915.050000
1090918.950000
1090926.550000
1091246.200000
1091465.850000
1091653.850000
1092332.900000
1100259.300000
1103714.100000
1103965.900000
1104769.600000
1104776.900000
1107741.000000
1107744.800000
1107748.750000
1107754.450000
1107760.250000
1110890.750000
1110895.100000
1110903.150000
1114477.200000
1114684.850000
1115693.000000
1116126.200000
1120880.950000
1120887.100000
1122079.350000
1124524.200000
1124534.650000
1124877.700000
1125402.950000
1126261.450000
1126531.550000
1126564.350000
1126573.300000
1127627.100000
1129447.600000
1130754.300000
1131174.150000
1132382.200000
1132859.600000
1133590.550000
1133615.900000
1133628.400000
1133635.350000
1135147.750000
1135551.000000
1137083.050000
1137243.850000
1137401.350000
1137480.300000
1137601.150000
1139083.600000
1139087.600000
1139096.000000
1139100.300000
1139105.600000
1140775.000000
1141514.700000
1141599.750000
1142322.750000
1144471.200000
1144573.000000
1144890.850000
1145513.650000
1145518.750000
1145520.750000
1145525.500000
1146393.950000
1146547.850000
1146667.250000
1147837.750000
1147970.850000
1147974.900000
1148487.850000
1148534.050000
1149164.300000
1151039.350000
1151300.150000
1153229.650000
1153238.700000
1153242.300000
1153246.500000
1153401.500000
1154762.550000
1155106.450000
1155120.250000
1156558.750000
1157032.900000
1157181.800000
1157360.300000
1158510.700000
1159983.600000
1160104.400000
1162748.050000
1164033.650000
1164412.550000
1164885.500000
1165845.700000
1165859.300000
1165863.950000
1165869.150000
1165875.550000
1165880.550000
1166274.900000
1166932.000000
1166937.700000
1166942.300000
1167060.550000
1167535.350000
1168733.000000
1169126.950000
1169898.750000
1170612.350000
1170665.800000
1171080.350000
1171083.400000
1171912.850000
1171933.650000
1171946.050000
1172306.150000
1173158.550000
1173164.250000
1173170.150000
1173180.800000
1173188.700000
1173288.500000
1173689.150000
1173716.950000
1174091.900000
1174303.000000
1174638.700000
1174763.100000
1174776.500000
1175463.200000
1175697.200000
1175707.650000
1175739.400000
1176150.350000
1176535.350000
1176615.650000
1177623.100000
1177704.850000
1177731.600000
1179471.650000
1180719.500000
1180723.050000
1180786.950000
1182939.550000
1183618.850000
1183623.000000
1185467.300000
1185476.100000
1186818.350000
1187662.800000
1187670.700000
1188114.800000
1189032.100000
1189452.600000
1189458.900000
1191638.550000
1191647.800000
1192557.550000
1194074.550000
1194149.700000
1194525.050000
1196444.700000
1196536.450000
1196867.050000
1196874.150000
1199744.400000
1202670.500000
1204592.500000
1206104.100000
1206877.500000
1208061.050000
1209023.800000
1209644.100000
1212482.850000
1212582.750000
1214465.100000
1215059.050000
1218759.850000
1219378.400000
1219410.800000
1222026.850000
1223056.200000
1224421.200000
1224508.700000
1224516.750000
1225030.500000
1225906.450000
1227240.700000
1229755.000000
1229762.150000
1230512.250000
1234300.000000
1238599.650000
1238603.700000
1238616.850000
1241006.850000
1241325.400000
1241908.750000
1243453.050000
1243935.900000
1244763.100000
1245261.400000
1245275.600000
1249146.050000
1250876.050000
1250880.350000
1250885.150000
1250889.550000
1251662.200000
1252362.850000
1252381.100000
1252784.900000
1252837.150000
1252844.500000
1253122.250000
1254550.400000
1254551.800000
1254552.500000
1256161.650000
1256457.100000
1257437.900000
1258001.250000
1258898.250000
1259225.000000
1259452.050000
1259526.900000
1259989.850000
1260249.450000
1260279.700000
1260569.400000
1260693.700000
1261578.350000
1262989.550000
1263759.100000
1264464.850000
1264707.950000
1265452.950000
1265929.700000
1266269.950000
1266333.400000
1267163.700000
1267949.700000
1268933.750000
1269046.050000
1269118.500000
1269121.950000
1269138.950000
1269667.750000
1270784.750000
1270798.800000
1270964.600000
1271069.300000
1271632.150000
1271796.050000
1271801.900000
1274039.500000
1274058.750000
1274331.200000
1274369.650000
1274681.650000
1276970.600000
1277732.050000
1283173.250000
1283262.750000
1285192.750000
1286150.200000
1290399.400000
1291072.900000
1293658.150000
1293765.100000
1293812.700000
1294474.600000
1297468.700000
1297482.850000
1297549.250000
1299381.700000
1299460.400000
1299612.400000
1299732.600000
1300356.750000
1300752.700000
1301702.350000
1301705.900000
1302230.050000
1302387.250000
1302458.850000
1304970.000000
1305807.650000
1306005.200000
1308934.150000
1311338.850000
1316100.200000
1316501.250000
1317096.950000
1317489.100000
1317493.600000
1317909.700000
1320138.700000
1321196.700000
1321587.500000
1321749.200000
1321754.200000
1321759.750000
1322373.000000
1324371.400000
1324730.650000
1325170.000000
1325747.750000
1326024.300000
1326861.150000
1326885.500000
1327079.700000
1327573.050000
1327662.700000
1327859.850000
1329439.100000
1329449.950000
1330443.400000
1330464.800000
1330529.200000
1330536.000000
1330763.600000
1331040.100000
1333109.700000
1336009.000000
1341344.600000
1341798.400000
1343144.750000
1346293.850000
1346373.400000
1346591.850000
1347271.700000
1347533.750000
1347538.500000
1348006.750000
1348020.600000
1348026.400000
1349100.300000
1349963.350000
1350780.050000
1350957.250000
1351530.100000
1352793.400000
1352903.000000
1353368.450000
1353717.650000
1353854.650000
1356329.350000
1357674.250000
1357760.850000
1359037.800000
1359446.200000
1359454.700000
1359461.200000
1360177.400000
1360417.050000
1360426.400000
1360432.100000
1360440.850000
1360441.900000
1360445.450000
1360450.100000
1360454.150000
1361590.650000
1362909.150000
1362949.650000
1363160.450000
1363550.200000
1363567.300000
1363577.700000
1364159.550000
1367209.000000
1369881.050000
1369901.150000
1369902.650000
1369911.300000
1372728.800000
1373346.900000
1373848.950000
1374151.650000
1374410.800000
1375623.350000
1376497.800000
1377154.200000
1377401.000000
1377669.400000
1377749.850000
1378098.000000
1378683.050000
1378686.450000
1378689.450000
1381507.850000
1382690.250000
1383547.150000
1383739.250000
1386521.250000
1388176.400000
1388189.650000
1389802.200000
1389809.600000
1389818.950000
1392341.000000
1392868.250000
1394436.350000
1396316.150000
1397853.550000
1397884.300000
1399316.100000
1399332.000000
1399459.400000
1401080.450000
1401083.200000
1401336.650000
1402409.450000
1402415.550000
1402697.450000
1402942.900000
1402947.150000
1402950.200000
1402964.500000
1402981.500000
1402996.200000
1403792.100000
1403829.050000
1403833.550000
1404491.200000
1404980.700000
1405064.600000
1405144.200000
1406441.400000
1408179.100000
1408523.800000
1408533.900000
1410560.500000
1410565.550000
1410596.600000
1411511.600000
1411755.900000
1413260.500000
1414422.700000
1414992.800000
1415770.900000
1415805.350000
1416358.050000
1418004.050000
1418015.950000
1418289.900000
1418895.000000
1418899.750000
1418904.650000
1421482.550000
1422082.600000
1422089.200000
1422569.000000
1422588.850000
1422654.700000
1424458.550000
1424537.950000
1424861.400000
1425162.250000
1429545.550000
1435473.250000
1435477.550000
1440448.200000
1442035.600000
1442121.350000
1442134.250000
1442143.450000
1442148.100000
1442746.450000
1443510.350000
1444352.250000
1444631.800000
1446283.700000
1446397.450000
1446439.250000
1446463.150000
1446470.400000
1446482.950000
1446492.200000
1446499.450000
1446896.850000
1447568.450000
1448232.950000
1448741.450000
1449398.200000
1451182.600000
1451441.150000
1451445.600000
1451503.050000
1452510.000000
1454380.900000
1461841.900000
1462873.200000
1463218.900000
1464151.100000
1464579.950000
1464990.700000
1465007.700000
1465012.650000
1465020.050000
1465027.600000
1465108.850000
1465333.250000
1465401.800000
1467885.900000
1468147.100000
1469608.400000
1469735.300000
1469742.550000
1469826.950000
1469830.850000
1469833.950000
1469865.950000
1472517.450000
1472836.800000
1473742.700000
1476253.600000
1476257.950000
1476663.000000
1476676.300000
1476679.600000
1478045.400000
1478152.000000
1481929.850000
1482863.650000
1486202.600000
1486695.750000
1487489.600000
1487652.850000
1489646.250000
1490432.300000
1491015.250000
1491276.850000
1491541.800000
1492001.800000
1492030.100000
1492808.150000
1494279.850000
1495448.250000
1495639.150000
1495809.300000
1496989.150000
1497058.600000
1498142.850000
1500211.200000
1501168.700000
1503561.350000
1503725.550000
1504256.000000
1505637.450000
1505641.400000
1505649.650000
1506275.950000
1507374.450000
1507380.800000
1507495.000000
1508703.250000
1511975.600000
1512150.100000
1512432.150000
1513770.350000
1515538.400000
1515544.150000
1515882.200000
1516751.650000
1517258.600000
1517840.900000
1518635.800000
1518930.750000
1520205.500000
1523763.950000
1523776.950000
1523780.350000
1523784.800000
1523909.200000
1524183.900000
1524837.050000
1524863.350000
1525186.150000
1525215.350000
1525313.650000
1525545.100000
1525952.200000
1526147.750000
1526583.400000
1526630.750000
1526965.000000
1527058.700000
1527102.900000
1528209.850000
1528371.450000
1530651.400000
1530833.900000
1532201.200000
1532216.800000
1535287.500000
1535299.500000
1535303.650000
1535310.450000
1535336.600000
1536095.750000
1536360.050000
1539606.350000
1539988.750000
1540366.150000
1540390.600000
1542039.100000
1542344.100000
1542353.450000
1542360.700000
1542378.050000
1543141.500000
1543582.300000
1543699.650000
1545537.150000
1547341.150000
1547348.200000
1547360.050000
1547823.200000
1549922.350000
1549927.750000
1550590.950000
1552164.900000
1552172.900000
1552179.300000
1552584.850000
1553578.450000
1554712.250000
1557874.550000
1560217.900000
1561006.250000
1561244.700000
1562949.250000
1563376.300000
1563464.450000
1564698.500000
1564753.450000
1564785.550000
1567392.700000
1567886.300000
1567900.150000
1568768.400000
1568896.000000
1568903.550000
1570061.050000
1570384.300000
1570698.000000
1572018.200000
1572022.300000
1572500.400000
1572666.700000
1572697.000000
1573866.900000
1573874.300000
1574292.750000
1574330.200000
1574434.750000
1575125.750000
1575612.150000
1576921.100000
1577328.800000
1577655.600000
1577815.450000
1578137.050000
1579617.900000
1580137.750000
1580175.400000
1581349.100000
1582681.900000
1583566.300000
1583572.550000
1585981.950000
1586099.250000
1586103.400000
1586108.800000
1586695.900000
1587276.500000
1587286.450000
1589375.550000
1590144.500000
1592629.200000
1593556.350000
1593566.750000
1593581.250000
1593591.400000
1593698.950000
1595334.500000
1595411.700000
1596429.600000
1596809.450000
1597263.750000
1597674.100000
1597682.950000
1598301.500000
1598312.600000
1599622.950000
1600103.700000
1600712.750000
1602627.150000
1603834.200000
1605067.700000
1605563.100000
1606926.350000
1608006.550000
1608268.550000
1609536.250000
1611762.500000
1611849.800000
1612056.300000
1612393.350000
1612972.000000
1613452.500000
1616568.650000
1616572.350000
1616579.050000
1616735.850000
1617184.150000
1617191.100000
1617202.250000
1617554.450000
1618415.100000
1618917.550000
1618948.550000
1619741.250000
1619764.300000
1619969.850000
1619987.050000
1620010.850000
1620036.300000
1620039.500000
1622142.950000
1622435.750000
1622717.400000
1622758.900000
1623460.500000
1623719.500000
1623801.850000
1624941.050000
1626454.650000
1626636.150000
1626695.600000
1627701.400000
1628000.650000
1628557.650000
1630469.400000
1630627.800000
1631818.700000
1632141.700000
1632162.650000
1632165.950000
1632171.200000
1632193.800000
1632197.600000
1632428.450000
1632439.650000
1633948.900000
1633969.950000
1634186.600000
1634691.950000
1634816.850000
1635119.000000
1635826.700000
1638404.900000
1639807.450000
1639949.950000
1643757.350000
1643761.500000
1644838.850000
1646351.550000
1646572.800000
1646768.300000
1646773.650000
1646961.050000
1647999.000000
1649953.400000
1650257.050000
1651358.150000
1651726.200000
1651783.700000
1651794.900000
1651807.200000
1653699.750000
1654312.050000
1654459.050000
1656466.950000
1656780.750000
1657849.900000
1658497.400000
1658894.700000
1659976.750000
1660672.150000
1662341.450000
1663074.000000
1664451.150000
1664482.550000
1665891.050000
1668112.650000
1668149.100000
1668727.800000
1668785.050000
1668871.850000
1668887.400000
1669211.250000
1670397.550000
1671164.650000
1673282.200000
1673416.300000
1674254.050000
1674259.850000
1674265.950000
1674272.250000
1674370.200000
1674445.650000
1675448.550000
1675629.200000
1675691.800000
1676481.000000
1676484.900000
1677129.250000
1677150.900000
1677154.950000
1677904.350000
1678383.800000
1678386.350000
1678406.600000
1678449.550000
1678896.150000
1678900.250000
1678917.200000
1678930.200000
1679841.450000
1679844.050000
1679850.450000
1680420.100000
1681303.750000
1682800.050000
1683337.500000
1683394.950000
1684179.000000
1684300.750000
1686338.400000
1688222.300000
1688243.200000
1688258.650000
1688766.700000
1689470.350000
1690274.350000
1691140.100000
1691221.750000
1691903.350000
1692114.300000
1692364.250000
1692651.650000
1693336.350000
1694318.900000
1695202.900000
1699620.150000
1699624.050000
1700516.550000
1702053.500000
1702550.850000
1702559.450000
1702721.800000
1702744.350000
1703867.600000
1703892.400000
1704448.350000
1704483.950000
1705274.050000
1708153.550000
1709345.850000
1710517.850000
1710745.050000
1710765.300000
1711182.350000
1711233.900000
1711437.350000
1711447.350000
1711455.450000
1711462.250000
1711475.450000
1713654.000000
1715276.950000
1715282.950000
1716958.850000
1717701.750000
1717725.050000
1718184.350000
1718188.000000
1720421.750000
1720477.800000
1720755.700000
1721660.200000
1722172.850000
1722584.900000
1722602.150000
1722619.000000
1722622.650000
1723695.750000
1723755.450000
1723782.350000
1723797.250000
1723964.950000
1730881.850000
1730902.800000
1732216.200000
1732683.550000
1733720.200000
1735198.400000
1737935.250000
1740732.350000
1740734.900000
1741221.900000
1742957.200000
1744099.850000
1744451.150000
1744454.850000
1745095.050000
1749764.500000
1750200.300000
1750309.450000
1750638.800000
1750696.950000
1751001.550000
1751036.800000
1751549.000000
1751603.600000
1752257.850000
1752330.350000
1752510.500000
1752928.950000
1754813.050000
1754899.500000
1755180.900000
1755240.200000
1755734.200000
1755891.850000
1756717.950000
1757324.650000
1758526.450000
1758551.000000
1762402.150000
1762685.050000
1764402.600000
1765623.300000
1766259.850000
1766638.250000
1767280.800000
1767306.250000
1768032.750000
1768081.550000
1769202.600000
1769208.450000
1769469.500000
1769480.150000
1769573.100000
1769587.600000
1769593.000000
1769785.900000
1769987.850000
1771218.100000
1772718.600000
1775816.000000
1776387.450000
1777950.200000
1778609.350000
1778716.450000
1778967.100000
1780154.300000
1780283.700000
1780383.900000
1780396.450000
1780400.750000
1780509.500000
1780741.950000
1781100.850000
1783892.500000
1785439.750000
1786570.050000
1786764.550000
1786843.300000
1787827.450000
1788029.200000
1788047.950000
1788360.750000
1788697.150000
1789357.150000
1789490.250000
1791177.500000
1791696.050000
1794392.150000
1800716.850000
1800722.700000
1802402.900000
1802473.900000
1802824.250000
1804222.200000
1804231.100000
1804690.050000
1804790.750000
1804801.900000
1804805.600000
1804832.250000
1804855.700000
1805932.100000
1808218.850000
1808979.500000
1810480.700000
1811464.600000
1811828.600000
1813588.350000
1814059.150000
1814816.650000
1815080.450000
1815391.400000
1815569.350000
1816064.250000
1816098.400000
1816584.250000
1817276.350000
1819531.950000
1821197.700000
1822324.700000
1822337.850000
1823540.900000
1823567.300000
1824401.600000
1824668.550000
1825142.100000
1825846.050000
1827691.400000
1827755.100000
1830324.750000
1832647.700000
1833352.550000
1833865.900000
1834509.850000
1834591.050000
1834769.550000
1834966.300000
1835455.350000
1837536.750000
1838304.250000
1838339.300000
1838362.250000
1838444.800000
1839594.250000
1839804.650000
1840357.000000
1840860.050000
1840865.250000
1840875.550000
1842028.950000
1842040.500000
1842047.700000
1842547.400000
1842554.900000
1845074.200000
1847367.050000
1847376.950000
1847389.150000
1847395.650000
1847795.150000
1847893.850000
1849183.950000
1849234.500000
1849717.750000
1850402.150000
1851755.950000
1852569.300000
1852574.350000
1855388.100000
1855400.700000
1855730.100000
1855864.100000
1857089.000000
1857090.050000
1861030.350000
1861034.550000
1861043.950000
1861146.300000
1861154.800000
1861361.600000
1861369.750000
1861372.800000
1861441.800000
1861684.900000
1862028.700000
1862132.600000
1862167.900000
1862171.650000
1863162.900000
1863211.700000
1864544.200000
1866113.050000
1868940.500000
1868987.200000
1869552.750000
1870743.150000
1870793.650000
1871736.600000
1873836.200000
1874024.150000
1876150.200000
1876703.050000
1876886.600000
1877075.750000
1877409.900000
1877649.850000
1878677.300000
1879239.800000
1880759.900000
1886600.550000
1887342.650000
1887674.300000
1887683.600000
1888789.750000
1889053.000000
1890094.900000
1890902.750000
1891600.250000
1891614.700000
1893543.700000
1895507.800000
1896322.150000
1896644.400000
1898868.200000
1898876.600000
1899506.300000
1901677.050000
1901682.450000
1902066.150000
1902073.450000
1902082.550000
1902838.750000
1902873.750000
1903129.750000
1904498.400000
1905500.100000
1906640.050000
1906649.150000
1908182.850000
1908951.450000
1909341.300000
1909699.750000
1909724.850000
1911409.000000
1912763.300000
1912772.400000
1912777.600000
1915932.150000
1916926.800000
1917640.950000
1917929.500000
1918395.500000
1918437.750000
1920323.750000
1920345.300000
1921385.950000
1921670.450000
1925475.100000
1925661.800000
1925664.550000
1925860.900000
1926993.950000
1928107.450000
1929961.700000
1930643.600000
1931516.550000
1931892.250000
1932036.450000
1932124.200000
1933180.250000
1933209.900000
1933981.350000
1933984.400000
1934463.200000
1934467.600000
1935304.300000
1936286.650000
1938904.150000
1939268.500000
1939848.150000
1939875.000000
1940682.250000
1940990.300000
1942377.600000
1943962.800000
1944877.050000
1944881.600000
1946799.850000
1946856.750000
1947254.350000
1948051.800000
1948234.650000
1948291.950000
1949144.100000
1950111.750000
1950352.100000
1951627.450000
1952567.250000
1954249.200000
1954319.500000
1954824.950000
1955226.050000
1955246.500000
1957851.200000
1958290.500000
1959486.600000
1959627.050000
1960359.400000
1960782.400000
1960794.300000
1960854.600000
1960862.600000
1960863.800000
1963288.550000
1964141.950000
1965621.750000
1966203.250000
1966703.950000
1968101.300000
1969498.400000
1971672.750000
1971989.350000
1972518.650000
1973832.850000
1974732.250000
1975070.000000
1975149.950000
1975677.600000
1976147.450000
1976158.550000
1976880.800000
1977969.350000
1978069.600000
1979622.900000
1979633.750000
1981061.250000
1983402.700000
1983859.500000
1984239.650000
1984245.800000
1984796.800000
1985997.450000
1986013.600000
1987194.600000
1987783.800000
1990096.000000
1991362.650000
1992316.500000
1992358.850000
1992382.200000
1992388.800000
1992494.000000
1995254.700000
1995316.400000
1995424.200000
1996102.750000
1996804.400000
1997464.100000
1997467.550000
1998443.050000
1999577.650000
2000728.050000
2001003.200000
2001685.800000
2001787.350000
2002565.050000
2003118.900000
2003228.050000
2004701.200000
2005743.750000
2007228.700000
2007329.700000
2009678.750000
2011221.000000
2012208.000000
2012214.300000
2012989.650000
2012993.850000
2015427.100000
2016081.100000
2017045.850000
2017058.900000
2017239.000000
2019878.350000
2021058.100000
2021062.850000
2021073.200000
2021244.150000
2021521.300000
2021524.750000
2021531.700000
2021536.350000
2021631.950000
2021645.750000
2021649.700000
2021653.550000
2022670.450000
2023081.350000
2025552.150000
2026476.800000
2026482.000000
2028789.950000
2029222.250000
2030229.450000
2032957.300000
2034256.250000
2034780.600000
2035154.200000
2035243.750000
2035331.000000
2035334.900000
2038066.550000
2038419.250000
2038750.800000
2039016.250000
2039505.250000
2039512.650000
2039527.000000
2041273.150000
2041762.750000
2041774.050000
2041783.000000
2041805.600000
2042066.900000
2042148.750000
2042154.950000
2042824.450000
2042930.750000
2043009.300000
2046199.700000
2046205.500000
2046372.050000
2046524.050000
2046898.750000
2046906.850000
2046911.800000
2047390.500000
2048536.400000
2048542.750000
2049252.600000
2049256.350000
2049274.500000
2049293.200000
2049619.900000
2049633.300000
2051129.550000
2051134.750000
2051139.300000
2051143.000000
2051149.400000
2052225.800000
2052257.900000
2054650.800000
2055593.000000
2055934.750000
2055981.350000
2056756.700000
2057674.650000
2058719.500000
2059608.700000
2060495.100000
2061559.600000
2061563.500000
2061619.250000
2061626.950000
2062509.050000
2062846.900000
2063461.500000
2063489.600000
2063543.500000
2065559.450000
2065729.000000
2066901.850000
2067629.100000
2067638.750000
2067650.150000
2067952.700000
2068029.750000
2068526.150000
2068536.250000
2068628.750000
2069225.400000
2070009.150000
2072929.050000
2072949.950000
2073430.300000
2074618.250000
2074804.700000
2076164.200000
2077502.750000
2077517.950000
2078049.300000
2078094.500000
2078149.800000
2078939.300000
2078944.450000
2080755.050000
2080766.800000
2081045.950000
2081055.800000
2081060.000000
2081064.500000
2081073.800000
2084121.650000
2084127.050000
2084134.300000
2084982.450000
2086318.100000
2087178.250000
2087222.550000
2089677.400000
2089684.100000
2089688.600000
2089694.350000
2089715.550000
2090226.500000
2091405.650000
2091470.850000
2091830.500000
2092190.950000
2092467.250000
2093250.500000
2093265.850000
2093270.600000
2093273.750000
2093894.050000
2094865.600000
2096281.300000
2096926.050000
2097025.650000
2100227.500000
2100263.300000
2101745.800000
2102600.150000
2103066.900000
2104225.900000
2104235.950000
2104820.000000
2105601.850000
2105820.900000
2107106.200000
2107226.700000
2107327.050000
2109777.350000
2111203.550000
2111622.350000
2111627.150000
2112006.400000
2113185.400000
2113188.000000
2113192.500000
2113587.600000
2113601.250000
2113960.350000
2118427.800000
2119795.850000
2120484.150000
2121051.300000
2122933.600000
2123776.450000
2124538.250000
2125413.400000
2126632.500000
2128404.100000
2129418.150000
2129425.650000
2129442.600000
2129456.350000
2130765.150000
2133392.550000
2134965.250000
2135342.350000
2136364.050000
2137144.000000
2137159.950000
2138713.050000
2139067.050000
2140182.600000
2140904.050000
2140909.450000
2143917.550000
2144331.350000
2144373.900000
2144711.700000
2146044.100000
2147310.050000
2147327.650000
2147923.000000
2151209.700000
2151944.750000
2152041.950000
2152130.350000
2153051.400000
2153285.500000
2154492.700000
2154501.900000
2154514.550000
2154749.400000
2155187.300000
2155965.550000
2157380.000000
2157383.700000
2157387.450000
2157388.250000
2159401.850000
2160290.950000
2160567.100000
2160821.850000
2160878.400000
2160917.600000
2161255.850000
2162232.650000
2162940.000000
2162945.700000
2163376.350000
2163537.350000
2163871.650000
2164188.500000
2164887.350000
2164974.750000
2166503.250000
2167318.950000
2169824.000000
2171028.150000
2171040.450000
2171046.500000
2171559.650000
2173037.350000
2173509.000000
2173517.300000
2174818.500000
2174832.050000
2175372.500000
2176255.550000
2177324.000000
2177761.900000
2178897.150000
2179052.950000
2179712.900000
2180331.100000
2183877.650000
2184939.600000
2185339.250000
2187365.550000
2187808.350000
2189621.450000
2189632.450000
2189651.500000
2190929.300000
2191123.850000
2191150.350000
2192003.400000
2193182.850000
2194273.450000
2194703.100000
2195571.200000
2197028.650000
2197033.300000
2197038.250000
2197052.350000
2197061.050000
2197168.550000
2199665.450000
2199784.350000
2202939.400000
2203984.800000
2205802.850000
2206002.700000
2206015.100000
2206368.900000
2207624.100000
2208022.200000
2209241.150000
2209872.150000
2210922.500000
2211573.200000
2214476.100000
2214479.100000
2216319.650000
2217299.800000
2218571.000000
2218583.950000
2218659.650000
2219755.350000
2220130.650000
2221230.400000
2224607.500000
2224613.750000
2224622.400000
2225353.600000
2226099.300000
2226518.650000
2226523.200000
2226529.100000
2227121.200000
2227143.700000
2227156.500000
2227335.750000
2227406.650000
2228412.700000
2228981.350000
2231039.150000
2234946.000000
2236275.000000
2236827.600000
2237304.550000
2237611.800000
2237807.500000
2238862.200000
2239994.750000
2240059.450000
2243486.550000
2243673.650000
2243677.550000
2244536.600000
2244907.850000
2244942.000000
2245278.100000
2250487.600000
2251569.000000
2253498.600000
2258112.800000
2258514.850000
2258861.400000
2260268.500000
2260720.850000
2260726.600000
2260735.500000
2261292.300000
2262448.700000
2262999.400000
2264262.400000
2268968.400000
2269615.400000
2271334.550000
2272475.100000
2273013.850000
2273238.950000
2273735.600000
2273740.750000
2273744.000000
2275142.450000
2276336.550000
2276827.950000
2278890.650000
2280548.500000
2283823.000000
2283888.400000
2284026.100000
2284952.050000
2285528.000000
2285626.050000
2285854.100000
2285861.450000
2285873.600000
2286115.600000
2286119.700000
2286650.700000
2287680.700000
2288065.250000
2288162.750000
2288715.950000
2289117.850000
2289685.100000
2290006.650000
2291453.500000
2292467.850000
2294021.000000
2294920.400000
2297670.150000
2298634.850000
2298778.050000
2299766.500000
2299971.750000
2301592.500000
2302327.450000
2303724.100000
2304920.450000
2305354.650000
2305365.400000
2306159.150000
2306950.050000
2306989.800000
2306993.450000
2307289.200000
2310552.650000
2310582.000000
2310592.800000
2310597.650000
2310728.900000
2312114.800000
2312558.300000
2312564.400000
2312630.050000
2312633.000000
2312782.550000
2313103.900000
2313178.850000
2314496.750000
2314645.400000
2315411.850000
2315429.450000
2315456.650000
2315585.650000
2316636.150000
2317118.000000
2317484.400000
2318371.400000
2319305.150000
2319449.400000
2319454.750000
2321981.850000
2321985.100000
2323055.750000
2325582.150000
2326718.450000
2328082.550000
2329081.700000
2329967.000000
2329976.300000
2330845.550000
2331120.300000
2331320.450000
2331376.800000
2331924.200000
2331926.000000
2332512.800000
2332698.200000
2333206.150000
2333328.400000
2334618.100000
2334819.900000
2334893.350000
2334933.750000
2335293.500000
2335801.550000
2336342.150000
2336360.400000
2338975.900000
2339900.500000
2342009.750000
2342633.450000
2342825.550000
2343122.900000
2343162.900000
2343202.650000
2343979.400000
2344327.900000
2345453.350000
2347068.600000
2347167.100000
2347652.200000
2347685.750000
2347857.300000
2347998.350000
2348012.600000
2348015.400000
2348019.500000
2348087.200000
2348098.600000
2348104.700000
2350367.550000
2351848.250000
2351856.200000
2353372.550000
2353376.900000
2353392.400000
2354004.500000
2354421.550000
2354602.800000
2355798.600000
2355819.100000
2356078.950000
2356958.250000
2357726.700000
2358123.550000
2358458.850000
2359933.300000
2360832.050000
2360839.200000
2361212.600000
2361894.150000
2362878.300000
2362886.950000
2363173.950000
2363214.550000
2363509.100000
2363752.000000
2364537.200000
2365310.550000
2365580.050000
2365595.100000
2365604.600000
2365787.900000
2365792.400000
2365983.150000
2366005.900000
2366107.300000
2366249.150000
2366543.250000
2366636.200000
2366739.100000
2366753.950000
2366830.200000
2366952.200000
2366971.400000
2366980.000000
2367097.550000
2367206.900000
2367220.850000
2367240.500000
2367365.250000
2367391.600000
2367603.250000
2368158.800000
2368233.250000
2368297.600000
2368318.950000
2368430.050000
2368543.450000
2368729.300000
2368839.000000
2369064.450000
2369349.950000
2369458.150000
2369534.700000
2369647.400000
2369849.650000
2369920.200000
2370418.850000
2371128.750000
2371243.600000
2371529.500000
2371599.750000
2371706.950000
2372564.250000
2372627.350000
2373303.300000
2373496.050000
2373499.550000
2373501.650000
2373542.550000
2373557.300000
2373783.350000
2373862.250000
2374160.900000
2374762.000000
2374769.650000
2374989.800000
2375000.850000
2375060.650000
2375093.800000
2375101.400000
2375227.950000
2375392.300000
2375467.500000
2375542.700000
2375736.600000
2375988.150000
2376187.150000
2376324.650000
2376412.750000
2376498.800000
2376872.200000
2377241.750000
2377881.650000
2378803.000000
2379465.350000
2380225.350000
2380579.600000
2382292.900000
2382319.700000
2382437.250000
2383116.100000
2383159.450000
2383647.750000
2387381.050000
2388386.350000
2389157.000000
2389445.600000
2389645.800000
2389684.300000
2390375.600000
2391101.900000
2391809.700000
2392034.700000
2395282.800000
2395288.500000
2401701.000000
2401709.350000
2402871.300000
2402879.750000
2403878.800000
2404814.650000
2405468.100000
2407185.500000
2408680.600000
2408698.100000
2409159.550000
2409181.550000
2409601.550000
2409682.950000
2410156.400000
2410163.750000
2410841.400000
2412186.950000
2414050.500000
2414875.450000
2417994.800000
2418029.550000
2418485.700000
2418494.100000
2424771.350000
2426288.050000
2428302.850000
2429532.650000
2429536.250000
2430237.900000
2431233.450000
2431385.150000
2432357.700000
2432366.700000
2433530.700000
2435632.500000
2435876.350000
2435915.750000
2437081.950000
2437763.500000
2438747.900000
2438751.350000
2438764.000000
2439725.950000
2440245.050000
2440257.350000
2440924.900000
2440935.800000
2440955.450000
2440979.650000
2440985.000000
2441293.600000
2441399.950000
2441403.100000
2441415.050000
2441420.800000
2441425.350000
2441434.900000
2441439.800000
2441970.850000
2441982.150000
2441990.250000
2443137.050000
2443595.450000
2443622.450000
2445141.200000
2448309.000000
2448639.200000
2448778.000000
2451526.450000
2451531.150000
2451631.250000
2453030.050000
2453881.650000
2453896.750000
2453902.600000
2454475.750000
2456373.850000
2457469.250000
2457475.900000
2457481.600000
2457482.450000
2457489.200000
2457504.000000
2458670.950000
2458684.650000
2458691.350000
2458991.050000
2462379.150000
2464128.250000
2464900.350000
2465359.050000
2470216.500000
2470226.450000
2470545.850000
2470910.150000
2470935.500000
2471147.150000
2471524.300000
2471900.200000
2471910.650000
2471917.450000
2472684.550000
2472979.500000
2472985.700000
2473797.500000
2477168.250000
2477796.100000
2479202.200000
2479539.750000
2482743.700000
2485389.750000
2485405.050000
2486994.050000
2487705.700000
2487715.850000
2487765.950000
2487775.250000
2488200.300000
2489170.650000
2494617.800000
2494695.600000
2495559.200000
2495756.950000
2498649.800000
2499681.900000
2500366.450000
2503074.100000
2503326.450000
2505558.900000
2505946.400000
2505952.150000
2507258.300000
2510071.200000
2510081.950000
2510214.150000
2511643.600000
2511647.050000
2513173.450000
2515502.800000
2515518.800000
2515810.900000
2516879.550000
2517796.350000
2517940.850000
2518328.750000
2519210.900000
2519399.550000
2519409.250000
2519790.150000
2521353.350000
2521888.000000
2521911.450000
2522235.500000
2523027.400000
2523461.650000
2523858.000000
2524237.950000
2524915.050000
2525385.950000
2525474.000000
2528552.400000
2528820.000000
2528826.400000
2528835.350000
2528849.500000
2528855.950000
2528861.750000
2529936.450000
2530902.850000
2532018.700000
2532321.150000
2532327.200000
2532439.800000
2533286.250000
2533635.200000
2533963.150000
2535053.150000
2535058.600000
2535415.700000
2536000.400000
2536005.100000
2536143.850000
2536297.500000
2536325.000000
2538132.700000
2538177.400000
2539281.350000
2540730.100000
2542303.700000
2542319.150000
2542344.900000
2543161.050000
2545132.650000
2545692.350000
2545703.650000
2545710.900000
2545714.750000
2545719.250000
2545724.150000
2545751.050000
2545776.050000
2547927.250000
2548704.100000
2550769.750000
2550872.800000
2552015.250000
2552222.050000
2552537.800000
2552800.500000
2553894.100000
2553967.450000
2554072.000000
2554083.950000
2555072.800000
2555967.450000
2560048.650000
2560053.950000
2560068.650000
2560076.550000
2560865.350000
2561362.100000
2561832.350000
2561884.300000
2565151.000000
2565797.450000
2569915.100000
2570586.200000
2574163.150000
2574240.150000
2574503.500000
2579926.450000
2580205.950000
2580863.550000
2581039.750000
2584214.000000
2585170.600000
2588625.250000
2588632.950000
2588644.650000
2589201.550000
2589627.100000
2589659.100000
2590415.700000
2590713.300000
2591175.600000
2592327.850000
2592490.500000
2593832.750000
2594215.950000
2594339.250000
2595411.900000
2596146.000000
2597156.100000
2598122.300000
2598469.900000
2598554.950000
2598904.050000
2599379.150000
2599461.350000
2600604.250000
2600789.550000
2601218.400000
2603362.750000
2604258.000000
2605414.450000
2606192.650000
2606206.250000
2606455.050000
2609001.150000
2613212.300000
2613708.950000
2613721.750000
2614071.100000
2614329.750000
2616660.200000
2616674.500000
2617032.700000
2617739.000000
2619098.850000
2619727.400000
2621591.450000
2625384.350000
2625711.800000
2626170.150000
2626640.150000
2627543.500000
2628253.300000
2630734.550000
2630794.950000
2630951.600000
2632436.800000
2632444.000000
2632869.800000
2632873.450000
2634742.450000
2634752.650000
2634878.250000
2635548.400000
2635574.200000
2635887.200000
2635892.200000
2636298.200000
2636923.950000
2637626.750000
2638032.750000
2641552.950000
2641734.300000
2642210.950000
2643391.000000
2643726.350000
2644305.550000
2644313.900000
2645090.900000
2645771.650000
2646870.450000
2648279.400000
2648297.750000
2648313.450000
2648338.450000
2649047.100000
2649306.200000
2651302.400000
2651754.150000
2651790.650000
2652708.950000
2654722.650000
2655776.100000
2656617.300000
2661945.100000
2662036.650000
2663031.400000
2667545.450000
2668256.700000
2670005.050000
2670027.700000
2670041.450000
2670100.150000
2670558.600000
2671332.250000
2672626.100000
2673018.350000
2673043.100000
2673292.600000
2673303.100000
2673306.250000
2674210.150000
2675147.700000
2676894.700000
2677841.800000
2677848.000000
2677859.950000
2677862.650000
2678461.800000
2679196.350000
2679804.850000
2679808.350000
2682001.600000
2682006.100000
2682489.650000
2683488.900000
2684802.700000
2684815.950000
2686361.350000
2686373.600000
2686481.000000
2686874.200000
2687385.650000
2687781.900000
2687802.050000
2688640.650000
2689197.100000
2689953.300000
2693156.750000
2693672.050000
2693780.050000
2695285.200000
2696656.650000
2698245.200000
2698598.000000
2700484.100000
2700488.250000
2700506.250000
2701289.100000
2701360.000000
2702257.550000
2702261.200000
2702265.400000
2702270.700000
2702559.150000
2707016.400000
2710332.300000
2710465.600000
2710468.700000
2711016.250000
2711451.300000
2713513.850000
2715072.950000
2721437.100000
2721440.700000
2721578.800000
2721594.000000
2721984.050000
2723436.750000
2723890.900000
2725299.550000
2725651.350000
2726483.450000
2726488.500000
2726493.450000
2726731.900000
2727163.150000
2727168.600000
2727426.000000
2727641.250000
2727826.500000
2727834.950000
2728469.100000
2729290.000000
2729564.200000
2729568.000000
2738360.600000
2739053.050000
2741534.400000
2741547.300000
2742755.450000
2743335.850000
2743366.400000
2745305.550000
2747457.600000
2747462.150000
2747466.350000
2747471.600000
2751209.550000
2752472.700000
2753634.500000
2753655.650000
2756753.150000
2757078.200000
2757099.900000
2757114.400000
2757124.850000
2757139.550000
2757989.150000
2758497.200000
2759196.300000
2760016.900000
2760223.050000
2760521.700000
2760524.400000
2761456.350000
2762425.200000
2762583.450000
2765187.100000
2765223.200000
2766107.000000
2766235.600000
2769006.550000
2769027.250000
2769212.100000
2769460.150000
2771038.850000
2774460.000000
2774486.150000
2779215.900000
2779987.450000
2784275.800000
2784824.250000
2784830.850000
2785845.000000
2787487.350000
2788096.950000
2788674.350000
2789133.950000
2789821.450000
2789836.050000
2790417.000000
2793173.550000
2793649.950000
2795881.900000
2796261.900000
2796614.550000
2796918.550000
2796962.050000
2797747.900000
2797780.450000
2797786.050000
2798124.650000
2800002.900000
2802622.750000
2802631.450000
2802636.550000
2802641.100000
2803256.950000
2803778.150000
2803809.850000
2803815.800000
2803830.050000
2804387.950000
2804906.100000
2805228.200000
2810097.800000
2810127.950000
2811861.550000
2812908.400000
2812922.700000
2813197.850000
2813327.500000
2813342.200000
2813361.050000
2814683.450000
2815485.200000
2816046.100000
2816496.050000
2816728.650000
2816776.000000
2817841.100000
2817889.900000
2818010.650000
2818018.950000
2819204.250000
2821844.050000
2823220.750000
2823597.300000
2826543.000000
2826547.950000
2826551.800000
2826692.950000
2827671.400000
2828699.400000
2829133.800000
2834451.700000
2834466.700000
2835747.200000
2835949.800000
2836436.900000
2838322.650000
2839964.600000
2840332.600000
2841053.200000
2842695.400000
2842700.100000
2842710.000000
2844614.000000
2844629.500000
2844815.650000
2846312.100000
2846470.250000
2847270.450000
2847900.700000
2848522.000000
2849833.300000
2850383.500000
2850390.250000
2850873.450000
2852603.300000
2852610.750000
2852614.850000
2859169.100000
2859171.950000
2859178.700000
2859809.250000
2859812.000000
2859819.700000
2859830.400000
2859951.700000
2860965.550000
2863837.000000
2863841.050000
2864076.200000
2864252.800000
2865265.050000
2865272.700000
2865628.800000
2866766.300000
2867207.850000
2868199.250000
2869534.750000
2870163.650000
2870985.400000
2871537.250000
2872215.250000
2872252.150000
2877640.450000
2877845.150000
2881089.900000
2882175.200000
2882423.350000
2883149.100000
2884516.500000
2887356.800000
2887443.850000
2887878.950000
2888325.800000
2889041.800000
2889046.500000
2889053.050000
2889073.650000
2889123.300000
2889252.900000
2890343.550000
2890347.900000
2890355.200000
2890358.650000
2890381.850000
2890555.700000
2890680.850000
2890877.200000
2891370.800000
2892441.400000
2893894.300000
2895182.200000
2896500.550000
2897994.650000
2898002.600000
2898670.250000
2899172.950000
2899222.350000
2899586.300000
2899662.200000
2907498.800000
2910269.550000
2911224.150000
2911424.000000
2911426.800000
2913769.200000
2913957.250000
2914112.500000
2916188.600000
2917054.450000
2917953.900000
2918607.100000
2920397.000000
2921288.250000
2921373.000000
2921954.850000
2921964.350000
2923925.200000
2924218.850000
2925994.500000
2926044.450000
2926069.600000
2926076.650000
2926083.400000
2926301.300000
2929513.550000
2929828.300000
2931783.950000
2932532.100000
2932596.000000
2935744.650000
2935794.700000
2936603.750000
2937954.000000
2937958.800000
2939624.800000
2942678.250000
2943240.100000
2943786.350000
2945613.150000
2945660.650000
2945666.950000
2946335.000000
2947056.250000
2947094.850000
2947950.600000
2948058.800000
2948846.100000
2948850.150000
2949907.200000
2950785.750000
2950812.700000
2950902.600000
2951308.200000
2951316.400000
2951334.100000
2951348.500000
2952499.250000
2952614.800000
2954670.500000
2954676.200000
2954691.900000
2954728.550000
2955622.850000
2958184.600000
2958191.950000
2958515.700000
2958704.850000
2959043.200000
2959979.400000
2962299.050000
2963342.600000
2965264.300000
2966419.300000
2966896.750000
2967310.300000
2969876.650000
2971572.050000
2972787.750000
2972804.100000
2973884.400000
2974803.800000
2974845.450000
2974851.700000
2974863.150000
2974866.550000
2974870.500000
2974877.950000
2976584.300000
2976586.700000
2976889.250000
2976913.500000
2976923.400000
2976927.550000
2977672.150000
2977693.250000
2977700.150000
2978608.700000
2978941.700000
2983473.550000
2984337.800000
2985338.400000
2985416.550000
2985525.000000
2985742.950000
2987375.850000
2988094.500000
2990387.250000
2991182.400000
2991389.600000
2991905.300000
2992129.800000
2992422.250000
2993201.700000
2993242.250000
2993646.750000
2994182.100000
2994264.950000
2996418.850000
2997562.250000
2997844.950000
2998681.500000
3001833.250000
3004366.700000
3004372.400000
3006859.850000
3010124.200000
3010139.150000
3010148.150000
3011383.400000
3011565.300000
3014380.050000
3020014.750000
3026577.550000
3026877.350000
3026927.800000
3027798.050000
3028096.000000
3028109.650000
3028920.950000
3032476.400000
3032616.000000
3033196.200000
3033703.050000
3034315.350000
3034572.750000
3036174.400000
3036179.750000
3036494.650000
3036503.100000
3036506.500000
3036804.000000
3036817.200000
3036833.450000
3038110.250000
3039045.550000
3040715.000000
3042702.350000
3043198.050000
3044318.300000
3050392.950000
3051909.900000
3052777.300000
3053354.800000
3053830.450000
3053845.850000
3053993.850000
3056450.450000
3056470.400000
3056757.850000
3056762.450000
3056767.800000
3057632.650000
3058135.400000
3058600.150000
3058614.650000
3059315.500000
3062216.400000
3062901.950000
3065392.300000
3065612.000000
3066079.400000
3066144.450000
3067283.850000
3067313.300000
3068229.900000
3068445.250000
3068622.150000
3069132.050000
3070142.450000
3070659.950000
3070664.450000
3070668.400000
3070685.650000
3070696.600000
3071405.650000
3071418.450000
3073066.250000
3075341.350000
3075356.350000
3075369.500000
3077193.800000
3079632.300000
3080252.950000
3081380.800000
3081423.000000
3082797.850000
3083797.100000
3084507.900000
3084782.700000
3084985.850000
3086427.350000
3086490.500000
3086841.850000
3086996.800000
3089180.700000
3090919.550000
3095263.650000
3096852.300000
3096854.950000
3096868.600000
3096912.550000
3097852.200000
3097879.700000
3097883.900000
3097888.100000
3097895.850000
3097900.850000
3097908.600000
3098361.250000
3098513.550000
3101376.700000
3101389.750000
3101664.250000
3103592.750000
3106033.650000
3106038.150000
3110651.100000
3111035.800000
3111527.350000
3122202.500000
3122292.250000
3122422.500000
3123787.150000
3125526.750000
3126090.900000
3126911.750000
3127062.200000
3127594.500000
3129827.650000
3130071.350000
3130074.550000
3130077.700000
3130289.900000
3132000.050000
3134079.150000
3134206.650000
3134845.250000
3135415.150000
3137471.300000
3138543.450000
3139395.150000
3139405.700000
3139423.300000
3142606.650000
3142634.250000
3143882.550000
3145505.150000
3147522.150000
3147526.300000
3147539.700000
3148913.950000
3156185.850000
3156666.350000
3157127.950000
3157803.000000
3157810.350000
3158302.300000
3159613.500000
3159828.800000
3161861.500000
3161875.650000
3161880.450000
3163325.750000
3163348.150000
3163468.600000
3163472.350000
3164238.450000
3164255.400000
3164584.350000
3164609.800000
3166590.900000
3167366.900000
3167624.150000
3168449.650000
3170458.450000
3171938.150000
3171958.650000
3172629.650000
3174000.850000
3174073.200000
3174285.100000
3174293.050000
3177254.450000
3177259.300000
3177359.800000
3178421.300000
3180211.950000
3184403.450000
3185870.050000
3188555.350000
3188575.100000
3189006.850000
3189528.500000
3189588.200000
3190260.800000
3190601.900000
3191094.150000
3191119.200000
3191596.300000
3192041.200000
3197161.600000
3198326.750000
3202376.650000
3204235.500000
3204367.950000
3208407.400000
3208411.300000
3208417.800000
3208426.100000
3208578.600000
3209387.800000
3210326.150000
3210338.950000
3210402.950000
3210407.900000
3210710.650000
3210719.900000
3210726.650000
3210733.500000
3210743.050000
3212691.800000
3213465.550000
3213703.200000
3213782.750000
3218589.850000
3219316.650000
3219710.300000
3220969.900000
3221101.700000
3221226.700000
3223477.150000
3226747.350000
3226755.700000
3226765.000000
3227566.900000
3228419.300000
3228961.250000
3229016.200000
3232820.100000
3233137.650000
3233163.650000
3234096.300000
3234113.450000
3234265.400000
3234712.300000
3235465.500000
3235576.150000
3236119.300000
3241604.200000
3242221.200000
3248820.800000
3249668.800000
3251553.600000
3254445.050000
3254511.450000
3255306.550000
3255309.500000
3256737.050000
3256740.700000
3257402.350000
3258238.850000
3259438.500000
3260802.300000
3261241.200000
3261966.350000
3262269.700000
3264468.150000
3265367.700000
3265551.400000
3266116.450000
3267397.400000
3270973.600000
3270980.250000
3272063.600000
3272747.150000
3275819.850000
3278678.000000
3279336.000000
3279348.850000
3279380.200000
3279405.350000
3280138.050000
3280583.050000
3280587.600000
3280588.600000
3280592.350000
3281360.500000
3281488.100000
3281497.150000
3281521.550000
3284973.200000
3285900.950000
3286400.900000
3287067.600000
3287131.500000
3289547.950000
3290460.750000
3291178.300000
3292839.350000
3294936.550000
3295329.700000
3295867.550000
3297415.900000
3297848.800000
3298060.250000
3298358.300000
3299826.800000
3303418.100000
3308441.950000
3308729.500000
3310580.400000
3310597.650000
3310607.150000
3313132.300000
3313147.150000
3313151.200000
3313267.700000
3313272.850000
3313276.700000
3315871.950000
3315898.150000
3316339.150000
3320618.400000
3321765.300000
3321928.750000
3325041.650000
3325044.950000
3325056.500000
3325061.150000
3325183.950000
3327213.250000
3327229.350000
3327241.300000
3327246.400000
3327355.550000
3327397.400000
3327411.650000
3327505.850000
3327651.500000
3330686.050000
3330692.800000
3331431.100000
3332187.200000
3332201.250000
3333147.400000
3333210.850000
3333260.650000
3333270.450000
3333775.550000
3334756.400000
3335132.550000
3335156.900000
3335565.950000
3335571.100000
3336349.900000
3337612.800000
3337694.950000
3338834.850000
3340317.050000
3340323.450000
3344323.750000
3344353.200000
3344458.000000
3345224.800000
3345948.150000
3345979.650000
3345985.150000
3346422.100000
3346443.950000
3346458.050000
3346461.100000
3346472.900000
3347730.700000
3348123.500000
3349793.950000
3349971.750000
3350717.850000
3351382.850000
3352246.000000
3352424.850000
3353163.100000
3355628.900000
3357734.400000
3359453.450000
3360292.900000
3361453.600000
3362790.350000
3363283.200000
3364024.400000
3366385.550000
3366695.450000
3368076.200000
3368087.500000
3368099.100000
3369929.800000
3369949.850000
3370022.300000
3374292.700000
3374303.000000
3376850.450000
3379674.900000
3380241.350000
3380919.400000
3382528.400000
3382532.850000
3383200.200000
3385538.750000
3385964.650000
3385971.850000
3385978.400000
3385994.450000
3386250.000000
3386530.750000
3386588.800000
3387843.450000
3388295.600000
3388622.350000
3389236.150000
3389242.800000
3390065.250000
3390125.050000
3391616.500000
3391907.600000
3391917.600000
3394218.450000
3396162.450000
3396471.350000
3398225.100000
3400508.750000
3402045.400000
3402065.050000
3402341.250000
3402810.700000
3402835.050000
3403606.700000
3404712.950000
3404901.550000
3405022.500000
3405048.150000
3405777.100000
3406720.250000
3407457.250000
3408317.150000
3408373.200000
3409295.600000
3411077.750000
3411243.650000
3411591.150000
3411820.750000
3413243.900000
3414316.950000
3414666.200000
3415142.500000
3416219.550000
3417399.900000
3418428.500000
3420278.650000
3420283.950000
3420733.600000
3421920.850000
3422892.150000
3423932.100000
3424308.450000
3424601.250000
3424602.100000
3424606.050000
3424614.950000
3431088.150000
3431932.950000
3431938.600000
3432331.200000
3432342.950000
3432357.350000
3432362.900000
3433125.150000
3433259.550000
3433268.400000
3433274.550000
3433280.150000
3433287.200000
3434066.600000
3434072.150000
3436316.050000
3436337.250000
3436934.450000
3437081.350000
3438462.050000
3442099.950000
3442440.550000
3445358.850000
3445377.950000
3445954.700000
3447146.450000
3447285.900000
3449095.350000
3449101.000000
3449104.600000
3454035.100000
3456010.800000
3456018.050000
3456169.900000
3456579.650000
3456582.350000
3456699.700000
3458262.250000
3459297.300000
3459921.500000
3460529.350000
3463371.100000
3464042.750000
3464064.900000
3464067.000000
3464068.700000
3467057.850000
3467351.150000
3467354.600000
3467535.800000
3469342.500000
3471538.600000
3472904.450000
3473260.600000
3473308.600000
3474820.950000
3475024.150000
3475136.100000
3475307.950000
3475324.150000
3475534.650000
3476147.950000
3477111.350000
3477546.350000
3477653.150000
3479135.950000
3480639.000000
3480648.150000
3480654.900000
3485776.200000
3486727.650000
3489013.000000
3489125.300000
3489500.000000
3489745.450000
3489851.300000
3492820.500000
3492962.450000
3492971.400000
3493845.800000
3494905.750000
3495906.750000
3498329.000000
3498497.950000
3499105.800000
3499110.000000
3499147.550000
3499805.300000
3501625.850000
3502016.550000
3502485.900000
3502510.800000
3502634.850000
3502643.500000
3502771.650000
3503747.450000
3503759.300000
3504768.850000
3505024.550000
3505108.950000
3505288.100000
3505369.000000
3505812.750000
3506189.550000
3507103.850000
3507249.200000
3507264.350000
3507296.900000
3509612.950000
3509621.900000
3509744.000000
3510216.600000
3510229.500000
3514233.900000
3514239.150000
3514247.950000
3514614.600000
3514623.100000
3516013.450000
3516018.650000
3517549.150000
3518113.400000
3518131.200000
3518369.900000
3520904.550000
3521656.200000
3522250.250000
3522258.100000
3523233.300000
3523743.150000
3525242.400000
3525244.900000
3525399.150000
3525450.350000
3529140.350000
3530878.300000
3534136.500000
3534732.100000
3537937.300000
3539386.850000
3539884.300000
3540676.150000
3541052.550000
3544032.300000
3544036.500000
3544179.650000
3547511.750000
3547891.250000
3548900.400000
3549186.400000
3549278.850000
3549916.200000
3550579.050000
3551457.550000
3551559.100000
3552539.000000
3552549.100000
3553425.450000
3554195.300000
3554244.850000
3554260.450000
3556297.650000
3558329.900000
3562477.300000
3562483.000000
3563293.200000
3563807.950000
3569068.850000
3569227.150000
3569240.100000
3569243.650000
3569287.150000
3569991.000000
3569996.400000
3570474.400000
3570761.350000
3572014.950000
3572444.200000
3572447.500000
3572452.900000
3573138.300000
3573364.250000
3575371.700000
3575566.400000
3575698.050000
3575703.650000
3576071.200000
3576136.100000
3576753.650000
3576903.200000
3581358.200000
3583215.750000
3584052.900000
3584980.700000
3585031.050000
3585035.150000
3585040.000000
3585048.450000
3585067.600000
3587217.950000
3587659.250000
3588918.250000
3589095.000000
3591585.700000
3591603.850000
3591610.400000
3591614.500000
3591620.300000
3595370.550000
3596709.700000
3596725.250000
3596736.900000
3597919.800000
3599063.850000
