0.067500
0.074900
2.683850
7.956000
12.344100
13.318850
14.855700
14.864250
17.914350
19.346600
19.350900
19.355650
19.367300
24.749300
27.336150
34.126400
36.255300
36.264250
36.914500
36.930500
43.239750
43.250600
44.557650
44.563200
44.567200
44.572750
44.581100
44.590950
48.095400
49.018700
52.272400
53.336650
56.342250
60.214400
60.596100
60.608650
66.250050
71.683750
75.417400
75.430100
80.745000
89.861950
89.865650
89.870100
89.881150
89.887950
91.387950
97.672200
97.681100
98.869850
100.631300
102.296000
105.121900
106.104800
106.624500
108.278400
109.703750
110.338850
110.415900
112.471400
112.757500
115.481550
119.247000
119.584650
120.302000
120.306450
120.521500
120.829150
121.330950
121.988350
122.258850
122.298800
123.094050
123.103750
123.597350
123.603550
123.608750
123.896550
124.172150
124.863900
128.970700
131.640150
134.419400
138.016250
139.841150
143.671600
145.944750
145.949100
145.962000
148.575500
149.300350
149.313000
149.812650
150.380000
151.118300
153.340400
154.260400
155.574150
155.585550
158.407100
158.421850
160.186650
160.195500
160.458600
161.814600
163.546800
163.642300
163.904700
164.195700
164.794600
165.011900
165.032800
165.298200
165.383400
165.397750
165.751050
166.022750
166.256100
166.264550
166.281000
166.373350
166.389300
166.598300
166.605250
167.052900
167.131000
167.192650
167.215650
167.359450
167.364900
168.192500
168.206950
168.212600
168.376500
168.623600
168.922700
168.949550
168.972450
168.985000
169.021600
169.030300
169.052450
169.141900
169.490350
170.587300
170.596600
170.838350
171.095500
171.100300
171.107450
171.120500
171.233450
171.314000
171.342250
171.558900
171.588100
173.509300
175.301500
177.229800
178.284050
179.752250
180.458250
180.583350
180.663850
180.673050
180.684650
180.933800
181.030200
184.244450
186.858000
191.093250
191.098950
195.887250
196.441850
200.238150
200.243000
201.442300
203.331350
208.129600
208.871050
208.877900
208.907050
212.256300
212.369000
213.850000
214.484750
217.963850
219.000050
223.219350
223.223550
223.229950
225.216950
225.837800
227.511000
227.527850
230.142650
230.562950
233.080400
233.093000
234.136300
237.697500
241.985900
241.994900
247.822500
247.844000
248.439950
248.444600
248.448900
248.453000
248.458300
248.463750
248.471250
259.037750
261.051050
261.290700
264.095100
264.731950
277.886850
282.822950
284.106750
286.014950
295.252800
295.535600
295.896600
296.022650
296.031250
296.366150
296.604450
296.625450
296.629850
296.638850
296.756750
296.763700
296.777900
296.783450
297.032950
297.041150
297.416400
297.427350
297.452350
297.925200
299.101350
299.526500
299.534950
299.555650
303.056950
303.788050
304.977150
306.440950
307.663850
308.204950
310.025650
310.651850
312.121800
313.042150
315.834300
315.841650
317.342500
317.902450
317.918900
318.142100
318.514700
318.525950
318.757950
318.768100
318.784600
318.799900
318.805800
319.808450
319.835450
321.824250
321.834350
322.028400
322.960150
322.968200
326.907000
327.240000
333.053300
333.432650
333.812350
334.067450
334.078300
334.861350
335.914700
337.028450
337.527650
338.010700
338.252050
338.508850
340.462250
341.119400
341.683500
342.063050
342.648250
342.690850
343.452750
346.791250
347.779150
349.122100
349.742950
351.134950
351.449600
352.379700
353.515100
353.521750
354.497550
354.502300
354.903000
355.804400
355.808750
356.045500
356.071600
356.165250
356.294700
356.311000
356.376200
357.237350
357.246500
357.557850
357.576300
357.583600
357.600500
357.836750
357.850900
358.058900
358.066450
358.073150
358.180650
358.199250
358.208050
358.218400
358.419700
358.505400
358.519500
358.529950
359.152000
359.188450
359.192750
359.639200
359.984350
360.221050
360.353100
361.427350
361.439850
361.750350
361.760300
361.905850
362.666600
362.908450
363.758150
363.775550
364.071750
364.086600
364.390200
365.073550
368.101900
369.907150
370.437900
370.579400
370.590250
370.606700
371.203150
371.388800
371.733200
371.738900
371.852600
371.915950
372.487300
372.542650
372.719500
372.724350
372.894850
372.924150
373.030700
373.049650
373.053600
373.149800
374.153550
374.160350
374.263200
374.279000
377.020450
377.047550
377.198450
377.385150
377.780600
380.785000
381.556050
386.261900
388.887050
389.647350
389.662800
389.677600
392.787300
393.744450
395.390700
396.633750
401.437000
409.386200
409.857600
410.742300
411.251000
414.158250
416.518350
417.202900
417.344950
417.352000
418.872750
429.510100
430.037500
430.727850
431.502300
431.522700
448.208100
448.215600
448.219650
448.226400
449.193600
450.330400
451.486600
451.585650
451.719400
452.796350
454.145950
454.310350
458.995450
459.323650
459.393750
459.398600
464.379700
465.308050
467.376500
468.289600
468.429950
468.446450
469.943800
469.978150
472.539250
472.784700
473.143250
473.154200
473.159600
473.163150
473.172600
473.535700
474.208700
474.225900
474.315550
474.334750
474.345650
474.977150
474.981400
474.999550
475.614150
475.631450
475.637250
475.657950
475.858150
475.874000
475.877800
476.159100
476.410600
476.976300
476.999300
477.006150
477.019000
478.379750
478.605100
478.621850
478.642250
478.708200
479.531300
479.638800
479.841100
480.044550
480.382150
480.394850
480.422200
480.639500
481.645200
481.648700
481.662250
481.822450
481.839000
482.045850
482.379350
482.383700
482.387300
483.038600
483.063000
483.479500
484.352900
484.787100
485.079150
486.161350
486.333000
486.394500
486.679350
486.706200
486.809800
486.815850
486.825100
486.985750
486.996500
487.210150
487.894400
487.909150
488.350450
488.487400
488.928150
488.941200
489.355300
489.360900
489.372900
489.376900
489.661200
490.150700
490.173400
490.197250
490.309950
490.454000
490.483950
491.373300
492.856250
492.974750
493.614350
495.327500
495.361600
495.530550
495.637000
495.664150
495.860350
495.913650
497.167150
497.346500
497.570200
497.708850
497.816850
497.846350
497.865900
497.872600
498.454450
498.996200
499.001850
499.035300
499.302700
499.317450
499.734000
499.825350
499.832950
499.977750
500.007900
500.283100
500.288750
500.533250
500.543400
500.549950
501.250250
501.257750
501.266950
502.912400
503.128700
503.134350
503.487650
504.548050
505.080200
509.619250
510.663700
510.678100
510.919950
511.240300
511.273000
511.351000
514.341800
514.351850
517.716100
525.537550
527.907300
530.342100
538.798650
538.804900
538.809350
540.553550
542.804250
543.810350
544.333650
544.531900
554.109600
557.750450
561.935350
570.654750
574.940850
575.047000
575.934300
575.937550
575.940900
575.946700
578.377000
578.383750
582.106100
589.084550
592.081800
593.124600
593.494850
593.503300
593.522650
594.651200
594.874950
594.890100
594.896050
595.262250
596.800700
596.808400
597.163600
597.445350
597.557550
597.600900
597.608050
597.611750
597.620750
597.627850
598.913350
598.917950
599.964450
601.349350
601.474900
605.412650
605.421850
605.548250
605.923600
606.456200
607.115900
607.121700
607.356300
607.388200
607.409950
608.033200
608.138550
608.207850
608.235950
608.525000
608.644950
609.538900
610.202000
610.222350
610.227600
610.233100
610.832600
610.875350
610.987750
611.659900
611.665050
615.211700
615.686300
615.978600
617.145150
618.909650
618.924800
619.089800
619.111000
619.759000
619.765050
619.779850
626.358400
628.190400
628.566850
628.718650
629.892000
633.012750
634.590500
634.942500
635.386650
635.874100
637.513450
638.731550
648.366200
650.933550
653.559650
658.934350
659.103250
663.554750
664.276550
664.442700
667.531500
672.469450
676.417500
680.265550
689.741550
691.946550
692.933850
697.953000
710.169800
711.212950
711.223550
717.116500
717.481100
717.485850
719.469500
719.495350
720.108150
722.213700
722.232500
722.589650
723.415550
724.291550
724.936400
725.114200
725.706400
725.726150
726.944550
726.951150
727.084950
728.663350
729.330250
738.374950
740.210600
740.865650
744.987950
745.871900
745.902100
745.911450
746.449050
746.759800
747.470400
747.542600
749.054100
749.166150
749.181750
749.188250
749.193400
749.198250
749.210500
750.458450
751.059400
751.075450
751.619050
753.063050
753.501250
755.143650
755.273100
755.947300
757.174450
757.750750
758.356400
760.017400
760.029950
760.595150
762.969150
766.538400
770.436400
770.476250
771.015650
771.696050
772.332200
772.616000
772.903100
773.366900
775.505850
775.531200
776.231800
776.709050
777.457150
777.996100
778.005550
778.009350
778.394000
778.697150
779.017350
780.092750
780.437800
781.379650
782.141000
782.536300
784.136500
784.492350
785.033600
785.281150
785.883350
785.887350
787.328500
787.616200
787.620900
787.953550
788.735450
788.744550
789.508950
789.808300
791.569550
792.205300
795.822700
796.004700
803.056550
803.668200
804.126550
804.989650
804.993900
805.358150
805.363250
805.380650
807.855800
807.861700
807.866150
807.870750
807.878300
808.621550
817.131200
820.289600
820.298050
820.306300
836.912300
846.276050
846.289250
850.964250
877.998150
878.006250
878.014750
883.714650
889.433850
892.824050
893.493550
898.983850
899.651250
899.674200
900.414350
901.336350
911.998200
912.002900
912.423800
912.633050
917.316000
923.045450
923.051050
923.054950
923.060450
927.044300
927.054500
950.697400
951.224050
961.816400
962.376150
962.797750
962.806500
962.827300
962.905050
965.322700
978.323650
986.736550
986.741100
986.744950
1000.634800
1012.912650
1017.974400
1017.979450
1017.982700
1017.986600
1017.995650
1029.412950
1029.866100
1029.876200
1046.779950
1046.786050
1046.789350
1046.792850
1047.296300
1047.314300
1048.020000
1048.715800
1048.720600
1055.156600
1057.039700
1057.500600
1063.000850
1063.012650
1063.017450
1063.721700
1064.442250
1069.694500
1072.117400
1074.717450
1074.982400
1087.741700
1091.336950
1091.433500
1091.457700
1091.463600
1102.122150
1102.943500
1104.841250
1112.758600
1113.425700
1115.016000
1117.714350
1118.579600
1133.284600
1137.076500
1137.088050
1141.268400
1141.734450
1141.738600
1141.746100
1141.754100
1141.760400
1141.799600
1147.730900
1157.537900
1160.816450
1164.055200
1164.062550
1164.433950
1168.876000
1169.466350
1174.461100
1174.901250
1174.906600
1181.816700
1182.447550
1186.523800
1192.285450
1193.126500
1193.825300
1193.963500
1194.993800
1198.910900
