1.183400
3.973300
4.573250
4.581350
5.062200
5.442650
7.455000
8.205500
8.420150
8.621450
9.456250
9.691000
11.076850
11.574900
12.635300
12.669500
13.028100
20.578200
23.433550
24.509200
34.777750
35.975700
40.353500
45.653950
50.615700
52.435550
57.340600
58.142750
60.759500
63.875250
66.294500
66.741150
68.285300
68.615000
69.083150
69.149200
70.953700
70.961100
70.963800
70.968800
71.342700
71.999200
73.393000
73.809300
77.040500
77.117950
77.121450
83.515650
91.023900
91.724250
93.634450
93.957350
97.827750
99.491400
102.300950
104.883700
105.201400
105.209850
106.846350
107.722500
107.784350
108.820150
110.001600
113.502300
115.594700
115.631700
115.718300
117.634700
118.226050
119.271900
128.711550
128.795200
129.406050
131.921950
133.406400
136.622450
139.116650
140.145600
143.237300
145.880400
147.042150
147.749850
155.062050
158.688700
159.942650
162.814600
175.786100
178.365800
179.677200
185.362600
187.703000
187.879050
188.777500
189.218850
189.349400
190.575450
196.558700
197.719500
197.877100
199.909200
200.379350
203.131400
203.225300
203.778550
204.807600
205.341700
206.000450
206.170000
216.048500
216.214300
216.382100
217.877600
218.706700
219.228750
219.523950
219.855250
220.968850
223.723450
224.431850
224.481300
225.697750
225.718300
227.084500
227.216600
227.755550
235.074350
241.360350
242.713700
244.759000
244.762950
244.766900
244.771250
244.778600
244.784100
244.789700
244.807850
244.818800
244.824550
244.831300
244.834850
245.575350
247.397850
249.887050
253.605150
253.627850
253.632000
255.384950
255.495350
256.148600
263.812700
264.280850
264.961050
266.606700
271.084800
272.225650
272.439400
272.665800
272.901150
272.944450
272.964450
274.265300
274.848100
277.240750
278.618600
280.193750
283.661450
283.965350
284.378000
284.783600
284.817200
284.869200
285.882900
286.343300
286.461400
287.456900
287.557600
287.675450
288.404000
288.605800
291.817750
293.602950
295.595600
308.710500
316.290050
320.403400
321.348450
321.691650
322.159950
322.568000
322.751200
322.779300
322.994950
323.087500
323.699250
323.855850
323.918650
324.195350
325.322350
325.329900
325.804750
325.930500
326.080750
326.498850
326.609750
326.859450
326.882150
326.963850
327.325400
327.506800
327.532450
327.886050
327.967400
327.968800
328.191700
328.334250
328.914800
329.598500
329.602800
330.425800
331.298550
331.375550
331.399300
332.389250
332.492050
332.918350
333.053550
333.117350
334.024100
334.104450
334.213200
335.614000
335.808250
337.142850
337.225000
343.004250
345.236300
346.650600
349.818300
350.207900
350.260150
365.491100
375.794050
376.645300
379.742150
379.859550
379.883900
380.807300
380.917300
381.512500
381.547950
382.526900
382.536950
383.952450
385.171200
386.461750
387.812500
387.946150
387.999400
388.053350
392.144300
392.148050
392.307500
392.314800
392.548600
392.997300
395.280800
395.284300
395.409950
395.548750
395.600800
395.705800
397.635900
397.883100
397.893850
400.968750
402.081800
402.779350
402.838550
402.957050
403.307850
403.942700
405.010450
405.104600
408.011300
408.168350
408.520700
408.540700
410.348650
410.698050
412.099550
412.812150
414.020100
417.155150
418.975950
422.795000
423.553100
424.647650
425.896900
426.235350
431.345200
431.821250
433.098850
433.205050
434.738600
437.089750
437.153400
437.581950
437.820250
438.034200
438.286250
438.749650
440.025950
440.282800
442.639000
443.470650
445.239650
448.037000
448.591200
449.001600
451.405550
462.761250
462.898150
463.471000
463.758750
463.957300
464.046650
464.900300
465.066950
465.100650
466.071500
476.949350
493.313450
506.553500
506.756850
508.013900
508.276200
508.365750
508.713150
510.077850
510.103250
510.113100
510.435150
510.462900
510.599500
510.816000
510.836000
510.840050
510.959800
511.115650
511.165300
511.375250
511.658200
512.221000
512.416250
512.521550
512.924700
513.076150
513.223700
513.290450
513.336750
513.498650
513.723500
513.894100
514.392700
514.517550
515.834200
517.823500
518.615300
518.725250
518.934750
521.151250
521.197100
521.217250
521.900900
522.101950
522.239400
522.582100
523.023800
523.452500
524.227500
524.349500
525.099650
526.005350
528.119350
529.521350
529.652850
531.497750
533.019250
533.021950
533.496700
534.155800
534.818400
535.537500
535.650000
535.814650
537.099100
537.104950
537.130850
537.406950
538.474250
542.040650
542.090400
542.228600
542.858250
543.159300
543.573450
544.662700
544.809200
545.589600
546.497250
547.227500
548.255250
549.060950
549.396200
550.165600
550.548600
552.249300
553.160150
555.572050
557.050050
561.674150
562.210750
562.597450
563.560000
565.194450
567.038900
567.436950
573.443550
574.367300
575.021700
575.613650
577.900650
578.181800
578.197850
579.636350
579.774850
580.357700
580.663700
582.271050
582.300000
582.304100
582.307800
582.994500
583.008500
583.084450
583.118700
583.655700
584.041600
584.929500
585.359850
586.431100
586.595350
588.008750
589.277150
589.412550
590.793800
591.576350
591.586700
591.601200
618.298000
624.312650
625.001500
625.100800
625.587850
625.954050
626.258900
626.595450
626.696450
627.967850
628.032250
628.149500
628.246200
628.558900
628.703350
629.353600
630.296850
630.616350
631.128250
631.434900
632.677800
632.909050
633.007450
633.201900
635.437150
636.825000
636.999650
637.015950
638.897150
642.601300
645.835300
645.853350
646.109850
646.288200
648.678200
649.109950
649.172850
649.670600
649.849250
650.326900
651.095250
653.421600
654.635800
661.795400
661.852050
662.270050
662.347700
662.880150
662.953500
664.529200
664.764050
666.558450
667.747250
669.780250
671.068350
672.074550
672.336450
672.564600
672.651200
673.132700
673.891550
673.972050
675.595800
678.652300
679.519500
680.156500
680.534500
680.979050
681.038200
681.061100
681.077050
681.664850
682.202100
682.371150
682.492350
683.531950
683.928950
684.463000
684.884350
685.100600
686.271300
686.763250
687.238500
688.308250
688.357000
689.616600
690.774600
691.681350
693.798800
694.530200
695.434300
695.560100
696.222600
696.237400
697.038900
697.704000
697.948000
698.553600
699.179000
699.616300
700.040400
700.420350
701.603450
706.393050
707.384000
716.073500
733.654550
734.295500
739.498700
740.493600
740.641100
740.647550
740.881800
741.017800
791.430200
795.142950
806.844200
807.099100
808.027100
810.436450
810.683450
811.097200
811.489150
811.908550
813.374350
813.781050
813.806050
813.943900
814.124050
814.213000
814.894650
816.521450
817.237100
817.559350
817.577850
818.378400
820.815700
823.140850
824.335000
827.711750
827.847050
828.460550
828.564850
829.271350
829.513700
834.354250
835.011450
836.200350
838.680250
843.084950
843.615650
843.834850
845.648350
847.843700
848.300950
855.678650
857.450650
859.216650
863.339800
864.439000
868.236300
880.916250
884.645450
884.916150
890.453450
894.353350
896.332800
900.621000
903.673850
909.513300
913.736100
915.395950
915.516300
918.874850
918.908400
920.102800
922.903000
923.618750
924.813450
926.382600
932.152150
933.715900
934.060050
934.156250
934.387100
935.342100
935.346650
935.352250
935.358700
935.364150
935.370250
936.614900
938.423700
939.191850
939.918350
941.419750
950.123100
951.639450
954.111700
962.405150
962.411900
962.416700
962.420450
966.137250
971.843900
972.964100
973.959650
976.088800
982.685900
986.600500
986.604800
986.617200
986.622350
986.633150
986.638850
986.646650
986.653150
986.663200
986.669950
986.682850
988.083850
989.768150
994.611400
1001.538850
1001.811900
1001.816000
1001.820350
1003.332050
1003.433700
1004.415350
1009.887350
1010.127950
1010.134150
1010.142350
1010.147600
1010.779450
1012.438450
1012.497850
1014.306100
1023.833200
1028.990700
1038.583050
1038.882150
1051.294900
1052.362300
1052.466600
1053.048800
1053.725450
1055.415250
1056.242700
1057.974450
1061.628200
1061.670250
1063.729500
1064.316400
1064.399650
1065.099250
1065.161400
1065.527000
1065.605000
1066.905100
1069.454950
1069.712850
1069.834000
1070.153200
1070.170150
1070.227150
1070.829700
1070.992750
1071.141750
1071.431650
1071.579200
1071.610950
1071.691400
1073.254650
1073.500950
1073.890000
1076.664850
1076.896950
1077.084900
1077.328200
1077.555050
1077.578700
1078.062500
1079.007550
1085.209300
1085.334700
1085.785950
1089.229600
1090.388500
1091.237900
1093.642950
1094.262800
1097.720650
1098.435100
1098.650100
1101.132000
1104.493700
1104.824850
1106.362250
1106.745700
1108.162200
1108.423050
1109.646800
1110.843650
1111.353100
1112.620750
1118.940550
1119.199350
1119.832350
1120.545100
1121.154250
1121.327050
1121.445750
1121.495350
1122.014000
1123.420400
1123.808350
1126.965300
1128.204950
1128.924900
1130.700450
1130.910000
1137.744750
1141.152150
1147.523300
1147.530300
1147.727450
1148.566400
1149.521300
1150.178550
1155.078900
1166.389350
1171.359050
1174.138100
1182.437650
1182.442600
1182.458000
1182.498650
1184.948400
1185.456250
1189.040300
1191.039350
1197.367450
1197.790700
1197.898200
1198.904200
