5.075800
5.082300
5.086400
5.092100
5.384900
5.636800
5.641050
5.648050
7.114000
7.187350
7.227750
8.460100
8.532150
8.558900
8.647050
8.663300
8.789100
9.131650
9.183900
9.369750
9.373550
9.385100
10.067750
12.663350
12.669450
12.813700
13.660050
32.292800
32.303750
32.316900
36.916450
50.089300
50.104000
61.496850
61.510400
77.218350
77.224000
77.228800
82.136250
86.528250
91.702300
91.706400
91.717150
92.938900
97.853800
105.772350
105.865350
106.002700
106.151200
106.156150
117.779000
118.807800
118.839750
119.607500
119.618250
119.624550
121.658050
122.614750
123.686700
123.798750
123.820850
123.896600
127.938000
128.077450
129.058750
129.755850
129.778000
129.996550
130.437300
130.448250
130.484000
130.495200
130.501650
130.808850
130.813300
130.817500
131.253100
131.295650
131.591150
131.909850
132.000450
132.536050
132.652450
133.112700
133.384350
133.460750
133.472100
133.489650
133.682200
134.556000
137.188050
137.247550
138.297600
138.301650
138.307600
139.086500
139.252300
139.264700
139.284600
139.327800
141.042650
141.064000
141.821950
141.833500
141.888400
141.895300
141.901500
141.938550
142.438850
142.445550
144.209350
146.814600
147.097950
147.213700
147.821050
147.831300
152.891750
153.926600
155.351900
156.961750
157.028500
160.638600
160.648000
161.178450
161.274900
161.281100
161.659550
161.810150
161.814100
161.919000
161.925150
162.028550
189.809800
204.890450
204.915100
204.928450
212.770450
248.059450
248.064550
248.279350
265.468300
265.481750
265.486250
265.492400
325.532150
327.441300
327.573000
327.633850
327.639250
334.754000
335.381800
335.399700
341.896250
342.182400
343.033250
348.836700
349.769800
349.928900
349.938450
349.954850
354.049700
354.060550
354.069900
354.078450
354.091650
381.365800
381.711450
381.901650
385.040950
385.049000
387.912000
387.997000
388.001800
388.010650
388.014250
388.019200
388.025650
388.083650
388.089400
391.805350
391.833000
392.071250
392.139100
392.892550
397.418950
397.573000
397.576650
397.737700
397.744100
397.747200
397.752000
397.758050
400.683500
401.867650
401.913650
401.921500
402.482650
402.555350
405.111750
405.281600
405.286650
405.297600
405.305450
405.357200
405.360400
405.435700
405.615500
405.636300
405.648400
408.011400
408.350650
408.449700
409.335900
411.831150
430.030000
442.532950
465.450350
507.571100
507.578650
507.593900
508.117250
508.126750
508.616450
508.631900
508.647150
508.668700
511.972350
512.016350
512.020200
512.031050
513.114300
513.247650
513.255500
513.275950
513.294600
513.414350
513.510000
514.190850
514.517750
514.855200
514.859600
514.864200
515.535500
515.811550
516.739650
517.322950
521.181750
521.196250
521.511600
527.387200
529.429550
529.433200
529.641800
534.116350
535.409700
543.027700
543.715500
546.337600
546.480100
546.510250
546.547200
546.814250
552.080450
555.891550
555.900550
562.477800
562.487850
583.082550
584.466750
589.348800
589.544300
590.565100
590.583350
590.588900
590.593000
620.233050
623.789850
624.724900
626.029150
627.977950
628.189950
630.021000
630.151600
630.237300
630.361050
630.430450
630.437100
630.444700
630.448300
630.917250
631.602850
631.613000
632.001250
632.014000
632.172450
632.185800
632.197700
632.206400
632.672450
632.676600
632.788750
633.217550
634.728350
634.736850
635.173450
635.342200
636.964100
638.152300
642.482200
643.007600
643.558750
643.947500
643.958100
644.086300
647.988500
648.839550
648.983000
649.017100
650.005000
650.332450
650.460300
650.575600
653.505400
654.108600
654.475200
654.512650
654.687200
655.862550
655.926700
656.035500
656.043200
656.047250
657.137550
657.352300
657.362400
658.165600
658.500750
658.925550
661.889100
661.899450
661.904750
662.114650
662.199800
662.504750
662.536500
662.542600
662.547450
662.555550
663.329250
663.668950
664.064200
666.380500
667.049550
667.063000
671.210700
671.793500
672.752800
672.879750
672.888750
672.910900
673.078950
673.953750
674.990700
678.422900
678.633750
678.657950
678.750450
681.349000
681.685450
684.018500
684.046900
684.644500
684.659350
684.679200
684.734600
684.793200
684.906350
684.918700
684.924450
685.009400
685.022100
685.245200
685.353500
685.360800
685.379350
685.396800
685.908550
687.089550
687.153800
687.159200
687.232050
687.238500
687.242150
687.253300
687.444950
690.001350
690.007500
691.651850
691.655650
691.664000
691.681250
692.690650
692.699700
695.457850
695.560350
696.036600
696.059050
696.069600
696.083600
696.086550
696.097700
696.103100
696.115350
696.221850
696.234550
696.246000
697.763350
708.874750
709.095150
709.126450
709.131000
709.134100
709.137650
709.144200
709.148050
709.170100
709.177350
709.185150
709.311400
709.320450
711.064650
712.348050
727.920700
727.940450
811.334100
811.339950
812.424150
813.819800
815.213400
816.154900
816.300750
821.092800
821.097350
821.100400
821.106900
821.119750
821.125700
826.803850
827.059500
827.392550
827.405450
827.456000
827.579100
831.305650
831.619550
831.789950
840.208350
840.828900
841.360400
842.405700
842.415300
856.632850
861.423100
880.161650
880.167700
886.174250
905.586650
917.823600
926.374750
936.547150
985.923600
985.928300
985.936250
1024.544950
1039.375600
1053.278050
1054.704100
1054.711750
1055.641950
1056.213700
1057.220000
1057.902600
1060.895900
1061.464100
1068.101600
1068.262350
1068.269800
1077.204300
1077.660350
1077.666500
1085.093500
1085.723050
1085.733800
1100.344650
1100.348650
1100.792150
1145.376250
1147.863900
1147.870250
1147.874100
1148.654250
1155.059250
1155.076500
1155.082650
1155.085800
1155.089200
1155.093750
1155.105800
1155.112850
1155.117900
1167.221950
1167.226850
1167.230500
1167.239350
1167.249600
1175.730000
