1.618600
2.219400
2.671700
3.316700
3.356550
3.373850
5.879850
5.928500
8.696750
10.032150
10.043750
10.118350
11.851950
12.350400
12.436650
12.522350
12.542400
12.555100
13.490950
13.506300
13.510600
13.873900
13.951250
13.972350
17.105400
17.664300
19.082600
20.318350
22.510950
25.524300
27.879650
28.589500
30.087600
30.170700
30.215250
30.283900
30.292300
30.315700
32.270100
33.791850
36.940100
36.943950
37.749800
38.609900
38.643850
39.664500
39.723000
39.747600
40.429000
41.212550
41.228850
41.296700
42.405150
43.238500
44.587650
44.616100
45.329700
45.603900
49.016250
49.024000
50.078350
50.193100
51.749850
59.889850
60.635650
61.781750
62.467000
62.487350
62.527350
64.622350
65.217450
71.410950
71.701100
75.004150
75.439750
79.443850
81.337550
81.461400
82.076950
82.091300
82.107850
83.306250
83.669400
84.109900
84.763700
86.522500
86.534100
88.126800
88.605800
89.660150
89.690250
90.004550
91.697600
91.727000
92.846550
94.954800
95.010650
96.245250
96.542100
97.438550
97.450500
97.917550
98.283800
98.285850
98.428750
99.946500
103.325650
103.512150
104.723750
104.741100
104.838650
105.350950
105.732700
106.840750
107.718200
107.846400
108.109550
108.225250
108.231450
108.241800
108.340700
109.736300
109.745650
112.503750
117.635200
118.702750
119.304750
119.555450
119.705900
120.199300
121.438200
125.584450
128.263700
129.634300
130.350850
130.656950
130.755150
131.253450
133.527250
134.258750
137.366050
139.404350
139.964250
141.124100
142.737050
143.427600
143.533550
145.956750
146.211500
146.352700
147.029350
150.995900
153.740400
153.845150
161.381450
161.680750
162.059650
162.285200
163.716400
164.053100
164.873000
165.422900
166.238550
166.301150
166.364750
166.393950
167.028500
167.032700
167.036300
167.119250
167.410850
167.509000
167.902850
168.849700
168.947850
170.224700
171.404700
173.293850
173.537200
175.038150
175.044050
175.050850
175.171050
175.177650
175.298750
175.307850
175.315900
175.625550
175.633950
175.639300
175.647900
175.879650
176.928900
176.940400
176.955800
177.021950
177.039500
177.063000
177.200350
177.359550
177.373550
177.469800
177.647300
177.841700
177.977450
178.323650
178.369050
178.497950
178.502100
178.947600
179.007400
179.112400
179.121500
179.133750
179.134950
179.497200
179.499550
180.902700
180.913250
181.050000
181.151850
181.171900
181.865700
182.827300
183.243850
188.679200
189.754950
189.947400
189.967800
191.551200
193.314200
194.647150
194.682650
194.873050
195.399550
197.029500
197.203200
197.580650
197.869000
199.811050
200.070850
202.185650
203.882300
204.755350
204.809800
204.814450
206.273600
207.702400
209.908350
211.230450
211.235050
211.324500
212.328150
212.337450
212.340800
212.347350
212.354850
212.773350
213.284600
213.312600
215.269050
215.992900
216.868750
218.235450
221.225800
221.248200
221.571900
224.009600
224.012150
224.143800
227.643750
227.925550
228.314000
230.132200
230.136950
232.025300
235.896050
236.576050
237.829200
238.639100
239.833900
242.808000
242.823300
245.456900
247.398300
248.246650
248.396900
248.402900
248.448450
249.964400
250.336850
252.864250
253.562000
254.841500
257.726600
257.744050
257.779750
260.052500
262.840800
264.492450
264.569750
265.452650
265.459550
265.484500
265.856900
265.861550
267.895750
268.571950
268.659950
269.331050
270.073750
271.227500
272.265150
272.307700
272.806750
274.499600
274.524400
275.526300
275.897350
277.089450
277.107350
277.133500
277.143600
277.215750
277.952100
279.776500
280.283200
282.768650
283.244350
284.391450
286.363300
286.970850
287.347350
289.170400
289.223450
289.323050
289.715900
291.095050
291.897000
291.985250
291.994250
292.103900
292.136200
292.957650
293.765950
293.924650
294.094500
294.284600
294.762850
294.945000
295.254200
295.364350
295.572400
295.760550
296.742200
296.769450
297.127700
297.660800
297.978050
298.355400
299.101700
299.886400
300.233200
300.495900
300.721650
301.503450
301.622200
301.647450
301.820000
302.058450
302.067750
302.508850
302.943700
303.090650
303.145100
303.413650
303.901200
303.911300
304.072750
304.077700
304.131750
304.835650
305.007150
305.245550
305.256250
305.838400
305.916750
306.086800
306.395000
306.413300
306.418250
306.759800
306.806050
307.252550
307.261250
307.534100
307.888350
310.146400
310.356250
311.000350
311.021700
311.137150
311.224100
311.339250
311.346500
311.599800
311.643800
311.774950
312.233850
312.239900
312.424900
312.676450
312.713700
312.850650
312.859700
312.894100
312.905900
312.913800
312.923200
312.970000
312.974650
312.997100
313.005400
313.015750
313.027200
313.029250
313.033000
313.376250
313.829250
313.952300
314.273350
314.483800
314.740150
315.150800
315.297500
315.373450
315.563700
315.840950
315.911400
315.963150
316.248850
316.263050
316.327450
316.550400
316.813450
317.050950
317.408800
317.897000
317.900650
317.918850
317.931700
318.288850
318.505250
318.852300
319.141550
319.167050
319.564050
319.675550
320.180400
320.291300
320.737650
320.888050
321.828300
322.352900
322.405400
322.415650
322.861150
322.894100
322.976350
323.170500
324.670350
324.703550
324.974450
325.033000
326.408600
326.430800
326.900250
327.416000
329.071500
331.164150
331.369050
331.502650
331.525350
332.664200
333.752700
334.127600
334.435250
335.287100
335.516200
335.582550
335.610400
337.008450
337.359200
337.997500
338.006350
338.267800
338.376750
338.790750
338.922100
339.159950
340.992950
341.342100
341.507750
342.704200
343.022100
343.192900
343.212950
343.561050
343.806950
343.940350
344.265550
344.384850
344.554700
345.713150
345.961600
346.415300
346.522600
346.534700
346.608400
346.683250
346.757700
347.883300
349.075500
350.446350
350.482350
351.577700
351.830800
351.851500
352.168700
352.469650
352.564450
353.104800
353.112000
353.121400
353.129450
353.220850
353.969500
354.268800
354.340250
354.453100
354.486850
354.592850
354.620200
354.632300
354.634050
354.827350
355.361950
355.454550
355.760250
355.774000
355.788800
355.796300
356.143700
356.964350
358.058450
358.079350
358.176450
358.182350
358.270500
358.412100
358.487500
359.466700
359.491300
360.676350
361.294100
361.911000
363.029950
364.075350
364.994350
365.603000
365.946600
366.347950
367.330900
367.605450
367.635600
368.398800
369.011700
369.450000
369.872350
369.995850
370.330250
370.555850
370.576250
370.580850
370.622800
371.405050
371.467350
372.703400
372.709350
373.036650
373.126400
373.956750
374.246350
374.525350
375.120450
376.081950
376.623450
376.727400
377.757200
377.930750
378.109600
378.257450
378.430350
379.565700
379.904150
380.800800
381.001250
381.008500
381.150700
381.625800
381.638300
381.645300
381.662900
382.156900
383.444300
383.447450
383.505200
383.562000
383.601500
383.946650
383.958850
384.362450
384.380600
384.634050
384.832400
384.835350
385.382000
385.586500
385.700000
385.970550
386.552050
386.659750
386.796850
386.863250
387.076800
387.140350
387.142450
387.164900
387.262050
387.288600
387.424950
387.670700
388.373150
388.524100
388.673750
389.129500
389.133800
389.266800
389.607250
389.840950
390.113600
390.731800
390.984450
391.134300
391.354150
391.438050
391.592350
391.854450
393.036000
393.198100
394.196950
395.160550
395.189200
395.443700
396.333800
396.503300
397.014450
397.017600
397.259350
397.405150
397.408300
398.327750
398.921100
399.724200
399.922150
400.024450
400.981100
401.352950
401.381500
401.423650
401.712150
401.951400
402.202500
404.268300
404.993450
405.049750
405.909000
406.509800
407.320450
408.449900
408.955100
410.023800
410.362650
410.490800
410.593750
410.659100
410.829550
411.202450
411.461300
411.645850
412.096550
412.999300
413.435350
414.045950
415.013550
415.612700
416.158400
416.474000
417.217350
418.707400
418.979950
419.298150
419.468600
419.669950
419.914850
421.973350
423.054600
424.569050
426.074000
426.078150
426.570500
428.271800
428.395950
428.490800
434.146600
434.150850
434.291600
434.296650
434.778200
435.211800
436.998250
437.097800
438.809750
440.270300
440.989550
441.344850
441.888100
442.505800
444.722850
444.743600
445.219150
446.397100
446.470050
446.717100
446.990300
447.207950
447.423100
447.450950
447.493750
448.049200
448.230950
449.137650
449.209150
449.322850
449.806850
451.429500
452.308300
452.543400
455.742950
455.960100
456.736450
456.869250
457.239650
457.316650
459.322850
459.336150
460.037150
460.964900
463.426650
463.438150
464.746800
466.206750
466.289900
466.424350
466.838350
466.864600
466.909800
467.069600
467.087350
467.133550
467.260100
467.349050
468.059550
468.968800
468.989000
469.459700
471.640900
472.757450
473.915800
473.929750
474.971950
475.360750
475.811850
476.610650
476.966800
478.155300
479.322750
480.239400
481.712900
482.042500
482.047500
482.068800
483.807450
485.077100
486.781750
486.828150
487.854250
487.894000
488.791400
490.170800
490.185550
490.582200
490.628900
490.888600
491.914550
493.220600
493.847500
495.298800
496.432700
496.640400
496.666300
496.675700
497.715950
497.717300
498.988550
499.236850
499.274550
500.471900
500.871700
503.653300
503.823800
503.838650
504.197900
505.057100
505.239550
505.740750
506.045250
506.862900
506.933800
506.952300
506.995950
507.211250
507.555700
507.579350
507.580500
508.362750
508.855000
509.231100
509.836750
509.865050
510.698400
510.744800
512.680300
513.364300
513.521850
513.911150
514.580700
514.650400
514.738200
514.764850
514.841750
515.037200
516.773100
516.917150
516.969700
517.243050
517.629150
518.138250
518.623100
519.509100
520.724450
521.069650
521.266650
522.809100
524.224300
524.303150
525.596650
525.874100
526.640900
527.403300
528.048750
528.081650
528.684600
528.945600
529.664200
530.305300
531.007050
532.177100
533.526750
533.667650
533.774100
533.806200
534.300950
534.507800
534.591850
534.649350
534.720850
534.729600
534.752600
534.792950
535.988000
536.218000
536.256650
536.344950
536.558650
536.592350
536.670400
537.085850
537.955800
538.588500
538.803300
539.212400
539.374750
539.460950
541.232600
541.252000
541.262100
541.442400
541.791650
542.262650
542.348300
542.499700
542.701850
542.747650
543.817500
545.165950
545.195550
546.194000
546.755850
548.739150
549.069250
550.086250
550.268050
550.285400
550.502950
550.550100
550.651400
552.491250
553.289200
553.712900
554.394900
555.872850
556.165000
556.372250
557.699450
557.710150
557.892400
559.247900
559.261300
559.274750
559.284100
560.149700
560.156850
560.302650
560.303950
560.690950
561.123450
562.454800
562.466000
562.634550
563.666200
563.988300
566.349700
566.794350
566.823600
566.968050
567.017400
567.488750
568.285300
569.560600
569.937850
569.945900
570.216500
571.631400
571.973250
571.989650
572.014300
572.547000
572.559350
572.566150
572.571050
572.655900
572.731850
573.856950
574.059400
574.416400
574.422100
575.895200
576.233600
576.245850
576.331850
576.348500
576.737900
577.134350
577.295200
577.583150
577.965700
578.202950
578.376350
578.381950
578.384550
578.389550
579.920150
580.251100
581.402950
582.663850
582.909800
583.020750
583.763600
584.031100
584.081750
584.114250
584.301600
584.875450
584.984850
585.401100
585.407650
586.489350
586.912100
586.954350
587.117950
587.333500
587.350600
587.358450
587.817900
588.385050
589.063100
589.293600
589.519800
589.630700
590.206750
590.588150
591.238550
591.637500
591.739050
592.384400
592.785600
593.275650
593.456250
593.904700
594.396650
594.543850
594.554150
594.673800
594.753000
594.857200
594.869750
594.899050
594.919450
595.998000
596.005600
596.590850
596.609900
596.708050
596.791050
596.824750
597.038400
597.098700
597.103650
597.436550
597.493950
598.244750
598.728450
599.218700
601.058900
602.223550
602.391300
603.184900
604.448750
604.458350
604.724600
605.991500
606.450100
607.381150
608.194150
608.196300
608.299600
608.710550
608.913950
609.524950
609.560050
609.784050
610.988000
611.156050
611.379400
611.382500
612.918450
613.319750
613.881000
613.969650
614.160150
614.726500
614.802000
614.879700
615.078950
616.960100
617.728800
617.747000
617.756000
617.980500
618.157650
618.299050
619.202050
620.852600
620.862200
621.347250
622.082550
622.679500
622.728100
622.773200
623.362350
623.648600
623.749150
623.813250
623.910100
623.913650
624.700750
624.801450
624.908400
625.330700
625.614400
625.922750
625.951550
626.496800
626.498450
626.520300
626.557300
627.893500
628.102550
628.275150
628.388850
628.590300
628.950750
629.868950
630.011500
630.040600
630.847350
631.495500
631.676400
631.720650
632.104500
632.709600
632.812350
633.137150
633.355600
633.438350
634.173100
634.175000
634.194450
634.633600
634.763150
634.879050
635.980100
636.594400
636.657250
636.729400
636.749600
637.509800
639.154500
639.874950
640.795350
640.820050
640.967650
641.373950
642.375100
643.026800
643.091100
644.623700
644.861850
645.649100
646.084950
646.271000
646.497200
647.296050
647.672350
647.678700
648.693650
649.007400
650.158850
651.231300
651.238650
652.820200
652.859500
652.868800
653.042650
653.316150
653.527750
653.788550
653.886500
653.983650
653.984950
654.144600
654.369650
654.511900
654.540300
654.729500
655.011700
655.041300
655.375450
655.413100
655.455250
655.560350
655.639350
655.865400
656.028200
656.389600
656.529200
656.551000
656.559450
659.033150
659.040700
659.048150
659.148550
659.284200
659.358000
659.435200
660.405150
660.530000
660.794050
660.801650
661.167900
661.290350
661.834900
661.887000
662.101300
662.262700
662.553300
662.574300
662.615700
662.895550
662.906350
663.620850
664.238150
664.883450
664.965050
664.969000
664.980000
665.535650
665.602450
665.711050
665.743900
665.880600
666.205550
667.467250
668.520850
668.870100
668.881350
669.149750
669.286200
669.388100
670.329300
670.615000
671.198100
671.198650
671.321250
671.821350
671.906800
672.054450
672.200850
672.393600
672.603700
672.604450
672.708050
673.040250
674.120150
674.569650
674.638300
674.737700
674.740550
675.150300
675.169250
675.211500
675.386050
675.429700
676.305700
676.310200
676.561100
676.603750
676.674750
676.676950
676.804300
677.237550
677.400850
677.443500
677.448800
677.578950
678.702550
678.915750
679.871850
680.496100
680.503950
681.519200
681.898500
682.099900
683.439450
683.456200
683.511450
683.619950
683.715600
683.801550
684.089500
684.110600
684.205650
684.478300
685.040400
685.525700
686.195450
686.353800
686.356400
686.486950
686.698900
686.745900
686.763600
686.871200
686.898300
688.662800
689.107600
690.096600
690.609700
690.777300
691.349850
691.859300
691.869100
692.831050
692.854200
693.074050
693.508450
693.720650
694.414850
694.789150
695.059500
695.438500
696.478350
697.245350
697.410900
697.637600
698.277250
698.500850
699.168100
699.211150
699.269800
699.344800
699.359750
699.376300
700.634350
701.476900
701.866700
702.885300
703.174800
703.188300
703.290450
703.410600
704.362050
704.547800
704.685700
705.241200
705.571200
705.690550
705.868600
705.955300
706.015250
706.147950
706.729600
706.859600
707.516800
707.710100
708.179750
708.394200
708.587100
708.672600
708.889250
709.009650
709.550800
709.788900
710.117950
710.527350
710.802400
710.890200
711.136950
711.165100
711.199450
711.471550
711.734950
712.028200
712.068350
712.136100
712.148250
712.639700
712.722650
712.821400
713.966000
713.982500
714.085450
714.248400
714.344100
714.505800
714.754850
716.464750
716.608000
716.615500
716.696700
717.388350
718.282300
719.699250
720.057550
721.019000
723.374100
723.530100
724.744500
725.059950
725.889100
726.901500
727.163800
727.248750
727.696900
727.754050
727.868650
727.943900
728.218600
728.448500
730.898600
730.962800
732.161450
732.174700
732.887500
732.927800
733.055000
733.924250
734.717550
734.869600
735.283500
736.180950
736.206900
736.393200
736.461950
736.484000
737.654800
737.715350
737.806000
737.826100
737.848500
738.131850
738.184350
738.194050
738.522500
738.558650
738.782050
738.921000
739.557650
739.875650
741.016100
741.382400
742.047000
742.580550
742.588100
742.712600
742.731300
742.802550
742.826600
742.940450
743.996900
744.042750
744.058200
744.335700
745.705300
747.642050
748.169650
748.776150
749.086800
749.158650
749.595300
749.757950
749.860300
750.540600
750.788950
750.913900
751.385200
751.520350
751.606300
752.760000
752.944850
753.359000
754.628450
754.645050
755.405000
755.473900
756.336250
756.917300
757.079850
757.292300
757.305850
757.522700
757.694400
758.206500
758.732100
758.740100
758.886850
759.175550
760.024050
760.611150
761.846550
762.092150
763.589300
765.530750
766.546150
767.245400
767.284250
768.624000
770.430500
770.450750
772.773450
772.903800
773.243850
773.817950
775.523700
775.637300
775.744350
775.797150
775.838550
776.234300
779.011500
779.625700
780.900050
783.650200
784.288400
785.870350
785.886050
785.975150
786.175150
787.247250
787.591800
787.861300
787.951700
787.984250
788.232650
788.240900
788.304700
788.474650
788.551350
788.625250
788.629200
788.708400
788.713650
788.809600
788.913850
788.927500
789.840050
791.367900
791.525950
791.529800
791.567850
791.573900
792.491750
793.790950
793.804500
793.807050
793.824100
793.919050
793.969850
795.379900
795.392250
795.533250
795.534750
795.967200
795.990950
796.347750
796.355400
796.363250
798.433400
798.450400
799.356950
799.467450
800.189250
800.479450
800.487850
800.558550
800.710450
801.621250
801.690950
802.397350
802.507200
802.907450
803.006250
804.105250
804.185400
804.522350
804.537450
804.554250
805.618300
806.114300
806.151450
807.059550
807.999450
808.910250
809.074700
809.288800
809.340800
810.004450
810.251850
810.520150
810.874350
811.016000
811.020200
811.051050
811.170100
811.180100
811.414450
811.653550
811.771300
812.120200
812.240900
812.380650
812.389300
812.472750
812.493900
812.550150
812.617500
813.228400
813.232900
813.388000
813.523050
813.533350
813.699750
813.706800
813.820050
815.194000
815.910200
816.229800
816.312150
816.406300
816.409000
817.180600
817.444850
817.765050
817.887800
818.468350
818.618950
818.708150
820.268450
820.856250
820.868650
820.903350
822.570700
823.068150
823.976700
824.198100
825.342150
825.354100
825.378900
825.698350
826.492900
827.003350
827.263400
829.571550
829.850950
830.151650
830.950750
831.204900
831.405050
831.817850
831.827150
832.822850
833.021450
833.075350
833.856200
834.972950
835.624700
836.891500
837.888250
838.585900
840.856650
841.084400
841.344800
841.535300
841.941900
841.962150
842.177700
842.312800
842.330200
842.679750
842.808000
842.997800
843.881600
844.658200
844.778950
845.813500
846.559900
847.030150
847.984250
848.575500
849.392700
849.674600
849.799150
850.296600
851.438950
851.741200
852.320500
852.541600
852.763850
853.182400
855.149300
856.368150
856.707850
856.853250
857.006750
857.014300
857.288200
857.438000
858.607400
858.620450
858.717200
859.564500
859.801050
859.997950
861.621750
861.649650
862.049800
862.078750
862.103900
863.273800
863.275450
863.294600
864.019700
865.240850
867.037850
868.366250
869.181150
869.221200
873.701050
875.210050
875.303200
875.940650
876.422150
877.019750
877.071250
877.174650
877.180700
879.383600
879.440450
880.144700
880.164600
880.684400
881.098450
882.461400
882.465400
883.155950
883.738900
885.381250
885.911850
888.175050
889.401250
889.420950
890.798950
891.346950
891.493250
891.785100
891.934450
891.979450
892.595600
892.784450
893.402350
893.430400
893.512500
894.063850
894.326200
896.039300
896.042450
896.513450
897.054150
897.219600
898.106850
898.115650
898.123350
898.132650
899.331800
899.578450
900.772300
901.362050
901.452050
902.022400
903.551700
905.171550
905.997850
908.369800
908.635350
910.427450
910.439450
910.945250
913.490800
913.742650
913.892400
914.497600
915.541550
916.177900
916.373400
917.303450
918.175300
918.211700
920.384100
920.393800
920.577800
920.683600
920.752450
925.219150
926.154000
926.365250
927.047550
927.363650
928.024400
928.029550
928.076200
928.601550
928.627650
928.770150
929.236400
929.252750
929.260600
929.590900
929.629100
929.718400
929.734000
930.803650
932.363550
932.781300
932.796050
933.339250
933.343400
933.487150
935.519150
936.079900
936.352150
936.355100
937.732450
938.651300
938.657850
939.078450
939.382700
939.907750
940.217150
940.900350
941.142400
941.514350
946.742100
949.898300
950.102300
950.284250
950.662650
950.669750
950.696650
952.326050
952.347750
952.396400
954.282000
954.992650
956.487600
957.610800
959.140250
960.881850
961.574800
962.636250
965.734600
966.208550
966.606250
966.764750
968.026050
968.124450
969.601950
969.859550
975.731850
978.508600
979.265100
979.570100
980.330600
983.683600
984.262350
984.868400
985.863600
985.875150
985.933450
986.694950
987.703400
987.915100
987.924400
987.929350
988.116250
988.636150
988.674850
988.684650
989.029150
989.050450
989.840200
989.861350
989.874050
989.999300
990.007600
991.634350
992.915250
992.931900
995.175100
996.039850
996.505600
996.732450
1002.691350
1010.242400
1010.274850
1011.031650
1011.038900
1011.219500
1011.938900
1014.157400
1014.524000
1014.864250
1015.933850
1016.310500
1016.391700
1017.347400
1019.084200
1019.664050
1021.119100
1023.067100
1023.643450
1023.691050
1023.707850
1023.774800
1024.095250
1028.933000
1029.841350
1035.062650
1035.921100
1036.479550
1036.514350
1037.153100
1037.665100
1038.354700
1038.373700
1039.615200
1039.836350
1040.070500
1041.702750
1041.912500
1042.133850
1042.616900
1044.009650
1044.379700
1044.522500
1046.182650
1046.188050
1047.107600
1047.292450
1047.465200
1047.683600
1047.797050
1048.544600
1048.561850
1048.849350
1048.970650
1049.289050
1049.290600
1049.535150
1049.575100
1049.992600
1050.093650
1050.545250
1050.669700
1050.924250
1051.414650
1052.266200
1053.461550
1053.490200
1053.513650
1053.604850
1054.462350
1054.549700
1054.621500
1054.693800
1055.449900
1055.456700
1055.617900
1057.067650
1057.085200
1057.089100
1057.730450
1058.261250
1059.618500
1059.968750
1059.981000
1060.100550
1062.331850
1064.537700
1064.822300
1065.803950
1066.866650
1066.995400
1067.506900
1069.836200
1071.258300
1071.332350
1072.538250
1072.884600
1073.570150
1074.302950
1074.310500
1074.606350
1074.629650
1074.634300
1075.011350
1075.732100
1076.314950
1076.724850
1077.959700
1077.970100
1077.973250
1078.850150
1080.458100
1082.897450
1084.612950
1084.857750
1085.085050
1085.189700
1092.374750
1092.391200
1096.052650
1097.425100
1097.459950
1098.307900
1098.548300
1099.607100
1099.706600
1099.768550
1100.870700
1101.313200
1101.663250
1102.066650
1102.098050
1103.452500
1103.928700
1103.932300
1104.062050
1104.488550
1104.609500
1105.197400
1106.849950
1107.702050
1108.897750
1109.726750
1111.010800
1111.303450
1111.463900
1111.468900
1112.609850
1112.628250
1113.240000
1117.300050
1117.757600
1117.903450
1118.653300
1121.137800
1121.238900
1121.352250
1121.358250
1121.602400
1122.049400
1122.081100
1122.233650
1124.085050
1125.543550
1125.726150
1126.932300
1127.251100
1128.092750
1128.775100
1128.778450
1128.934800
1129.430800
1129.438000
1129.451200
1129.460750
1129.464050
1130.053900
1130.759750
1133.303100
1133.612400
1135.281550
1135.401000
1135.958150
1137.167350
1137.404600
1139.178500
1139.558950
1140.706450
1140.758450
1140.771350
1140.776000
1140.795100
1140.799150
1141.548950
1141.700750
1142.846000
1142.847250
1142.853900
1142.877100
1142.900550
1143.971550
1144.044600
1144.055150
1144.072250
1144.099250
1144.504000
1144.916300
1145.132650
1145.320500
1145.380750
1145.391700
1145.492000
1145.509700
1145.588200
1146.322900
1149.158100
1149.217050
1149.358700
1149.723600
1151.052650
1151.450600
1157.329950
1157.340050
1157.514150
1157.520650
1157.530250
1157.534000
1157.541600
1157.549300
1158.121100
1160.908700
1160.912850
1160.928800
1161.315400
1161.480600
1161.889200
1164.713150
1164.752800
1165.606900
1165.741900
1166.617700
1167.043100
1167.226350
1167.500550
1168.048950
1168.299550
1168.369700
1168.400750
1168.412000
1168.857850
1168.888950
1169.173900
1169.397050
1170.642200
1171.173250
1171.181850
1172.374400
1173.190300
1174.483550
1174.737050
1174.869050
1175.014100
1175.028850
1175.325400
1175.890000
1176.333950
1176.936150
1177.014850
1178.081250
1178.503250
1178.507150
1179.498250
1179.568100
1181.267650
1181.397000
1183.184450
1183.193400
1185.428700
1185.472800
1186.881800
1187.158800
1187.695800
1188.525200
1189.885750
1190.585000
1193.180450
1193.626900
1193.942650
1194.145750
1194.189800
1194.192700
1194.250950
1194.252500
1194.261500
1195.645750
1197.883000
1199.773400
