20.319250
28.174350
28.178100
28.184900
30.956200
32.070650
35.956450
39.337000
39.346250
45.566050
50.048400
76.962100
81.471050
175.647300
175.673200
175.960700
175.979150
176.062900
177.023400
177.469550
178.855450
178.947850
179.123450
179.133950
179.217350
237.456200
248.393100
248.397300
280.721550
311.130850
311.137300
311.224500
344.912350
349.587450
355.443450
355.768300
355.795750
356.120850
356.131150
370.257550
370.261200
386.929950
386.934650
386.947300
386.972750
391.975900
391.980150
391.985250
393.464200
393.518050
400.475200
456.730850
537.042450
537.046300
537.079250
540.736800
577.426200
668.900850
668.913200
668.981150
668.991000
669.104450
669.190600
672.545350
726.883050
726.889400
726.897950
726.903550
749.873000
749.876850
750.558250
750.895650
754.601450
755.507300
755.512050
756.831000
756.894250
788.835850
788.842850
788.913450
788.927850
789.563250
824.255950
849.170000
874.658050
949.129600
949.133250
954.269950
959.066050
959.070750
959.092850
971.758600
1029.952400
1088.879900
1139.908250
1139.911650
1139.915800
1139.920850
1139.943250
1139.955500
1139.977050
1140.031450
1140.610350
1140.735850
1157.549650
1177.721750
1178.286450
1193.962800
