2.200100
9.109200
9.126500
9.161450
9.164900
9.202000
9.207550
9.822650
10.028550
10.044400
16.451250
29.981750
30.806500
30.812300
30.815750
30.866400
30.875000
30.881500
31.615250
31.638850
32.265750
32.278950
32.285850
32.303350
36.922850
37.220500
41.082700
41.090100
41.101200
42.327800
46.547500
46.550850
47.666050
47.673700
49.327050
50.079050
50.083400
50.087350
50.100400
50.103200
50.107550
56.605850
58.640800
59.042800
61.386650
61.489600
61.494450
67.801350
74.588950
74.676050
74.679650
74.682550
81.769900
81.846700
83.382300
83.401000
86.346750
90.968650
91.139950
91.712850
91.717700
95.635850
97.889150
97.893400
97.902900
97.935450
98.838650
100.594900
103.263200
106.020800
117.774850
119.253850
121.327550
121.516800
121.637050
121.640150
121.643000
123.193250
123.201350
130.070300
130.404250
131.303300
133.339300
133.356900
133.367900
133.434300
133.444350
133.472400
133.492550
133.497550
133.509500
133.514450
133.549300
133.561400
133.590100
136.228550
136.351650
137.165150
137.176700
137.180950
137.187050
137.215600
138.319750
139.886650
139.904450
139.914100
139.919900
139.922950
140.248100
141.704600
141.709100
141.800200
141.825050
141.829800
141.832950
141.882550
141.892550
141.927300
142.168500
142.398150
142.404250
142.413100
142.422900
142.445700
142.470250
142.895350
143.132450
143.171600
143.221050
143.230650
143.236350
145.670050
145.744700
145.762000
146.295250
146.299100
146.308500
146.321250
146.341500
146.348250
146.573250
146.657150
146.669500
146.676550
149.056650
149.212650
149.730750
153.926950
154.480350
156.084650
156.987850
157.000550
157.003650
157.041750
157.132550
157.262350
159.708550
159.724500
159.735550
159.765400
159.938350
160.104800
161.119500
161.151000
161.162950
161.193200
161.263500
161.267000
161.281300
162.983700
162.988200
162.996150
163.015050
163.031600
163.496650
165.328250
165.331100
165.413000
166.204900
166.212500
166.220350
166.340050
166.394850
166.410850
167.319000
167.400400
168.174000
168.838650
171.395750
171.399250
171.402800
171.793300
171.869200
173.677400
182.315650
182.319400
182.323350
182.420800
182.767250
182.787750
182.928450
182.996350
183.002700
183.014550
183.074800
183.399450
183.403000
183.419400
183.423700
183.470700
183.480500
184.132750
184.341350
184.377200
184.541700
184.572650
185.258900
186.297600
189.800300
189.807150
189.811350
197.553250
197.557700
200.205050
201.526550
201.536100
201.543900
201.592850
201.600950
203.461950
203.669850
204.724350
204.777950
204.915850
204.919150
204.926250
204.930300
204.947150
205.087800
207.159700
212.868200
212.908800
215.654500
216.365100
223.726750
227.253600
227.352250
231.169250
233.199650
238.384500
238.388750
238.392700
238.396100
238.408350
238.417500
241.909750
242.630100
242.634200
248.240300
248.270200
248.274750
248.279050
248.994000
249.004950
249.530400
257.717350
257.724200
257.729800
262.394800
262.399600
264.091200
264.102200
265.477300
265.482300
277.843300
278.256050
278.601900
280.407500
280.410700
280.417850
296.561900
296.823900
296.898550
297.027250
297.049250
297.199750
297.210250
297.302950
297.326000
297.331150
316.775550
316.858550
321.368000
321.380750
322.032250
322.169150
322.207450
322.212150
322.319250
322.332200
322.695900
323.191500
323.198500
323.205800
323.516250
323.646100
323.665950
323.673050
324.260500
324.301950
324.308150
325.073350
326.493200
326.913700
327.017200
327.029100
327.443400
331.650050
331.713050
331.733850
331.784100
331.791250
331.884300
331.912200
331.914650
331.958950
331.963350
331.971350
331.975600
333.058550
334.190100
334.208150
334.210950
334.231750
334.749650
334.785450
334.797850
334.801850
334.835150
334.842700
334.866300
334.924900
335.072800
335.345850
335.353250
335.367800
335.371250
335.383050
335.393050
335.425000
335.499350
338.008850
338.020250
338.225700
341.059700
341.066300
341.138850
341.146550
341.186650
341.211300
341.221200
341.519500
341.544000
341.570750
341.573450
341.576900
341.604700
341.622250
341.828400
341.842550
342.151000
346.757350
346.781650
346.795500
346.799050
346.842400
348.819450
348.829700
349.733850
349.829500
351.056400
351.063000
351.067650
351.085750
351.273450
351.327550
354.083000
372.934600
373.973450
374.350950
374.368150
374.418000
374.439750
377.671650
377.705600
377.952200
377.992150
377.995350
380.865800
380.879500
380.891350
380.894100
380.896450
380.908950
380.955450
381.115800
381.132850
381.149650
381.167850
381.170800
381.182350
381.201350
381.223500
381.250800
381.256900
381.295300
381.306750
381.317500
381.336050
381.583400
381.601300
381.610650
381.656650
381.668450
382.651300
382.715650
382.847400
382.862300
383.276150
383.300550
383.419600
383.511500
383.595850
383.612050
383.733950
383.781950
383.906450
384.227500
384.255100
384.310350
384.348600
384.377900
384.483250
384.549550
384.564950
384.605750
384.638400
384.669500
384.700150
384.804750
384.829300
386.571700
386.680600
386.772150
386.796450
386.817100
386.980600
387.062400
388.143700
389.125950
389.167100
389.170800
389.234900
389.244150
389.404200
389.424350
389.430150
389.475300
389.611800
389.839100
389.842500
390.080350
390.138650
390.178000
390.509200
390.552650
390.629650
390.728700
390.733000
390.913300
390.922950
390.978550
391.027500
391.178450
391.264600
391.365100
391.617250
391.703750
392.233250
392.621500
392.710450
392.720000
392.809650
392.935700
393.164650
393.272550
393.298650
393.394700
393.589050
394.441650
394.487450
396.463000
396.466650
396.469550
396.787500
396.890800
396.933300
396.945850
396.965450
397.032200
397.123700
397.129000
397.224400
397.241000
397.284500
397.308700
397.376600
397.417300
397.471150
397.499650
397.633350
397.719650
398.291450
398.297450
398.303550
398.378350
398.477200
398.486300
398.755600
399.667300
399.703000
399.768600
399.938750
399.978600
400.146200
400.168350
400.183700
400.283500
400.302150
400.396600
400.410050
401.533900
401.540200
401.561300
401.565550
401.614950
401.645750
401.758350
401.893700
402.398300
402.420800
404.204400
404.213550
404.220700
404.241550
404.862550
404.915500
404.921200
405.021700
405.024850
405.029250
405.037450
405.060050
405.250100
405.274100
405.486450
405.491500
405.527850
405.588400
406.054400
406.700000
406.718550
407.330000
407.558750
407.691100
407.713250
407.725300
407.780500
409.289400
409.293750
409.321050
409.601500
409.747550
409.788500
409.792400
415.724650
415.732450
415.790400
417.060650
417.108450
417.148900
417.152050
417.289600
417.881350
417.893500
421.838750
421.846500
421.875250
427.609400
427.612750
427.625350
430.004950
430.029950
431.447100
434.630900
434.730950
438.829200
439.567350
440.433800
440.650700
442.374600
442.393500
442.403550
442.419500
442.521500
442.603100
442.607000
442.610050
449.188000
449.202500
452.855450
464.074500
465.128350
465.152050
465.166250
465.175400
465.383350
465.411700
465.428400
465.432000
465.436000
465.443200
466.240000
466.278750
466.406650
466.414350
466.421450
466.426500
466.431250
466.444250
466.455700
466.481200
466.486150
466.738500
466.744750
466.749300
466.770350
466.800950
466.805100
466.825750
466.866900
467.235400
467.248850
467.259500
467.290900
468.037350
468.079050
469.174750
469.200550
469.211800
469.472100
469.846350
473.320400
473.624400
475.278500
475.282450
475.295900
475.361800
475.364800
475.561100
475.578500
475.802200
476.013150
476.027050
476.051000
476.060050
476.098950
477.365600
477.417000
479.875100
480.686200
484.176050
504.923550
505.182450
505.188500
505.747150
505.753600
506.263300
506.269250
506.277050
506.284900
506.293100
506.527400
506.631050
506.647150
506.659750
506.750550
506.761150
506.838700
506.849500
506.935400
506.941600
506.958450
506.963000
506.973900
506.979800
507.189500
507.206700
507.211550
507.353400
507.496050
507.534100
507.537800
507.544700
507.551250
507.614350
507.651950
507.732800
507.815300
507.819550
507.922800
508.306000
508.320900
508.433950
508.555150
508.578650
508.898200
509.813050
509.818100
509.905850
509.920250
509.931850
510.059750
510.080200
510.129100
510.187300
510.314000
510.317950
511.152800
512.395750
513.211700
513.215100
513.222300
513.225800
513.255100
513.401100
514.291550
514.544100
514.588100
514.594700
514.607950
514.825800
514.829200
514.838700
514.843250
515.287200
515.345150
515.351350
516.254600
516.346850
516.363000
516.654950
516.710900
516.722200
517.073500
517.102050
517.160300
517.163850
517.173850
517.178700
517.184200
517.204750
517.228750
517.236700
517.271950
517.343600
517.346900
518.132300
518.146600
518.150550
519.437350
519.645900
519.722400
519.791600
519.802200
519.934600
520.887700
521.007600
521.777000
521.801100
521.804400
522.256500
522.610200
522.619550
522.623900
522.805800
522.810800
522.818850
522.840300
522.883800
522.888000
523.139050
525.980550
525.994900
525.997850
527.526750
527.531950
527.960350
528.048500
528.051150
528.072500
528.173450
528.182350
531.583950
531.594250
532.130900
532.480800
532.490950
532.500000
533.215550
533.364750
533.374850
533.382800
533.670800
533.682050
533.700250
533.706400
533.753050
534.057800
534.061550
534.068350
534.084150
534.116000
534.129200
534.190300
534.610800
535.244900
536.240000
536.249450
536.253750
536.257400
536.266700
536.560600
539.369300
539.388850
539.906400
539.910350
539.913500
539.917700
540.438950
540.527700
541.244200
541.253350
541.446200
541.866650
546.077900
547.302650
547.581950
547.588600
547.622950
547.651150
552.029450
552.077800
553.713450
554.706100
555.532050
555.785700
561.184250
562.590800
562.970500
566.799450
571.644250
571.655000
574.916600
581.090850
582.951300
585.116600
586.766450
586.781850
587.000650
587.315250
588.912300
589.293200
590.523100
590.537700
590.568100
590.715450
590.720500
591.988700
592.062500
592.482900
592.489700
592.494850
592.511500
592.545250
593.189050
594.315000
594.636300
594.656200
594.870500
594.880250
595.120500
595.126950
595.139900
595.160150
595.472450
595.482000
595.495050
595.508250
595.513050
595.579450
597.114150
597.117200
597.121050
597.897400
597.910700
597.913800
602.060900
602.077950
605.268400
605.922850
606.025550
606.048650
606.305950
606.312850
606.319000
606.322850
607.490450
607.573750
608.009000
608.016700
608.028750
608.047050
608.054900
608.170100
610.298650
610.876550
618.288350
618.297750
618.304600
618.587450
618.620200
618.794250
619.178500
619.221350
619.233450
619.240850
619.392600
619.471150
619.629900
619.676200
619.678700
619.682900
619.705650
619.709550
620.357750
620.471700
620.474750
620.481200
620.485150
620.499600
620.530200
621.355250
621.368600
621.400650
621.403950
621.584300
621.794900
621.814100
621.927250
621.941800
621.947200
622.177700
622.193000
622.198950
622.438500
622.444050
622.450450
622.459350
622.469800
622.678950
622.706600
622.716500
622.722800
622.738950
622.742950
622.777800
622.804850
622.830200
622.939000
622.949700
623.020700
623.117600
623.157750
623.199100
623.205450
623.295400
623.319150
623.428700
623.440350
623.503000
623.617150
623.656900
623.722950
623.746050
623.766050
623.803600
623.974300
624.350750
624.449100
624.924700
625.472550
625.476700
625.507050
625.641600
625.856400
625.859700
625.885050
626.017200
626.503200
626.514550
626.517950
626.542550
627.846250
627.878750
627.881500
627.889050
627.894450
627.905750
627.920250
628.466400
628.473400
628.477350
628.530750
628.589900
628.798400
628.803600
628.949100
628.953600
629.745850
629.968500
629.971600
629.974750
630.037350
630.040600
630.086000
630.089600
630.101850
630.152250
630.235800
630.530700
630.562250
630.693150
630.764700
630.795150
630.804850
630.822250
630.853900
631.189050
631.358550
631.494050
631.497700
631.610700
631.616650
631.677500
631.690100
631.708900
632.352250
632.832950
632.835500
633.062550
633.130750
633.176200
633.197150
634.060450
634.456250
634.621550
634.624050
634.627900
634.641250
634.700350
634.703200
634.715500
634.731950
634.965700
634.991100
634.997300
635.103150
635.106800
636.697100
636.949400
636.955000
636.960250
636.973100
637.360500
637.367000
637.528050
637.540300
638.529600
639.098750
639.291900
639.295000
639.766350
640.775550
640.803650
640.806300
640.812700
642.023750
642.992000
643.814700
647.997000
648.124600
648.552150
648.571350
648.768000
648.900400
648.917400
649.196050
649.725250
649.938300
649.963500
649.968300
650.035200
650.060250
650.063500
650.320250
650.325150
650.345500
650.393350
651.023450
651.026400
651.139500
651.152850
651.163550
651.171200
651.176200
651.200950
651.213700
651.220400
651.376550
652.298200
652.329750
652.472450
652.673450
652.782350
652.814950
652.819350
652.832850
652.841700
652.881000
652.936950
652.974700
653.022650
653.040050
653.185100
653.379950
653.384850
653.412800
653.484950
653.586500
653.792300
653.802650
653.813200
653.880700
654.085550
654.169600
654.236750
654.246750
654.275450
654.393400
654.724300
654.971150
655.154900
655.314500
655.326400
655.348950
655.411750
655.438450
655.550800
655.589450
655.664500
655.713550
655.827900
656.113400
656.248050
656.331200
656.392200
656.416900
656.531050
656.589550
656.661100
656.834050
656.961500
657.233150
657.926100
657.931450
657.936050
657.951950
658.158550
658.317700
658.326650
658.332700
658.366000
658.375150
658.407250
658.429900
658.471250
658.511250
658.537550
658.835700
658.864350
658.903650
658.919650
658.954250
658.990050
659.152100
659.180650
659.504150
659.637700
659.736600
659.783850
659.894800
659.997950
660.040500
660.521100
660.533700
660.547900
660.666100
660.673600
661.019000
661.030750
662.575700
662.816550
662.833200
664.802300
664.818900
664.949600
664.961400
664.972400
664.982450
665.002250
665.018000
665.037300
665.098850
665.172700
665.580850
665.595850
665.620450
665.635800
665.713700
665.758900
665.865650
665.967900
666.076500
666.107950
666.174450
666.228200
666.252650
666.332100
666.344700
666.433250
666.524300
666.943700
666.950650
667.005650
667.012650
667.048850
667.077000
667.130600
667.275600
667.349750
667.386500
667.405750
668.461900
668.508300
668.849100
668.852650
668.866400
668.897400
668.965900
669.324400
669.342450
669.361200
670.382800
671.132850
671.136750
671.169600
671.172650
671.234750
671.262350
671.277250
672.377400
672.380800
672.704100
673.037650
673.041800
673.045850
673.079150
673.090500
673.339400
673.607200
673.727300
673.764450
673.777850
673.796750
675.028250
675.062300
675.068750
675.071350
675.141050
675.202300
675.212400
675.443450
675.829350
675.847700
675.851750
675.866850
676.017300
676.025550
676.471400
676.553050
676.644750
676.678300
677.440600
677.445800
677.450650
677.513350
677.581750
677.612650
677.628700
677.997800
678.014000
678.409150
678.425800
678.435050
678.459450
678.679800
679.002600
679.013200
679.030200
679.054900
679.091550
679.306850
680.392850
680.396300
680.570650
680.573700
682.422950
683.409200
683.611950
683.627700
683.631150
683.639600
683.988450
684.186550
684.203350
684.206150
684.354750
684.357500
684.491400
684.506950
684.510700
685.697200
686.015950
686.195550
686.428200
686.433050
686.435900
686.450400
686.528250
686.553000
686.984400
687.014200
687.447300
687.537150
688.979450
688.982950
689.157100
689.171600
690.570050
691.800000
691.805350
692.169400
692.192200
692.195850
692.213600
692.222200
692.290750
692.408550
692.542000
692.832550
692.837600
693.725650
693.862800
693.870150
694.317250
694.449750
694.459900
696.088050
696.095250
696.109850
696.113150
697.714700
697.718100
697.721650
697.856400
706.150100
706.154150
706.176150
707.171150
707.197000
707.217300
707.226700
707.234900
707.238450
708.323150
708.395200
708.400700
708.409050
708.413800
708.479600
708.490100
708.499200
708.511550
708.535500
708.555500
708.589050
708.606750
708.647100
708.662650
708.825000
708.921700
709.355500
709.370950
709.382900
709.637850
709.643300
709.665200
710.060950
710.077300
711.984100
712.006950
712.013700
712.015950
712.319200
712.322800
712.348750
712.383250
712.624500
712.860700
713.068850
713.073050
713.454350
713.528050
713.539650
713.615350
713.640650
713.655600
715.461900
715.759750
716.034550
716.053100
716.519500
716.579700
716.586000
716.591800
716.600550
716.844950
717.455500
717.687200
718.035250
718.041050
718.047150
718.347550
718.831500
718.834450
719.371650
719.387000
720.899750
720.912900
720.920400
721.128650
721.399500
721.463900
721.513600
721.793050
721.806800
721.869000
721.871950
722.413200
722.916100
722.923250
723.286400
723.303600
723.625350
724.008700
724.082000
724.086900
724.234600
724.823750
725.018500
725.267500
725.270150
725.433850
725.528850
725.856850
725.887800
725.960650
726.211350
726.249600
726.265450
726.285700
726.460850
726.539200
726.646750
726.782400
726.866050
726.881350
726.885800
727.018300
727.115850
727.149150
727.154150
727.206900
727.226250
727.230100
727.311700
727.515950
727.546600
727.586650
727.616550
727.690200
727.693900
727.748700
727.799900
727.804950
727.833350
727.895500
727.920600
727.930500
727.938400
727.946200
728.004150
728.035900
728.073600
728.100750
728.185000
728.506900
728.636200
728.964250
728.974550
729.016600
729.265500
729.311000
729.540600
729.616350
729.633350
729.637550
729.798950
729.803750
729.821450
730.143000
730.147100
730.886700
730.894650
730.967950
731.559550
731.564250
732.778100
733.105750
733.125950
733.349950
733.916350
734.017650
735.665950
737.309000
737.319400
737.322250
737.631650
737.666250
738.518900
738.522050
739.032050
739.035350
739.040050
739.059650
739.198700
739.209650
739.215500
739.342500
739.634200
739.941200
740.172950
740.254150
740.423300
740.429550
740.439000
740.795350
740.806750
740.829950
740.994650
741.027700
741.047400
741.108950
741.120450
741.149850
741.960100
742.072250
742.550950
742.560700
742.589000
742.823000
743.318050
743.327750
743.336850
743.360000
743.364100
743.435050
744.057700
744.148150
744.154250
744.169650
744.182350
744.185750
744.262700
745.449800
745.460900
745.560400
745.569550
745.632450
745.879200
745.905000
745.911900
745.942000
747.130650
747.362900
747.367400
747.383750
747.387200
747.397000
747.441600
747.458650
747.485500
747.492800
747.612250
747.615950
747.626750
747.777250
748.116500
748.142800
748.146500
748.153650
748.169350
748.468850
748.476100
748.645100
748.649050
748.727100
748.912850
749.390650
749.491900
749.501150
749.505000
749.530150
749.534400
750.210650
750.214900
750.312450
750.792300
751.502050
751.505400
751.519800
751.593200
751.597650
751.627700
751.715900
752.683450
752.745000
752.802850
754.184150
754.224550
754.863200
754.939650
754.952400
755.139300
755.173000
755.189150
755.608050
755.731200
756.121050
756.140750
756.143650
756.634150
756.744500
756.763000
756.775500
756.807800
757.317350
757.898600
758.070250
758.074150
758.311300
759.001300
759.595200
760.002450
760.051000
760.065200
760.097300
760.278300
760.364550
760.437500
760.933000
760.960300
763.024200
763.031550
763.036450
763.497300
763.774350
763.820300
763.851800
763.857050
763.890000
768.065950
768.255550
768.525000
769.067050
769.080150
769.524550
777.278950
806.824400
807.091300
808.016150
808.283650
808.323100
808.327300
808.600550
808.638350
808.745000
808.882050
808.909850
809.181450
809.185000
809.214850
809.265250
809.329450
809.337100
809.490600
809.505900
809.509300
810.057850
810.121000
810.125650
810.134250
810.145900
810.161250
810.186850
810.217450
810.241400
810.282150
810.299650
810.366600
810.375500
810.447250
810.677750
810.682750
810.843500
810.848700
810.873650
810.928800
810.976550
810.991250
811.148000
811.157000
811.163250
811.232900
811.247500
811.587950
811.651600
811.703700
812.103250
812.240450
812.246550
812.381100
812.392350
812.455800
812.564000
812.673200
812.776850
812.902100
813.106800
813.206100
813.457750
813.492600
816.388800
816.428600
817.422650
817.430200
817.435150
817.439700
817.443500
817.749300
817.752100
819.985050
820.882500
821.129650
822.257600
822.705650
822.709700
823.095650
823.103850
823.765650
823.925800
824.017300
824.025700
824.045650
824.673650
824.698600
825.376400
825.382900
825.722500
826.347450
826.515200
826.623800
827.255900
827.293300
827.298100
829.241250
831.783000
831.798200
831.805150
832.994700
833.013000
833.047850
833.053350
833.085650
833.525700
834.219300
834.228650
834.615250
834.618550
834.621500
834.627850
834.640600
834.645350
834.671800
834.680000
834.687550
834.705250
834.834950
834.849500
834.860100
834.876200
835.083700
835.099850
835.107550
835.139300
835.146000
835.344850
835.356200
835.423650
835.542150
835.817950
835.975200
836.108250
836.112700
836.147350
836.160450
836.502350
836.514150
837.161600
837.467850
837.512800
838.396100
838.428800
838.535100
838.549600
838.565050
838.635750
838.643350
839.261450
839.265300
840.332200
840.874900
840.903900
840.910000
840.913000
840.943400
840.959700
843.058900
843.805200
843.995100
844.077350
844.094700
844.100750
846.185850
846.189650
847.694100
847.697700
847.700400
849.368150
849.372850
849.402650
849.453000
849.459350
850.205350
850.236200
850.531500
850.954750
851.739000
855.434550
855.680150
856.992000
857.011550
857.020800
857.032950
857.042500
857.046400
857.663750
857.669550
857.999600
858.028450
858.045300
858.632800
861.237350
861.249600
861.252550
861.262200
861.281400
861.293200
861.435500
861.446550
867.034850
868.345950
869.137350
869.969300
870.530500
871.654300
871.658200
876.703050
880.598500
888.977600
890.667800
891.613150
891.624550
893.421150
893.767150
893.839000
895.255100
895.305200
895.823750
895.844650
900.152650
900.160550
902.613550
902.616800
902.620700
902.624450
903.518550
903.530450
903.534100
903.544550
903.548250
903.558300
903.587200
906.260050
907.827450
910.692400
910.696200
910.747850
911.562350
911.678750
911.733200
914.108800
916.169100
916.889800
916.986850
918.605100
926.358000
926.364500
926.369750
926.376150
929.833850
931.176450
934.463000
935.443550
937.626950
937.632500
941.525200
941.533150
941.538400
942.557200
946.720250
946.744050
952.921350
960.158550
960.163850
964.602250
964.605850
964.620750
966.168450
968.117750
968.125500
969.139250
969.143150
971.306700
971.320050
971.325800
976.367700
976.379400
985.881400
985.886400
985.919100
985.921850
985.926100
985.931100
985.938400
988.607700
992.125450
995.290700
995.294400
995.297250
996.069150
996.075650
1000.581500
1000.617750
1000.625800
1001.624950
1001.665650
1001.671000
1001.815750
1016.380950
1016.387050
1017.074750
1017.134850
1017.139450
1017.163500
1017.183950
1018.686250
1018.702150
1018.814900
1019.543250
1019.551650
1019.735650
1020.956650
1021.540150
1021.573200
1021.897100
1022.226300
1022.234900
1022.801400
1023.890100
1023.892900
1024.524700
1024.550400
1025.511200
1025.543700
1026.167000
1026.176500
1029.626350
1029.629850
1029.653350
1029.661350
1029.853100
1029.857450
1030.016200
1034.633150
1034.661950
1036.868850
1039.365800
1039.385200
1039.733250
1040.858600
1041.765200
1042.676600
1042.901400
1043.024350
1043.043000
1043.046950
1043.155350
1043.435300
1047.719550
1047.722750
1047.725500
1047.914650
1047.977200
1047.982950
1047.988050
1048.313750
1048.459550
1048.695250
1048.952500
1048.967850
1049.040050
1049.066650
1049.166050
1049.168950
1049.175400
1049.216900
1049.272500
1049.280550
1049.307700
1049.368650
1049.372700
1049.387900
1049.422900
1049.478750
1049.500400
1049.558600
1049.678150
1049.692400
1049.780400
1049.795500
1049.929800
1049.942350
1050.090950
1050.122600
1050.195750
1050.228100
1050.264000
1050.517900
1050.524000
1050.549950
1050.563850
1050.627700
1050.631800
1050.694000
1050.872250
1050.972500
1051.603400
1051.730300
1051.749150
1053.344500
1053.398700
1053.402550
1053.419050
1053.422450
1053.432400
1053.439500
1053.476400
1053.545150
1053.597400
1053.602500
1054.921450
1055.254500
1055.260000
1055.351850
1055.357300
1055.367700
1055.373100
1055.380500
1055.410600
1055.433950
1055.555000
1055.574250
1055.593100
1055.611800
1055.627800
1055.633250
1055.704000
1055.863800
1055.884450
1056.413950
1056.453850
1056.463550
1056.759900
1056.907250
1057.164300
1057.182400
1057.202450
1057.570200
1057.637750
1057.679850
1057.685300
1057.747550
1057.752750
1057.763200
1059.786850
1059.815150
1059.821500
1059.930000
1059.945150
1059.966850
1059.974800
1059.995100
1060.010500
1060.023850
1060.045050
1060.063400
1060.081900
1060.323750
1060.360850
1060.555000
1061.815700
1061.821450
1061.849300
1062.054300
1062.672700
1062.675950
1062.936050
1062.942100
1063.281400
1066.920900
1067.173750
1067.422400
1067.434900
1067.438100
1067.934600
1068.413450
1068.436400
1069.227450
1069.327700
1069.355950
1069.362550
1069.996150
1071.323200
1073.071750
1073.105900
1073.109800
1073.119650
1073.124150
1073.413350
1073.419550
1073.422750
1073.450600
1073.574650
1073.580500
1073.702400
1074.284650
1074.321900
1074.546850
1074.575900
1074.593200
1075.764250
1076.006900
1076.013000
1076.071150
1076.533600
1076.659800
1076.678250
1076.786450
1077.157050
1077.331750
1077.925950
1077.928950
1077.966050
1077.968600
1077.981550
1079.266700
1079.275500
1079.279850
1079.308250
1079.320300
1079.327250
1079.503400
1080.421600
1080.449900
1080.460450
1080.470700
1080.474900
1081.605250
1081.674250
1081.679000
1081.687900
1081.693550
1082.278250
1082.323450
1082.326000
1084.021600
1084.025050
1084.037250
1084.044500
1084.050000
1084.060650
1084.138900
1084.155700
1084.170400
1084.249450
1084.259450
1084.286200
1086.289350
1086.298750
1086.312000
1086.314800
1087.401100
1088.215850
1088.219550
1092.003050
1092.007850
1093.075150
1093.080850
1093.100850
1093.118600
1093.182050
1093.229900
1093.271900
1093.326050
1093.338700
1093.342050
1096.154750
1096.782850
1097.400900
1097.423350
1097.426350
1097.466550
1099.022000
1099.636300
1099.658250
1099.663350
1099.684150
1099.708550
1100.318600
1102.708650
1102.711550
1102.714500
1102.734200
1102.737200
1102.765350
1102.777550
1103.701800
1103.712100
1103.715400
1103.728100
1107.401600
1107.418850
1108.946900
1109.010200
1109.446850
1109.654700
1109.669700
1109.723050
1112.359700
1112.363800
1113.243000
1113.247200
1113.249400
1113.255350
1113.264350
1113.279750
1113.794800
1113.835750
1113.838700
1114.470600
1114.496600
1114.501350
1116.173050
1116.182250
1116.486800
1116.491250
1117.118800
1117.133700
1117.136900
1117.142350
1117.166600
1117.210150
1118.394400
1118.976350
1120.443900
1121.047400
1121.052000
1121.057900
1121.323900
1121.327100
1121.333050
1124.393150
1127.623500
1127.928500
1129.324150
1129.432700
1129.445350
1129.468950
1131.131650
1131.148800
1132.892750
1133.389000
1133.579450
1133.603300
1133.969550
1133.992700
1133.998500
1134.027000
1134.588200
1134.829900
1134.834150
1135.106900
1136.597700
1138.565500
1139.074950
1139.083300
1139.086650
1139.528050
1140.093200
1140.466150
1142.822150
1142.825700
1142.831100
1142.877950
1142.898050
1145.355650
1145.360900
1146.135700
1150.571850
1151.429350
1151.441400
1153.074450
1153.078800
1155.098400
1155.108200
1155.117800
1159.478000
1159.484500
1159.822850
1162.059950
1162.107150
1165.434450
1166.481450
1166.682150
1166.689200
1166.845250
1167.975400
1167.995050
1168.055300
1168.064050
1168.778900
1169.166300
1169.203700
1170.672800
1172.309500
1172.354800
1173.033950
1173.046250
1173.050750
1173.057050
1173.060950
1173.065550
1173.102500
1173.108600
1173.113750
1173.936800
1174.421200
1174.424700
1174.444600
1174.456650
1175.028150
1175.038100
1175.313900
1175.677050
1175.685750
1175.711300
1175.718550
1175.723500
1176.550150
1176.553950
1176.570850
1179.136400
1180.405900
1180.699350
1180.711950
1180.929750
1182.352700
1182.360300
1182.365200
1186.574800
1190.077750
1190.083850
1190.086900
1190.093050
1190.105050
1191.375000
1191.401800
1195.101800
1197.122200
1197.138100
