30.885150
126.246050
161.270250
335.386850
335.399500
381.310700
381.342300
381.351150
381.358150
381.365750
381.371350
381.382500
381.390800
381.396250
381.402800
381.421700
381.443950
381.464550
381.475200
381.489950
381.679650
381.688150
381.693750
381.700550
381.708450
381.714550
381.721550
381.728200
381.734450
381.742150
381.749200
381.756100
381.764100
381.770900
381.777500
381.798200
381.815000
381.820050
381.827400
381.834000
381.841350
381.849550
381.854850
381.861900
381.869600
381.876550
381.882600
381.893100
381.901750
381.908500
381.914400
381.921450
381.931900
381.952250
381.965700
381.975550
381.987900
381.994850
382.010500
382.018250
382.027850
382.036500
382.080550
382.090500
382.097500
382.104100
382.112500
382.119500
382.127900
382.139050
382.148150
382.179150
382.214650
382.218750
382.225700
382.233350
382.246350
382.278650
382.336400
382.377050
382.382350
382.389200
382.398900
382.411000
382.423750
382.432850
382.442600
382.453100
382.467000
382.473500
382.491050
382.548650
382.584150
382.604350
382.667600
382.721600
382.727000
382.747650
382.752600
382.868300
382.880050
382.890050
382.897900
382.906400
382.916900
382.928100
382.935350
383.032350
383.424950
383.428950
383.434500
383.444800
383.572900
384.809500
384.834550
384.840700
384.845150
384.864200
384.882550
384.889100
384.893800
384.904250
384.915600
384.921150
384.929800
384.937600
384.942750
384.951100
384.961850
384.969650
384.980100
384.990950
385.001600
385.007850
385.016800
385.026450
385.034950
385.047400
385.054650
385.060650
385.067950
385.074500
385.080750
385.088250
385.095450
385.106850
385.117750
385.130900
385.173900
385.200850
385.209650
385.215350
385.228350
385.235500
385.241800
385.249250
385.255300
385.269400
385.295800
385.304300
385.315050
385.332800
385.341600
385.352050
385.377750
385.424600
385.451300
385.460350
385.499650
385.506550
385.513600
385.533900
385.593850
385.603850
385.630500
385.638350
385.663100
385.670100
385.721250
385.733600
385.768950
385.906600
385.994100
386.001800
386.008000
386.017950
386.023600
386.054950
386.061650
386.087550
386.093800
386.101000
386.111050
386.156800
386.164400
386.223800
386.237000
386.249350
386.257900
386.578050
386.595800
386.822800
386.834750
386.842800
386.985350
387.070600
387.081700
387.086950
387.092250
387.099600
387.106800
387.112750
387.141750
387.201550
387.210050
387.247000
387.260000
387.281300
387.290100
387.295350
387.334000
387.412400
387.419350
387.442300
387.463300
387.486200
387.563100
387.576450
387.594050
387.605550
387.610450
387.625650
387.636250
387.645050
387.712450
387.720200
387.727650
387.773800
387.781500
387.807300
387.863350
387.872150
387.879950
389.434400
389.438850
390.143450
390.982850
391.035750
391.192350
391.209800
391.215450
391.236250
391.241250
391.269800
391.287400
391.292100
391.299150
391.305700
391.380350
391.390600
391.398800
391.408950
391.424250
391.543950
391.654000
391.657050
391.724950
391.740900
391.775350
391.779950
391.784250
391.791200
391.805000
391.813350
391.820350
391.826950
391.841000
391.847900
391.862700
391.877400
391.885450
391.902650
391.934300
392.254800
392.939250
393.169750
393.188450
393.194600
393.304700
393.309400
393.319300
393.403050
393.413500
393.425250
393.447650
396.474050
396.477300
397.035750
397.134450
397.317650
397.326200
397.507350
397.650050
397.722600
397.728100
398.381600
400.288500
400.307050
401.569000
401.618400
401.622600
401.629650
401.659800
401.667950
401.674050
401.764550
401.771600
401.779450
401.786650
401.796500
401.862100
401.901200
405.278100
407.694450
407.716300
442.612800
442.617550
466.448000
466.816100
466.875400
466.881850
466.897350
466.904900
507.558000
507.562950
507.569500
507.586850
507.595150
507.619000
507.825950
507.833350
507.837800
507.843850
507.851850
507.862650
507.871800
507.887200
507.897750
507.928750
507.934950
507.955500
507.976550
507.986350
507.991050
508.000000
508.009200
508.021900
508.041550
508.046250
508.053300
508.064050
508.070650
508.077050
508.084950
508.090750
508.099400
508.105600
508.114450
508.125150
508.153750
508.325150
508.329750
508.333550
508.343350
508.471600
508.583150
508.589950
508.596900
508.602850
508.615300
508.625650
508.644550
508.652400
508.659000
508.670600
508.676100
508.686750
508.703650
508.709100
508.717450
508.743150
508.766750
508.777250
508.800650
508.830250
508.852800
508.859500
508.970300
508.990550
508.999250
509.009750
510.134600
510.190500
517.242750
517.275100
517.350250
517.359850
522.813450
522.843900
522.893550
522.900800
522.938800
522.946300
534.140900
622.473950
622.749650
622.761300
622.782750
622.790050
622.841150
622.876500
623.161600
623.214550
623.228600
623.233900
623.245350
623.253400
623.328500
623.345800
623.350600
623.357600
623.453900
623.507650
623.519700
623.541600
623.728700
623.774150
623.782150
623.809150
623.813600
623.836600
623.843400
623.847850
623.863700
623.875000
623.879000
623.886750
623.895750
623.988250
623.992050
624.000300
624.007850
624.015550
624.023150
624.038550
624.078800
624.083950
624.090300
624.120900
624.128400
624.136700
624.149100
624.155200
624.164950
624.184650
624.192650
624.216950
624.229300
624.240850
624.249100
624.255650
624.263050
624.275100
624.381600
624.415250
624.463250
624.471950
624.478500
624.505900
624.509950
624.519700
624.527050
624.532250
624.543650
624.552650
624.595750
624.602600
624.609550
624.617850
624.626750
624.632600
624.638800
624.651700
624.658800
624.664950
624.684500
624.691800
624.707500
624.723600
624.736300
624.752950
624.761500
624.773850
624.779750
624.790550
625.862800
625.869650
627.898850
628.480250
628.533450
628.536400
628.595300
630.096500
630.108950
630.155200
634.718550
634.735900
634.741500
634.745250
634.768050
634.772150
634.781050
634.786550
635.001450
635.006400
650.348550
651.183900
651.226650
652.846100
652.850300
652.865250
652.946600
652.956900
653.045300
653.054150
653.078400
653.094900
653.388250
653.397150
653.422000
653.435850
653.443050
653.470550
653.492650
653.502800
653.509800
653.518600
653.524800
653.551900
653.600000
653.612650
653.619000
653.634100
653.647050
653.795700
653.883850
653.897000
654.089800
654.093550
654.098800
654.109700
654.289000
654.298200
654.314600
654.326300
654.337750
654.343750
654.353400
654.370100
654.400650
654.406850
654.418800
654.428400
654.507400
654.519650
654.540500
654.546400
654.557700
654.570850
654.583450
654.606750
654.668700
654.686100
654.691450
655.354600
655.554300
655.613800
655.630750
655.640350
655.719250
655.744050
655.754500
655.759500
655.849650
655.874050
655.879050
655.883700
655.890800
655.900850
655.908150
655.972850
655.979350
655.995950
656.001350
656.007250
656.016500
656.040300
656.056700
656.257600
656.397950
656.423200
656.436950
656.440750
656.448300
656.456150
656.612300
656.640600
656.691750
656.697400
656.716850
656.725500
657.237450
657.242200
657.955150
658.165450
658.417350
658.481650
658.544100
658.587200
658.592350
658.925000
658.957750
658.962800
658.995500
658.999850
659.004850
659.020400
659.044250
659.048700
659.184650
659.194850
659.206550
659.212200
659.231750
659.273950
659.279300
659.292850
659.325450
659.419600
659.438600
659.532900
659.618650
659.789600
659.795700
659.828750
659.907600
659.926400
659.932900
660.004150
660.014450
660.045050
660.683150
660.693750
660.699450
660.710750
660.718500
664.976000
665.011000
665.041150
665.047650
665.074400
665.105000
665.599900
665.603200
665.607550
665.876150
666.155050
666.348900
666.353300
666.375350
666.391650
666.446900
666.452600
666.457850
666.531300
666.538450
666.544550
668.868950
668.901200
671.265300
673.050350
673.054050
673.057850
673.064550
673.070250
673.801600
673.807300
675.143800
675.149500
678.462700
678.466050
679.094600
692.216200
708.518050
708.592700
708.599300
708.654650
708.670000
708.680250
708.687100
708.698250
708.703850
708.717450
708.731300
708.743450
708.833500
708.927400
708.934800
708.944650
708.953050
708.972900
708.983500
708.988750
708.997750
709.009150
709.024250
709.030100
709.037550
709.069700
711.235650
713.542900
727.621050
727.953650
727.966300
728.021550
728.104600
728.111100
728.144050
728.191600
728.207450
739.218900
739.224450
739.231450
739.236750
739.242400
739.248100
739.257450
739.271050
740.810800
740.813700
743.367150
743.372500
743.376300
744.189200
748.173850
749.507850
756.146200
810.285100
810.304850
810.379700
810.384250
810.888250
810.979500
810.983350
811.002900
811.007850
811.031200
811.041650
811.170750
811.236150
811.256250
811.260200
811.266400
811.278400
811.284800
811.293650
811.304650
811.315800
811.323350
811.332900
811.356150
811.377450
811.385200
811.392950
811.398300
811.404850
811.415300
811.420850
811.432950
811.444150
811.595500
811.600700
811.679300
811.709850
812.250050
812.253550
812.260750
812.265700
812.273300
812.279500
812.298550
812.303250
812.319450
812.327850
812.359000
812.415350
812.465050
812.471550
812.483950
812.490850
812.570050
812.576050
812.582750
812.605650
812.611750
812.690200
812.697550
812.706300
812.710950
812.780750
812.793500
1043.050250
1043.053050
1049.180550
1049.287850
1049.396200
1049.430550
1049.482350
1049.513250
1049.537750
1049.785700
1049.800600
1049.814000
1049.819900
1050.201300
1050.205600
1050.238000
1050.258750
1050.635750
1050.641450
1050.698400
1053.426600
1055.360350
1055.643650
1055.658800
1055.720700
1055.728550
1055.750100
1055.888400
1055.892300
1057.185800
1057.189700
1057.193750
1057.208450
1057.214300
1059.978000
1059.982450
1060.071750
1060.093300
1077.971350
1077.986150
1077.997600
1117.147100
1117.149900
1117.170400
1173.118600
