31.953500
44.375150
74.883050
82.325600
83.773750
87.700050
94.968250
101.741300
101.746350
101.749300
191.136350
208.148550
208.918350
221.425000
222.085550
222.187500
223.191200
233.120450
235.997550
236.020750
253.355250
263.587450
337.111450
489.960050
801.742000
801.751200
801.769900
801.778650
801.784900
801.793700
801.801400
801.810750
801.818950
801.868800
801.898400
801.951450
802.008850
802.015500
802.030500
802.037700
802.044650
802.056200
802.066200
802.078150
947.981800
948.507650
962.172500
966.815300
989.503400
1021.108450
1031.070200
1161.538000
1168.559450
